34484750400018
34484999700020
34488520700011
34488827600039
34492330500058
34494598500010
34495294000015
34496378000020
34496405100017
34500602701616
34502589400014
34504129700028
34505083500023
34505382100012
34507672300021
34508059200016
34508617703071
34508617703147
34508617703352
34508617703386
34508617708005
34509686100033
34509827100025
34510673600043
34511583600016
34512528000015
34512871400036
34513048802427
34513048809299
34513048819298
34513048821682
34513048824280
34513048829925
34513843200017
34513956200036
34514339000010
34514839900016
34515073400027
34515343100019
34516325700024
34516787800023
34519655400025
34521128800013
34522195600013
34522201200022
34522244200039
34524607800025
34525508700057
34525508700123
34525875000040
34527675200010
34527964000048
34532016200018
34533606900017
34535162100031
34536600900073
34537242900026
34538176800026
34538889600036
34538927400019
34539488600021
34540613600043
34740016000011
34741383300018
34741658800023
34742966400035
34744517300029
34746354900035
34747070000035
34747471000022
34749091400012
34750286600010
34751258400041
34753124600028
34753192300022
34753233500010
34753804302028
34753804302291
34754921400018
34758200900028
34759028300011
34759582900016
34760789700019
34761037000053
34761105500026
34762482700023
34762538600011
34763305900014
34763993200016
34767994600017
34768631300060
34768941600019
34772795000094
34772990700019
34776505900030
34777365700015
34777533000025
34778514900019
34778986900026
34779531200029
34779696300044
34780414800042
34782339500012
34782971500015
34784198300021
34784249400036
34785039800020
34785130500016
34787237600012
34787394500054
34788182300194
34788946100013
34789723300016
34790453400026
34790503600054
34793337600019
34795735900016
34796376100015
34797458600013
34797858700017
34797961900017
34798061700018
34798941000035
34798991500017
34799299200011
34799853600036
34799926000073
34803180800028
34803347300052
34803471100013
34805686200033
34809261000024
34811024800039
34811246700017
34811677300014
34812749900039
34813416400014
34813833000017
34817258600011
34817342800023
34817917700038
34818625500041
34819000000011
34819141200041
34822460100057
34823056600021
34823385900019
34823503700028
34824137300029
34825336000054
34826823600034
34827772400020
34828105600054
34829461200018
34829584100020
34830107800047
34831733000051
34832666100017
34833038200014
34833080400017
34836037100010
34837352300052
34837916500015
34838704400012
34839404000011
34839730800035
34844203900015
34847067500011
34847782900025
34849918700014
34851959600145
34854104600010
34854600300016
34855901400025
34856607600017
34857044100017
34858129900032
34859620600030
34863371000044
34864508600011
34865280100013
34865387400027
34866757700020
34867416901520
34867416905216
34867416906255
34867817800016
34869028000030
34869617000037
34870666400037
34871031000023
34873263700015
34874247900010
34875097700012
34875274200018
34875836800032
34876271700026
34881004500016
34881110000018
34888649000039
34889963400011
34889986500011
34890832800027
34891549700021
34891642000022
34892972000053
34894246700047
34895984200017
34896996500063
34898598700042
34898659700014
34898797500011
34900357400036
34900623900017
34900870600021
34901262500076
34901971100010
34902278000010
34902582500028
34903351400010
34903746500029
34904848800010
