34482008900029
34482479200115
34482513800029
34484679500039
34485124100010
34485208200017
34486020000056
34486550600010
34486838500024
34487538000059
34488716100075
34488783100016
34489253400043
34490061800036
34491010400043
34493136500011
34493936800017
34494006900018
34494344400069
34495341900027
34498727600021
34499407400021
34500579700013
34502336000034
34505931500027
34506148500040
34506293900078
34506565000029
34507335700039
34507352200020
34507528700028
34508173100019
34508617705829
34508617707072
34508641700028
34508727400014
34510072100033
34512031500014
34513048800157
34513048803573
34513048809208
34513048811386
34513048819124
34513048821591
34513048826541
34513048827069
34515393600025
34515469400201
34516274700041
34517902200016
34518041800013
34518043400010
34518862700045
34519381700011
34520819300010
34521395300028
34521922400036
34522593200010
34522867000039
34523871100013
34525170600015
34526613400013
34527135700047
34527355100035
34529340100039
34533543400022
34534830400030
34535693500030
34537565300028
34739380300023
34740159800011
34740994800036
34743014200013
34743428400019
34744366500018
34746565000013
34747933900017
34748812400012
34749442900017
34749938600048
34749972500039
34750564600021
34750742800048
34753804300121
34753804302820
34755020400015
34755845400018
34756525100043
34757269500018
34758223100705
34758889900018
34761647600052
34763265500010
34765089700023
34767894800022
34769834200040
34769991000019
34770290400041
34770361300039
34770451200016
34771212700013
34772410600013
34774041700014
34774473200038
34776864000026
34777331900061
34777615500066
34777867200019
34778263300015
34779308500015
34779571800019
34779883700014
34780619200014
