34488417600019
34488453100015
34489141100011
34489749100033
34491421300048
34492410500028
34492607600011
34493061500044
34493551500017
34497978600029
34499382900045
34500602702085
34502201600017
34502734600021
34503941600895
34506134500012
34506825800036
34506891000032
34508617700333
34508617702743
34508617705316
34508617706397
34508617706876
34508617707015
34509989900014
34512151100017
34513048806055
34513048812004
34513048817607
34513048824777
34513048829966
34513048830147
34513229400017
34513276500032
34514163400013
34514539500033
34514667400014
34515758000019
34515776200047
34517506100018
34518088900031
34519963200034
34521414200027
34522654200024
34523292000024
34523885100058
34525345400028
34526020200014
34526372700025
34526676100013
34527210800019
34527265200024
34528492100029
34529807900020
34530764900078
34531096500040
34531186400010
34532875100036
34533498100015
34535932700029
34538294900039
34538548800100
34538912600011
34540151700015
34739292000018
34739546900021
34740062400016
34740230700040
34740722300119
34742495400027
34742846800024
34742870800031
34743121500016
34745168400075
34747625100017
34750842600066
34753183200041
34753249100029
34753804301103
34753838100042
34755039400014
34756974100023
34758623200014
34759544900013
34759819500241
34760506500023
34760690700025
34761052900039
34762171600054
34763485900016
34767327900019
34768912700038
34769574400016
34769781500020
34770255700021
34772139100014
34772296900016
34772412200044
34772957600020
34773135800011
34773778500019
34774874100027
34775654600094
34778153600011
34778435700019
34779357200038
34779480200020
34779797900023
34780529300011
34780732300030
34781776900040
34782203300010
34782332000028
34782393200012
34782402100013
34782843600027
34782926900013
34783399800052
34783935900010
34784628900028
34786089200012
34786684000015
34788557600012
34788994100014
34789768800060
34792657800084
34792671902643
34794597400017
34795430700018
34795497600010
34796251600014
34796252400018
34798306600015
34801258400028
34803030500075
34803386100025
34804434800558
34805419800026
34806069000024
34806832100135
34807234900023
34807377600018
34808578800019
34809994600017
34809998700193
34810028000034
34810032200018
34811254100068
34811376200010
34811569200041
34812176500021
34812396900019
34814258900020
34814263900015
34815885800020
34820416500016
34820771300358
34825038200028
34825177800026
34826720400025
34828384700013
34832483100158
34833060600016
34833283400012
34835647800019
34836017300010
34836522200010
34837843100012
34837978500010
34839655700020
34840486400053
34840625700025
34841220600016
34846467800039
34849205900129
34849684500010
34850064600016
34851819200029
34852882900016
34854139200026
34856628200037
34860081800028
34860946200018
34861935400015
34863276100014
34864602700022
34865389000023
34866575300011
34867149600019
34867416905208
34867664400035
34869678200088
34870893400016
34871153200013
34872207500010
34873751100033
34873977200047
34875253600014
34875746900013
34875932500015
34879227600019
34879445400028
34881107600069
34882226300029
34883695800028
34886168300020
34887061900031
34887640000022
34888006300014
34888922100019
34892412700031
34892919100024
34893917400028
34897327200019
34899116700027
34899716400028
34900782300017
34902126100020
34903148400018
34903753100010
34903838000045
34904124400022
34904927000086
34906112700032
34906159800026
34907748700016
34910304400070
34911193000013
34911238300071
34911390200036
34911619400029
34912145900045
34912258000013
34914096200045
34914951800053
34914987200021
34915644800038
34916207300010
34916412900026
34921053400013
34921366000013
34922208300058
34923298300040
34923606700014
34925182700011
34925505900017
34925925900019
34926041400017
34926780700015
34927142900251
34929527900047
34930142400017
34930887400032
34931054000027
34931544000017
34931626500017
34931942600012
34932554800031
34935370600014
34937927100027
34938032900012
34940218000039
34940283400023
34940707200017
34941349200027
34942055400025
34942573600031
34942639500050
34943092600049
34943451400015
34943614700012
34943796200062
34943970300043
34944562700012
34944917300013
34945094000011
34945234200026
34949617402407
34950240100012
34952384500015
34952567500089
34954012000129
34955724900027
34956697600016
34956730500017
34957456600015
34957598500032
34957689200062
34957799900023
34957922700035
34958662800035
34959210500010
34959474700017
34959675900028
34962036900299
34963611800029
34964117500063
34964846900022
34965506800014
34966060500016
34966512500036
34967798900031
34971445100045
34971767800057
34974093600027
34974232000014
34974925900017
34977631000014
34977893600030
34978581600019
34981229700035
34981242000058
34981929200070
34984017300067
34985652600026
34989866800018
34990004300028
34992522200037
34994835600044
34995032900178
34995419800033
34995727400112
34995779500025
34996090600056
34996465000072
34998573900011
34998655400039
34999202400019
35000092300028
35002282800023
35002358600018
35004426900032
35006406900031
