34487030800014
34488875500024
34489441500043
34490238200029
34494280000014
34495611500051
34497874700089
34498049500024
34498933000024
34499224300032
34499828100010
34499991700034
34500602701293
34501574700016
34502741100023
34503490400028
34503941600598
34505494400052
34505563600020
34508617700630
34508617705787
34509077300010
34509117700039
34509876800020
34509948500012
34511431800024
34511679200036
34513048818381
34513048819512
34513048822342
34513048823530
34513048824942
34513048828166
34513795400029
34514266500032
34514581700010
34515477700048
34518972400015
34520560300011
34523200300045
34523267200039
34523558400033
34523648300011
34523723400033
34524482600045
34525492400151
34526987200031
34527884000037
34529420100016
34529580200010
34529944000015
34530012300014
34530458800014
34532512000045
34533705900058
34535695000013
34537785700023
34538190900042
34539225200036
34539593300046
34540564100035
34540687000013
34738457000284
34738954600024
34743658600015
34748287900058
34748311700011
34748373700016
34749346200027
34750249400052
34750667700041
34751310300023
34751391300041
34751812800025
34751900100049
34753296200011
34753661700033
34753804300691
34754632700011
34757135800014
34757926000048
34758577000014
34758643000014
34758798200047
34760928100022
34761561900017
34762908100014
34763461000013
34765975700020
34766190200192
34766945900013
34766963200098
34767544900016
34770203700016
34773647200023
34774869100040
34776303900018
34777065300033
34778035500033
34779288900029
34780731500036
34781174700034
34784151200150
34786029800038
34787782100053
34789408100038
34790902000070
34791957300019
34792671902932
34793588400028
34794343300024
34795196400035
34796152600063
34797215000036
34797641700019
34798160700026
34799741300047
34801271700032
34802678200030
34802694900035
34806587100033
34807100200060
34807868400019
34809854200023
34809998700144
34812254000019
34814244900019
34814896600032
34815849400016
34818700600047
34818839200016
34818978800030
34821518700033
34824675200052
34824853500026
34824967300016
34825473100048
34827000000063
34827486100015
34828188200020
34830829700020
34832050800065
34834029000017
34834250200013
34835377200018
34835480400018
34835903500014
34838004900018
34838444700010
34838446200027
34839438800055
34841089500026
34841774200023
34842076100028
34842201500019
34842482100018
34842968900014
34843632000033
34843935700149
34844264100034
34844471200155
34844649300010
34844997600037
34845223600030
34847863700013
34849225700020
34851136100035
34854150900017
34856092100010
34856735500014
34858117400037
34858559700084
34859155300030
34859852500049
34859863200019
34860836500030
34861307600010
34863385000014
34864379200032
34865422900015
34866041600028
34867416905299
34867698200013
34868318600012
34869865500050
34870671400022
34870713400014
34872206700025
34873380900019
34873449200013
34873550700033
34875318700023
34875990300027
34876100800021
34876150300021
34876902700049
34877046200011
34879032000389
34879032000447
34879485000019
34879643400010
34881252000024
34882180200025
34882426900016
34884371500023
34884642900028
34884949800020
34886378800017
34887286200027
34887727500019
34888373700028
34888989000011
34890141400014
34890253700045
34890759300019
34891094400027
34893452200031
34893693100024
34894229300021
34894806800021
34894809200013
34895350600014
34895688900037
34897434600028
34898931000019
34901515600038
