34482799300017
34483622600045
34483742200015
34484499800072
34485453400023
34485707300029
34486596900028
34488398800026
34488838300017
34489030600030
34492281000017
34495219700012
34495582800019
34497852300027
34497914100019
34500412100017
34504538900045
34504919100025
34506268100019
34508074100035
34508617702024
34508617703675
34508617704954
34508617705555
34508617707023
34508617707668
34508683900049
34509112800016
34511704800032
34511834300028
34513048801627
34513048815650
34513048824165
34513048830832
34513051200014
34513051201681
34513051202986
34514569200025
34517423900011
34518352900014
34520322800019
34520440800016
34520828400017
34525508700073
34525943600011
34525983200011
34526042600027
34528423600014
34528802100040
34531426400036
34531466000019
34532902300039
34533282900026
34534182000016
34534483200034
34534492300015
34536438400023
34537748500031
34540474300022
34540872800037
34708010300067
34738036200033
34740418800067
34742585200022
34746118800083
34749178900025
34749317300012
34750369000013
34750470600016
34753804301681
34757953400020
34758223100234
34758695000037
34764476700050
34765502900010
34766061500027
34766316300017
34768875600019
34769121400014
34769267500015
34771521100038
34772979000019
34777223800015
34777438200027
34778885300062
34779391100012
34780600200635
34783585200042
34783627200067
34785743500023
34786222900056
34786269000018
34791229700020
34792671901108
34792972100020
34793618900013
34794347400010
34794916600057
34795955300038
34797433900017
34797539300013
34797791000012
34797997300018
34798394200017
34799063200015
34799716500019
34800308800013
34800777400022
34803180800010
34805714200013
34809332900020
34809777500020
34813857900019
34815210900032
34815857700026
34816293400023
34816767700015
34816909500026
34818678400024
34819303800026
34819821900035
34820104700027
34820717600010
34822977400032
34823022800010
34823697700016
34823825400026
34824430200108
34824511900014
34828271600045
34829262400031
34830254800014
34833067100028
34833699100057
34834032400048
34835430900034
34837032100021
34837464600027
34838163300018
34838536000014
34839277000015
34839577300016
34839714200012
34841862500011
34842050600035
34842146200048
34842757600015
34842830100033
34843853200031
34844410000021
34844471200130
34844603000010
34844963800017
34845765600026
34845857100018
34846846300040
34848171400015
34848406400012
34849728000019
34850128900022
34852703700025
34853530300013
34853869500043
34855200100011
34859152000039
34859228800040
34861576600014
34861950300074
34862178000017
34864437800013
34864867600024
34867063900015
34867416904649
34869938000021
34872874200027
34874811200011
34875264300018
34875666900043
34876226100017
34877382100015
34880763700031
34882854200012
34883780800016
34883835000026
34883934100065
34883935800010
34884391300032
34886293900025
34886508000041
34886965200068
34888471900082
34889596200028
34890564700015
34890817900016
34890874000064
34891132200017
34891252800018
34891898800059
34893638600989
34893638600997
34893703800019
34894025500261
34896400800026
34897043500049
34897270400012
34897711700053
34899155501732
34899155501757
34899706500043
34900668400048
34905050000017
34905449400019
34905812300051
34907672900046
34910082600016
34912332300041
34912386900035
34914192900027
34921127600036
34921129200025
34922126700025
34922221600021
34926099200012
34926567800038
34926882100023
34928840700027
34931030000018
34931458300015
34931714900038
34932466500018
34935077700042
34936124600011
34936192300015
34936707800079
34937220100021
34937611100036
34939672100012
34942740100105
34943274000018
34945647500020
34945661600029
34948074900010
34949617401375
34949617401672
34950522200019
34950799600016
34951236800029
34953325700060
34953468500020
34955085500069
34955926000147
34957250300010
34958168600020
34958929100021
34959006700014
34959553800019
34959808600024
34960302700013
34960467800053
34962036900240
34965308900038
34966353400015
34967528000110
34968691500027
34969643500024
34971681100014
34971754600023
34972514300011
34975664300038
34976114800023
34976339100027
34976964600010
34977912400032
34978437100016
34979406500020
34979781100107
34980111800036
34981270100036
34981352700042
34982373200079
34983209700019
34983737700010
34983860700019
34984600600055
34984808500024
34985618700019
34986376100020
34989747000028
34990529900013
34992094200019
34992790500019
34993297000016
34993447100013
34994196300010
34994514700016
34994606100026
34995662300020
34995884300014
34996025200055
34998526700039
34999011900035
35002840300011
35002902100010
35003179500015
35003679400013
35004176000041
35004363400012
35004482200012
35004595100018
35006171900018
35007060300021
35007438100012
35008119600031
35008122000021
35008468700051
35008736700016
35008762300020
35010611800010
35010837900024
35012208100010
35013481300012
35014571000017
35014934000019
35015629500023
35016363000014
35018045100014
35018113700018
35022419200046
35023022300041
35023600600010
35025442100091
35025520400017
35026231700026
35028072300023
35029115900019
35029163900010
35031962000026
35032469500021
35034164000018
35034626800013
35036183800096
35036646400021
35036907000064
35037925103021
35041095700020
35042264800054
35042555900019
35043008800012
35044402200064
35044872600058
35046630600015
35047176900058
35047538000050
35047697400026
35048461400036
35049428200022
35051986400036
35051987200153
35054677600013
35054977000039
35056070200010
35058499100029
35059331500012
35059937900012
35060344500031
35061046500014
35061411100010
35062998600547
35064980200013
35066772100012
35067478400011
35068730700040
35069156400016
35070358300012
35070882200035
35073604700019
35074438900015
35077171300012
35077718100024
35079055600012
35079161200822
35079484800043
35080034800038
35080325000058
35080796200013
35081463800028
35082098100024
35082102100036
35082625100026
35083533600016
35083744900023
35083868600052
35083986600018
35086601800038
35086753700010
35088155300019
35089406900011
35089657700011
35089863100022
35091266300027
35091579900026
35092605100029
35093050900012
35093141600076
35093399000029
35094258700030
35094459100014
35094536600010
35096530700019
35097160200015
35097899500016
35098347400056
35099629400012
35099681500014
35100357900049
35102193600064
35103828600024
35104240300011
35106387000049
35106760800015
35108748100013
35109538500016
35110227200017
35111107500047
35111322000021
35113642900047
35113647800028
35114713700027
35114941400010
35115395200012
35115990000015
35116104700029
35117966800014
35120240300017
35121197400016
35121583500049
35127834600025
35129051500144
35130357300031
35130602200085
35131056000013
35131445500020
35131920700020
35132393600010
35132565900024
35132573300233
35136349400045
35137169500047
35140519600012
35142058300012
35143552400126
35144208200175
35144208202924
35144208204730
35144208206222
35144208207089
35146922600044
35147108100015
35147222000026
35147263400010
35147424200010
35147744300011
35148220300095
35148238500025
35150754600031
35151020100038
35151303100028
35151436900039
35151448400010
35152095200018
35152711400067
35152876500057
35154695700082
35154820100018
35154967000021
35156120400014
35156697100062
35156938900031
35157560000017
35159039300051
35159667100013
35160800500010
35161585100018
35162422600046
35163000900162
35163938000010
35166415600012
35167207600020
35167282900014
35168210900019
35168457600025
35169066400013
35173417300047
35175248000126
35175512900019
35176185300040
35178368300011
35178539900053
35178698300012
35179061300019
35179690900015
35181250800023
35182113700020
35183740601425
35185941800045
35186659500025
35187317900011
35187633900059
35187704800014
35188170100012
35188292300094
35188367300037
35189052000049
35189104900048
35189639400019
35190080800020
35191316500012
35192122600012
35192382600025
35192487300018
35195580200019
35196999300010
35197982800016
35198387900047
35198430700014
35199653300011
35201688500035
35201828700016
35202083800012
35202172900012
35203529900028
35204277400013
35204354100023
35205248400016
35206110500032
35207067600023
35207299500025
35207349800011
35207414000141
35208243200019
35208782900011
35209813100134
35209904800055
35209904800147
35211692500020
35211699000016
35212239400047
35213226000014
35213584200024
35215004900042
35215640000025
35216057600026
35216124400020
35216811600015
35217705900024
35218169700017
35219300701591
35219465800048
35222199800037
35222258200012
35226868400037
35227355100015
35227751100015
35229063900033
35229072000015
35229600800019
35230453900021
35231900800012
35232160800023
35233609300013
35234306500012
35234494900016
35234801500053
35236878100055
35237894700019
35238375600017
35240119400027
35240434700028
35240484200010
35240526000055
35241047600027
35241864400022
35242557300016
35242870000020
35243615800039
35243963200022
35244441800029
35244987000018
35245480500016
35247807700014
35248334100082
35248334104316
35248612000012
35248969400021
35253088500016
35253392100362
35254582600013
35255144400057
35255428100027
35255580900024
35255707800016
35256172400019
35258303300019
35260414400027
35261052100044
35262079300021
35262346600021
35262762400013
35265330700012
35266473400014
35267545800017
35268045800028
35268734700026
35270020700017
35270327600019
35270623800123
35271374700017
35271474500044
35272042900013
35272986700031
35273057600043
35273941101885
35274071600019
35274701800203
35274701800567
35275114300269
35275250500060
35275379200014
35275469100017
35276534100016
35276550700012
35276707300047
35277011900043
35278691700018
35279292300067
35279628800012
35279934001248
35279934001479
35279934001511
35281180600012
35281260600056
35281926200028
35282565700021
35282770300047
35285130700012
35285709800037
35286704800014
35287618900031
35287951400011
35290985700018
35292456700014
35293477200026
35294078700018
35294131400036
35294620600047
35296449800013
35297080000038
35298280500041
35298676400020
35300310600013
35300365000036
35302127200029
35302525700042
35304751700035
35304801000014
35305652600018
35306350600037
35307111100010
35309187900059
35309320600012
35310519000022
35312617000011
35313259000020
35313301000036
35314309200024
35315026100389
35315676300057
35317201800015
35318828700034
35319747800020
35321143600012
35321701100017
35322305000017
35323336400010
35323868600029
35324649900019
35324660600019
35325674600010
35325872600010
35326404700013
35327677700011
35327754400030
35327775900018
35328349200042
35328787300031
35330725900013
35330848900015
35331550000010
35334316300013
35334722200104
35338955400125
35339588200015
35340247200024
35340445200156
35341623300032
35342027600019
35342057300019
35343139800018
35344523200021
35347152700013
35347724300011
35347945400020
35348144300011
35348348000011
35348367000041
35349731600037
35350895500112
35351133000014
35351253600049
35352251900027
35352559500024
35353375500016
35353390400028
35354589000256
35354589003193
35355289600022
35355951100012
35356018800107
35356968400015
35357307400013
35357993100042
35358660500027
35359377500011
35360690800039
35360827600021
35361714500035
35362726800025
35362749000017
35363000700014
35364034500032
35365301700015
35365588900023
35366306500061
35366355200068
35367574700029
35368717100010
35369212200016
35369381500014
35371304300019
35371316700016
35371411600012
35371807500040
35373147400022
35373150800027
35373417100021
35374768600015
35375512700027
35375818800018
35376614000027
35376635500013
35377581000057
35377621400051
35378392100128
35382102800563
35382103600012
35382778500018
35383183700029
35383417900015
35383569700049
35383636400011
35384311300013
35384356800026
35384751000016
35385081100038
35388031300039
35389571700042
35392537300014
35393070400021
35393305400028
35396183200022
35397928900017
35398907200015
35402328500019
35402945600010
35403357300016
35404465300047
35404815900074
35406125100048
35407823000027
35408944300015
35580150700011
35600000005277
35600000006109
35600000010479
35600000011031
35600000012030
35600000016400
35600000017198
35600000019461
35600000023551
35600000024767
35600000024893
35600000026229
35600000030535
35600000033582
35600000035701
35600000038361
35600000041173
35600000047451
35600000048027
35600000048590
35600000049701
35600000049913
35600000051145
35600000053931
35600000054192
35600000056249
35600000060401
35600000060979
35600000061716
35600000064619
35600000070022
35600000070176
35650030600127
35720005400108
35720049200043
36810116800046
37020020600057
37170095600019
37210292100056
37545006100011
37749350700018
37750289300029
37750696900015
37750955900011
37752096000024
37752265100019
37753329402946
37753329403456
37753969700013
37754596700012
37755113000018
37755482900012
37756808400018
37759146600018
37760506800024
37760676900018
37761815200013
37762127100016
37762398800054
37762398800062
37763465400018
37763656800059
37763833300015
37764686400043
37765254000032
37767391801447
37769369200016
37769901200011
37772866200026
37774148300012
37775685300091
37775745500011
37776253900023
37777080500010
37781538600059
37781863800027
37782027900018
37782046900015
37782552600017
37783357900024
37783966700674
37783966701151
37784194500019
37784317200034
37785810500010
37788306100014
37790554200017
37790676300018
37791069000041
37791974100027
37792490700043
37792715700026
37793789100010
37794721300015
37795563800012
37795799800026
37798649200017
37798870400104
37798928000021
37799141900013
37800213300031
37801108400019
37802917700029
37803149600029
37803544800034
37804049700091
37804868000037
37805897800016
37806779700019
37808417200014
37808830600014
37809605100073
37810021800031
37812087700014
37812142000012
37812436600022
37812612200027
37812962100017
37813703800030
37814646800046
37815468600059
37816705000053
37817412200010
37818580500017
37819780000048
37820088500044
37820581900048
37821838200026
37824425501020
37825493200049
37825659800079
37825847900039
37826497200019
37827451800018
37827867500061
37829050600013
37831902400014
37832208500010
37833485800032
37834754600012
37835210800013
37835592900027
37835633100074
37835758600031
37839981000019
37840354700011
37840982500015
37841589700032
37842235600014
37842300800010
37842304000039
37842659700035
37844373300019
37844731200018
37845859000049
37845924200012
37846028100777
37846199000046
37847105600010
37847151000057
37848026300011
37848057800012
37848444800022
37849526100034
37850207400024
37850626500032
37850712300032
37851374100017
37853041400010
37856109600017
37856171600010
37856331600025
37856442100014
37856599800010
37856653300493
37858402300022
37858932900010
37860802000012
37861070300407
37861070300852
37863650000027
37864467800062
37864637600053
37866230800022
37866492400016
37867056600017
37867129100011
37868070600025
37868555600029
37870063700010
37870988500016
37876793300013
37877629800010
37878353400035
37878590100018
37880945300046
37881657300018
37881821500048
37883185300015
37884335300046
37885005100020
37885171100010
37885275000033
37887080200048
37887217000014
37888425800013
37888823400994
37888879600240
37889063600020
37889701100011
37889946200055
37892222300011
37894503400015
37895371500018
37895377200019
37896634500027
37897047900028
37897178200016
37899219200039
37899761300062
37899836300089
37900461700021
37900667900011
37900688500014
37901051500029
37901271900058
37902378100048
37902517400010
37903197400015
37903262600010
37903435800026
37905338200055
37906029600033
37906811700017
37906882800019
37908056700025
37908340500017
37908608500071
37909054100010
37910645300044
37910936600029
37911064600021
37911312900025
37912001700015
37913315000019
37913676500011
37913963700027
37915642500017
37916987300013
37917301600039
37918201700036
37918287600068
37919067100089
37920204700021
37921112100015
37922991700024
37923000600015
37923510400013
37924097100026
37926586100029
37927680100014
37928466400040
37928786500032
37933059000017
37934727100015
37936889700011
37937905000014
37938452200049
37940631700022
37941113500013
37941565600071
37942920200037
37945130500047
37945567800019
37945924100012
37948035300018
37948755600035
37951431800011
37951873100011
37953956200015
37954307700018
37954871200015
37958527600015
37958950000014
37959802200018
37961190800029
37961277300018
37961432400026
37961683200083
37962138600018
37962249100023
37964202800029
37966027700029
37966542500011
37966834600024
37967915200023
37968650400018
37969078700039
37970081800014
37970527000047
37971130200016
37972149100015
37972286100018
37972354700111
37974776900014
37974921100015
37975841000011
37976015000019
37979722800044
37980631800018
37980941100018
37982121800011
37983490603697
37984752800039
37986797100010
37987536200012
37987800200029
37990675303035
37990912000014
37992440000037
37993028200023
37993082900013
37993379900015
37993413600019
37994369900015
37995016500058
37995635200064
37997094000019
37998557500024
37998610200026
37999689500015
38002666600012
38004113700023
38004350500011
38004795100039
38006613400012
38006793400022
38007870900025
38008110900023
38009384900012
38010210300013
38010731800020
38011651700034
38012986601764
38012986602317
38012986609924
38012986615251
38012986616119
38012986631415
38012986632736
38012986648823
38013690300016
38013891700055
38014391700082
38015320500162
38016895500025
38017429200017
38017688300037
38019802800058
38020116000013
38020349700017
38020746400013
38023131600916
38024257800033
38025064700019
38026121400015
38026491100013
38027076900025
38028445500033
38029507100027
38029524600033
38029568300029
38029659000041
38032610800012
38033097700014
38033242900014
38035044700013
38036118800010
38037587300011
38037919800035
38038692000025
38039111000034
38039160700047
38039866900016
38039869300016
38040826000012
38041411000029
38042909200022
38045103900016
38045436300017
38045950300013
38046129300017
38046523700036
38050421700015
38051236800024
38053887600018
38055427900048
38055806400057
38056016900035
38058002700064
38059086900018
38059300400076
38061885000016
38062233202395
38062233203245
38062233205091
38062233207790
38062233208061
38062537600013
38063479000014
38064609100039
38065400400015
38066333600010
38067298000022
38067361600013
38067456400014
38067874800027
38068110600015
38068476100055
38068484500015
38069208700014
38070431200012
38074147000054
38074208000019
38077044600017
38078406600041
38078409000017
38079451101455
38080312200023
38081258600028
38083156000061
38088257100025
38088381900019
38092597400012
38093199800021
38094157500041
38094284700019
38097539100018
38097789200013
38098118300011
38098325400026
38098730500014
38099225500030
38099568800070
38099607400023
38101801900012
38101896900075
38102342300019
38102724200043
38104368600215
38104368600660
38105470900062
38106310600011
38106322100018
38107088700041
38107440000015
38108108200038
38109368100025
38113258800017
38113999700047
38114164700010
38116298100025
38116488800012
38116848300026
38117636100024
38117689000048
38118578400034
38118628700011
38118738400015
38119346500022
38120143300038
38121079800017
38121282800077
38122225600012
38123158800017
38123661100020
38124048000040
38125201400018
38125297200025
38125484600037
38125885400037
38125928200030
38126265800010
38127955300014
38129928800047
38130070600045
38130483100013
38130977200022
38133051300015
38134106400057
38134408400037
38136350600050
38137981700020
38139791800016
38141678300011
38143114700010
38144011400043
38144336500105
38147110100018
38147593800019
38147862700031
38148076300014
38148277700020
38148367600049
38149048100029
38149814600020
38150174100056
38151402500026
38153081500012
38153473400045
38153863600014
38154565600021
38155916000076
38156317000038
38157214800017
38157493800027
38157974700043
38159488600016
38161146600016
38162026900021
38162547400063
38162606800054
38163128200039
38165574500010
38165706300016
38165906900011
38166354100013
38166672600017
38166743500014
38167189000014
38168460400022
38169939600010
38171519200047
38173284100014
38173765900015
38174318600037
38176015600012
38177218500017
38177565900018
38178118600014
38178307500017
38178323200022
38178570800011
38178577300015
38179817200080
38179952700035
38180429300011
38181493800019
38181665100016
38181749300038
38182534800018
38183650100068
38184087500029
38184590800015
38185337300029
38186392700814
38187167200014
38187267000017
38187324900084
38187432000025
38187775200109
38188412100058
38190427500033
38190925800018
38191340900060
38191928100018
38193663200011
38193867900069
38194502100024
38195386800019
38195758800019
38196049100482
38196049100987
38197035900026
38197467400032
38197776800070
38198012700017
38199182700035
38199621400478
38200290500018
38200482800010
38201987500030
38202726600016
38204067300024
38205634900030
38205960800010
38206371700260
38206949000011
38207692500033
38207995200034
38208008300019
38208216200019
38208376400011
38208922500017
38209589100018
38210335600012
38210582300118
38210964300017
38211815600019
38211895800042
38213198500030
38213409600033
38214190100274
38215434200036
38216831800048
38218102200015
38218225100027
38218847200015
38219734100011
38220250500014
38220766000012
38222561300027
38222647000013
38224654400037
38225658400014
38225884600015
38227381100010
38227542800011
38228157400022
38228159001414
38228526001220
38228769600027
38229735600141
38229832100011
38230720500023
38230892200014
38231042300035
38232345900034
38232551200012
38232967000055
38236186300014
38237030200012
38237308200025
38239277700035
38239410400030
38239643000011
38240313700021
38240326900014
38240781500044
38244117800011
38244569000011
38245011200026
38245543400037
38245559000051
38246089700012
38246651400017
38247272800015
38247320500013
38248182800061
38248272700015
38249717000011
38252859400049
38257438200018
38258088400049
38258325000032
38258451400022
38258982800047
38259275600029
38260721600035
38261639900012
38262063100020
38262564800011
38263134900018
38263641300017
38265057000015
38265080200376
38265080201846
38266782200011
38269816500018
38272950700014
38274073600030
38275375400029
38275730000019
38276762200014
38278068200037
38280223900030
38281381400029
38282561000019
38282859800013
38284265600011
38284833100015
38284936200019
38286956800024
38287903900016
38287989800015
38290094201517
38290409200014
38290479500012
38290584200011
