34484047500018
34484710800026
34486691800016
34487010000122
34487750100017
34488204800103
34488424200019
34489057900024
34489778000021
34491118500025
34493567100042
34495296500012
34496046300018
34497851500015
34498363000015
34499239100021
34501323900016
34502098600120
34502714800013
34502902900039
34505594100081
34506286300039
34507525300020
34508331500027
34508610200026
34508617703535
34508756300010
34512067900039
34512602300034
34513048802476
34513048804001
34513048805347
34513048808002
34513048810792
34513048813267
34513048813622
34513048818878
34513048830352
34513048830378
34513880400017
34516060000028
34517310800050
34519829500023
34520214700053
34521230200011
34524081600016
34524758900046
34525212600015
34526089700045
34527141500019
34528844300020
34529812900023
34530555100045
34533010400026
34536969800054
34537057100035
34538363200014
34539340900080
34540381000012
34698018800020
34702016600018
34738457002629
34738983500013
34739970100031
34740152300019
34740944300038
34741042500065
34741400500111
34743206400025
34746746600046
34751730200019
34751821900030
34751859900035
34753637700034
34753788800013
34753973600046
34756059100013
34756488200038
34756880000044
34758351000016
34758958200027
34759007700041
34759647000018
34759918500019
34762459500018
34764708300026
34765431100013
34765599500020
34765786800043
34766607500028
34767895500019
34768945700039
34770488400019
34770535200016
34771550000067
34772182100044
34772561600028
34773513600017
34776472200018
34778067800020
34778084300012
34780834700012
34785466300015
34785717900084
34788593100019
34788840600019
34788857000038
34788863800033
34789693800011
34791675100048
34793823500020
34794854900014
34796097300100
34798959200022
34799678700011
34800494600011
34801839100071
34802220300064
34803082600021
34803962900012
34804171600021
34805747200048
34807182000016
34808947500092
34810368000040
34811576700025
34812392800015
34813802500039
34815261200019
34819871400019
34820771300390
34821135000031
34821553400010
34821698700035
34823066500047
34824077100025
34828204700037
34829099000012
34832961600034
34833284200023
34834063900049
34834214800015
34834429200019
34837831600031
34838313400023
34840583800049
34840941800038
34841550600560
34841800500032
34843962100049
34847147500015
34849604300079
34850687400042
34853656600022
34854704300011
34855942800027
34857400500024
34857643000048
34861411600021
34862088100030
34862942900039
34863116900052
34866603300033
34866880700012
34867425000017
34868612200014
34869062900012
34870192100010
34870305900017
34870671400030
34871379300084
34871975800032
34873330400011
34873838600070
34873920200011
34875698200032
34875866500031
34876875500012
34877387000020
34878733400013
34879590700081
34879813300016
34880371900015
34880800700093
34881886500027
34882053100047
34884044800040
34884333500020
34885602200036
34888406500015
34889380100012
34889802400016
34891880600012
34892175000017
34892631200011
34892892000019
34893365600012
34894142800016
34894410900019
34896267100015
34896523700012
34900444000013
34902593200014
34904977500027
