34482756300018
34482899100010
34484499800122
34486328700092
34486333700020
34487158700020
34487577800062
34488831800054
34490732400042
34490988200013
34491174800012
34494076200083
34495256900012
34495496100035
34499042900039
34499924800026
34500972400013
34502424400013
34503104100014
34504118000091
34504360800032
34506194900011
34506308500012
34507188000032
34507455300024
34508139200010
34508414900011
34508617707791
34510156200022
34511378100024
34511773300039
34512418400010
34512644500039
34513048823944
34513048826376
34513048828141
34513051202085
34514232700021
34515123700038
34517396700026
34518073100027
34518270300016
34518799100012
34518979900025
34519307200021
34519718000028
34519758600026
34520391300024
34521793900015
34523327400025
34523432200021
34523809100044
34523839800092
34524883500018
34528048100010
34528541500039
34528993800028
34530255800043
34530688000286
34531237500016
34533541800017
34533764600060
34534252100050
34535118300438
34536772600014
34536846800038
34538230300021
34539596600020
34605002400667
34738457001753
34738821700056
34739953700013
34742388100049
34742453300029
34743560400017
34744438200019
34745236900023
34745918200015
34746190700011
34746589000031
34747634300038
34747807500026
34748025300017
34748026100044
34749206800098
34749969100041
34749997200045
34750904400017
34751444000028
34752219500010
34758117500036
34758998800034
34760411800013
34760480300036
34761444800020
34761653400017
34763319000033
34764769500035
34765319800056
34765745400018
34766065600013
34766951700026
34768373200015
34768815200011
34769993600014
34770171600024
34773087100048
34774189400013
34777242800020
34781326300055
34781540900011
34785526400029
34787635100094
34787727600027
34790438500015
34791406100028
34791620700017
34791865800019
34792671901074
34792814500015
34793092700012
34794904200019
34795372100029
34795995900011
34798827100024
34799746200036
34799913800022
34800156100037
34802193200010
34804188000017
34804820800022
34805526000049
34807658900020
34807873400038
34809318800012
34812048600017
34812354800011
34813080800028
34815325500016
34816507700036
34817771800015
34818569500015
34819828400013
34822591300014
34823825400018
34824480700031
34824906100022
34824985500019
34825059800029
34826737800027
34827959700010
34828780600064
34829247500038
34829424000042
34829607000017
34829866200076
34830381900026
34831006100042
34831543300022
34832772700023
34832792500015
34832885700035
34833281800031
34834801200017
34835587600015
34838344900041
34841372500022
34842157900031
34843955500015
34844320100010
34846088200023
34847627600020
34848460100060
34848495700017
34848683800033
34849974000101
34850935700011
34851504000023
34855915400029
34856255400033
34857556400011
34858814600012
34862566600022
34862602900014
34865684400043
34865858400027
34866720500028
34867416901108
34870293700023
34872210900025
34872331300030
34873748700010
34873929300010
34875350000043
34876784900022
34877201300010
34877915800016
34878024800012
34878376200035
34879148400044
34879234200019
34879372000015
34880797500027
34880831200022
34881384100031
34881812100041
34881938400036
34882661100017
34883041500025
34883175100055
34883688300051
34886672400019
34886685600019
34887896800018
34888009700038
34888634200024
34889641600016
34889982400018
34890119000036
34890744500012
34891554700023
34891881400016
34892347500019
34892861500023
34895763000034
34896068300038
34898303200023
34899155500387
34899951700025
34901566900048
34901765700033
34901937200037
34902988400039
