34484374300107
34484374300354
34487010000148
34494567000026
34495072000039
34498885200010
34499373800022
34499607900044
34499667300028
34501073000082
34502797300014
34504425900033
34504796300029
34505065200022
34505404300012
34506982700052
34508554200016
34508908000039
34509834700023
34509873500011
34509898200019
34511745100012
34513048819355
34513048823217
34513048825568
34513048826699
34513048827598
34513051201806
34513051202267
34517201900019
34517542600047
34517880000057
34521351600015
34521822600032
34524051900016
34526840300028
34527953300011
34529770900023
34531620200034
34534839500020
34535558000019
34536038200013
34537875600026
34738457001134
34738457001894
34739285400019
34741380900042
34744631200022
34748073300034
34750964800031
34751143800017
34751356600021
34753122000015
34753521300016
34753569200029
34753804300428
34753804303034
34756504600013
34757022800028
34759404600059
34760707900030
34760865500010
34763263000021
34764238100011
34764933700024
34766756000010
34766846900013
34766904600042
34767674400035
34768646100018
34768927500027
34769694000027
34769970400016
34770700200080
34770846300018
34770945300018
34771188900027
34773235600022
34774979800026
34776538000022
34776599200024
34779504900019
34779945400025
34780795000048
34781342000010
34782651300017
34782853500026
34784088600035
34785057000024
34785475400012
34785524900020
34786198100046
34786717800068
34787768000012
34788591500038
34788890100027
34789504700046
34791542300037
34792671900951
34793994400034
34794534700016
34795829000079
34796018900020
34796363900039
34796696200024
34797546800013
34798144100020
34800399700023
34800927500028
34802171800013
34803030500067
34805194700011
34806472600014
34810131200018
34811870400017
34811935500017
34813689600019
34815227300028
34815231500027
34815562300351
34816321300096
34818494600013
34820117900010
34820133600016
34820978400019
34821626800030
34829439800014
34830009600057
34830165600024
34830671300010
34835086900023
34836814300023
34837249100012
34837741700038
34839548400077
34840941800046
34842272600029
34844150200047
34846797800014
34847168100026
34847314100029
34848092200015
34851359900020
34851685700011
34852092500036
34852852200017
34854237400023
34854822300042
34855258900049
34856331300017
34857013600013
34859637000018
34860741701145
34860931400029
34861529500014
34863481700020
34863537600018
34864805600029
34865267800015
34867005000031
34867246000014
34867416901926
34867416906289
34868724500012
34868796300010
34869672500012
34870040200020
34871546700026
34873153000013
34874731200083
34878196400039
34878515500022
34882726200018
34882928400051
34884564500020
34884595900074
34887864600036
34887876000019
34889209200035
34889442900011
34889487400018
34890205700069
34890910200017
34890925000022
34891570300022
34894148500016
34898169700017
34898200000054
34899692700029
34900883900038
34901715200027
34902311900010
34902625200016
34902695500287
34905473400026
34905500400023
34905584800015
34908093700064
34910076800044
34910156800013
34911515400024
34912327300030
34913449400021
34913865100022
34915144900015
34915879000015
34916351900011
34916497000031
34919440700046
34920824900020
34924020000015
34926571000047
34927598200032
34928638500019
34929060100013
34929959400045
34930481600037
34931455900031
34932970600023
34934457200053
34935701200013
34936749000050
34936800100013
34940026700036
34940167900031
34940428500018
34940986200019
34942374900010
34944389500041
34945514700075
34945587300035
34946219200031
34948517700027
34948590400016
34949892300037
34950580000012
34950676600022
34951035400054
34952075900011
34952190600041
34955071500016
34955487300118
34957202400066
34959242800123
34961671400011
34962270400022
34963358600012
34964175300018
34966045600022
34966235300052
34966703000044
34968566900013
34969076800313
34970591300011
34970803200017
34970942800024
34971626600011
34972074800012
34973108300011
34977770600020
34980528300026
34981404600026
34983202200017
34983622100011
34984352400019
34985365500018
34988031000124
34989386700011
34991200600021
34992479500041
34992586700021
34993630200018
34995343000023
34995894200014
34996346200016
34996474200044
34996584800048
34997724900029
34999327900018
35000105300015
35004526600052
35004820300037
35006472100037
35007037100025
35007860600018
35008192300012
35009559200043
35010348700046
35013024100010
35013973900022
35015229400012
35015229400038
35016120400036
35016690600015
35018453700032
35019380100031
35019589700011
35019761200012
35019998000011
35021582800012
35022769000038
35023219500015
35026867800025
35028236400016
35028305700619
35029098700022
35029872500010
35029904600010
35030180000016
35030552000016
35032828200032
35033618600019
35033983400029
35034486700055
35038461600024
35039838400015
35039930900037
35040632800012
35040818300035
35043345400047
35043630900016
35043716600043
35045811300015
35046512600042
35046607400019
35047777400029
35049002500011
35049330000015
35049384700031
35049744200011
35050237300029
35050344700020
35050654900038
35050866900016
35051041800014
35051243000017
35053099400036
35053886400017
35053923500050
35055789800011
35057332500015
35058119500012
35059249900031
35060953300012
35064083500012
35064617000026
35066084100015
35066684800014
35066912300019
35068203500026
35072258300043
35072886100039
35073988400012
35076371000067
35077648000013
35077658900052
35079190100027
35080561000010
35080996800026
35081445500019
35084548300048
35084707500024
35088508300013
35089020800043
35089744300056
35090331600015
35091029500020
35092586300010
35092904800048
35093759500014
35094291800029
35095424400017
35095997900013
35096020900103
35096226200019
35099494300040
35100227400022
35100512900025
35101581300022
35105023200054
35106451400026
35106465400046
35108598000024
35110406200028
35111373300031
35111948200013
35113037200037
35113088500038
35115039600015
35115615300014
35116169000018
35116293800028
35117286100012
35118647300028
35118808100027
35120518200030
35121551200028
35122464700062
35122977800011
35123255800038
35124946100028
35125069100018
35126233200031
35127268700010
35127310700018
35130236900019
35130340900012
35132628500019
35132705100097
35135859300082
35136120900049
35136817000046
35137219800058
35139154500032
35139586800034
35139736900015
35141791000012
35142790100035
35143156400043
35145753600032
35146350000022
35148703800017
35149676500048
35149946200015
35150499800011
35152155400011
35152180200014
35156195600027
35156421600023
35156673200019
35159078100024
35159104500015
35159330600043
35161824400013
35163811900013
35164143600016
35164327500024
35164415800195
35164686400014
35165051000024
35165384500070
35167579800034
35167784400018
35170632000014
35171353200361
35171353201047
35171429000027
35171470400019
35172277200065
35172975100021
35173509700088
35173836400014
35175338900011
35175878400133
35176147300013
35176673800030
35176830400013
35176978100052
35177499700016
35177584600030
35177938400012
35178150500018
35178385700029
35178897100031
35179718800031
35180347300021
35183740600351
35183740602043
35184025100059
35186469900019
35186999500032
35187042300016
35188008300016
35192303200038
35192692800059
35194936700012
35194954000014
35195244500010
35195356700010
35198633600060
35198941300015
35199059300011
35200384200015
35200470900015
35203172800020
35204712000014
35205258300023
35206937100024
35207263100042
35209813101025
35209813101314
35210359200031
35210632200030
35211037300029
35212206300113
35212368100038
35212607200011
35213245000037
35213320100025
35213807700016
35214314300019
35215633500015
35217386800014
35218306500023
35218535900044
35218978100037
35219021900019
35219300700932
35219300702102
35220682500023
35221002500016
35221896000016
35222235000014
35222323400019
35223043700019
35224148300069
35224365300016
35225924600010
35227738800018
35228768400042
35228926800042
35229519000016
35230329100012
35230700300041
35230985000027
35232153300015
35232488300037
35232685400093
35233175500061
35233341300016
35233838800031
35233938600026
35235557200046
35236759300030
35237413600039
35238169300014
35239756600030
35240760500018
35242163000026
35243635600070
35243642200013
35245107400038
35246361600016
35246829200078
35248334102112
35250025000019
35250699200036
35250955800040
35252408600027
35253630400020
35254122100037
35255116200014
35255346500050
35256182300027
35258582200021
35261684100032
35263474500017
35263511400015
35264649100014
35264733300025
35264767100010
35265571600061
35268208200016
35268781800018
35269083800011
35269584500045
35271260800046
35273089900056
35274701801300
35275999700021
35276194400011
35276433600058
35276536600013
35278672700011
35279399600021
35279597500015
35279934000554
35280757200016
35281221800019
35285495400018
35286063902229
35286063902906
35288674100045
35288749100020
35290011200017
35290031000017
35290434600033
35293588600015
35294612300010
35295070300020
35295328500025
35297143600014
35297530400010
35297701100019
35298439700021
35299247300012
35302694100024
35302698200036
35303713800016
35304015700037
35304153600049
35305001600016
35309556500027
35310057100010
35310133000077
35311682500020
35313460400019
35314610300018
35316097100100
35317713200027
35319614000019
35320587500019
35321318400032
35321887800018
35323193900011
35324634100013
35324780200013
35325194500021
35326337900011
35328003500018
35328575200013
35328831900018
35328997800036
35329024000038
35329711200057
35330128600012
35330523800290
35332329800037
35333673800037
35334122500046
35334570500019
35334692700018
35334940000021
35336283300017
35337635300044
35337680900029
35338491000017
35338850700041
35340586300104
35341158000015
35341396600030
35341987200018
35342849300012
35343378200029
35345171900010
35345653600021
35346447200011
35349122800014
35349310900030
35350416000022
35352447300132
35352725200012
35352786400030
35353376300010
35353905900025
35356468500033
35358094700011
35359018500040
35360344200024
35361845700033
35363666500013
35363671500032
35363861200013
35364897500012
35365921200024
35366941900825
35366941903332
35367124100019
35367266000035
35367284300029
35367735400014
35368252900055
35368304800014
35368808800023
35370415800040
35370509800013
35370873800011
35371545100012
35372294500014
35376034100019
35376743700018
35377270000012
35377457300029
35377812900034
35380535100031
35381578000013
35381869300031
35382069900059
35382253900022
35382687800012
35383955800023
35384344400038
35384513400041
35384845000014
35385819400031
35386247700018
35387407600055
35387599000031
35388402600017
35388732600018
35389020500035
35389687100020
35393935800019
35394440800015
35395585900031
35397986700010
35399137500018
35399490800013
35400649600013
35401125600014
35401724600068
35401980400013
35403317700016
35403522200018
35404267300021
35405262300064
35409096100021
35600000000150
35600000000231
35600000002464
35600000003878
35600000004737
35600000006802
35600000016144
35600000022048
35600000023704
35600000025428
35600000026684
35600000028236
35600000028263
35600000028560
35600000032713
35600000033082
35600000035913
35600000036660
35600000038401
35600000038460
35600000039347
35600000043711
35600000047974
35600000048621
35600000050885
35600000051825
35600000053170
35600000058404
35600000058873
35600000059769
35600000059868
35600000060280
35600000062125
35600000065654
35600000066185
35600000066900
35600000069907
35600000070680
35600000071300
35600000071341
35600000071611
35680018500114
35780061400038
36280101100440
36380032700019
36620026900020
36720057300056
37380025900021
37380098600037
37678040900011
37718050000169
37749005700017
37749222800012
37749245900013
37749848000013
37750344600025
37752464000028
37753087800034
37753329401054
37753790700042
37755385400029
37755940600030
37757661600017
37758141800045
37761372400022
37762124800014
37762393900099
37762424200048
37762533000016
37762938100015
37763474600020
37763656800026
37764362200022
37765096500025
37765857000017
37767391801272
37767593900013
37770062000067
37773396900028
37774564100011
37775028600017
37775450200039
37775740600014
37777195100060
37778488900026
37780840700011
37781862000017
37782470100090
37782504700030
37782591400031
37783966700054
37783966702134
37784209100029
37785937600016
37787788100039
37788570200011
37790354700034
37791046800018
37794683500016
37794704900021
37795814500031
37797055300014
37797879600011
37799407400013
37799522000011
37799907300010
37801034200012
37801678600063
37801686900018
37802734600014
37803393000017
37804235200039
37805199900043
37806024800010
37806275600283
37806275600671
37806275601067
37806477800012
37807043700017
37808245700037
37808580700014
37809501200019
37809761200014
37814711000035
37818464200023
37820356600021
37820922500010
37821519800011
37823928900028
37824564100014
37824917100034
37825304100016
37825360300013
37825866900043
37825874300038
37826064000016
37826693600012
37827464100034
37827982200019
37828390700020
37829110800017
37829512500017
37829688300010
37830797900013
37831777000014
37831789500068
37833205000012
37833614300672
37833823000022
37834549000031
37835901200010
37837842600019
37840824900019
37841470000013
37842136600089
37842350300010
37844127300026
37844944100013
37845029000010
37846893800022
37847560200025
37847691500012
37848431500015
37848609600365
37849520400018
37851133100019
37851957300018
37853199000018
37853932400020
37854866300012
37855260800010
37855819100011
37856081700017
37857819900010
37858204300014
37858866900028
37860482100041
37862083500017
37863456200045
37865413100010
37865750600051
37865864500015
37866771100014
37867278600035
37867511000019
37868618200023
37868743800010
37869278400010
37869464000012
37870453000013
37872202900014
37873396800036
37873851200011
37875049100011
37876471600056
37877194300040
37878203100132
37880051000018
37880614500033
37882157300029
37883581300031
37884383300054
37884986300022
37885293300019
37885574600020
37885652000010
37886521600014
37888955400010
37890427000030
37891509400056
37891749600044
37891832000011
37892123300045
37893152100017
37893464000038
37893530800031
37894132200042
37894281700016
37894899600012
37899704300021
37900417900014
37901821100035
37901948200106
37902185000019
37903872200011
37904945500015
37907190500010
37907837100018
37908181300014
37908192000017
37909716500011
37909723100011
37910341900014
37911304600039
37911630400013
37914399300010
37915370300036
37916102900010
37917513600017
37918534100029
37922261500013
37925074900015
37926080500013
37926930100014
37926954100023
37930897600032
37931295200037
37932298500027
37932625900056
37934103500010
37935154700029
37935458200023
37936417700020
37937527200026
37937797100054
37938299700060
37938681600035
37939270700012
37940305800033
37940705900011
37941446900070
37941830400018
37945358200015
37945523100066
37945620500028
37946792100019
37947353100034
37947425700019
37948140100030
37948334000012
37949276200016
37951033200016
37951367400059
37951425000016
37951594300023
37951978800028
37953035500013
37955664000066
37955985900010
37956433900016
37958170500058
37958186100018
37958790000695
37958790002675
37958934400017
37959456700040
37959605900012
37960034900052
37961391200011
37961458900024
37962122000035
37962612000016
37963761400015
37964860300015
37965389200024
37966053300058
37967804800073
37968733800044
37969476300028
37970038800158
37970927200015
37971561800011
37972055000019
37972111100027
37972516100010
37972875100015
37973306600037
37975253800015
37975372600049
37975574700019
37976471500031
37976926800010
37978134700040
37978157800024
37978628800017
37979039700010
37979167600016
37979350800019
37979718600051
37980426300034
37981350400014
37982820500011
37983242100026
37983418700013
37983636400040
37983977200017
37984278400017
37987643600047
37988673200013
37989232600016
37989562600057
37990675301310
37991092000014
37991327000011
37991665300080
37992318800054
37992720500029
37992921900010
37993090200059
37993100900060
37994464800037
37995063700015
37995178300016
37996358000012
37996717700039
37997107000048
37997974300026
37999269600110
37999914700018
38000493700013
38001224500011
38001724400027
38002007300058
38002272300023
38003101300010
38007195100012
38008188500036
38008729600030
38008849200018
38011066800015
38011684800025
38012051900059
38012986609494
38012986612209
38012986615707
38012986624410
38012986638717
38012986648005
38012986648385
38012986648831
38014000400074
38014740500019
38017123100034
38017789900040
38017991100017
38018087700041
38018137000012
38018699900013
38020194700013
38021467600013
38021752100026
38025324500050
38025735200019
38025933300017
38025941600010
38027055300015
38027877000025
38028015600015
38028905800030
38028915700014
38029431400030
38029848900010
38030014500030
38030576300035
38030723100049
38031569700041
38031644800022
38032093700028
38033014200015
38038006300012
38038842100014
38041418500047
38042145300016
38043252600040
38043610500023
38043770700074
38044031300019
38044648400038
38044827400049
38044867000022
38046128500013
38046389300046
38046389300053
38047974100023
38048796700081
38048826200011
38050029800035
38053166500038
38054573100016
38054807300010
38054836200017
38056168800017
38056765100019
38059391300011
38059434100014
38059915900015
38060072600042
38060881000012
38062233200233
38062233201181
38062233206545
38062737200028
38063400600015
38063549000036
38064151400027
38064420300032
38064777600042
38064878200031
38065689200037
38066255100015
38069590800018
38070539200013
38070641600019
38073020000017
38074728700015
38074875600018
38075122200015
38077857100022
38078962800027
38080715600019
38081136400021
38082438300026
38082488800396
38085158400017
38085547800018
38086392800020
38088126800011
38088329800024
38088559000014
38088799200010
38089171300048
38089821300018
38090132200012
38091954800038
38092061100015
38092564400011
38093535300017
38095425500028
38095624300014
38097931000022
38098021900030
38098169600020
38099919300028
38101454700016
38101538700024
38102835600024
38103603700046
38104240700019
38104264700010
38104945100044
38105185300020
38105461800024
38107269300017
38108030800012
38109296400026
38109314500021
38110280500011
38111337200035
38111717500012
38111738100016
38112253000011
38112613500015
38113578900018
38113597900015
38116168600039
38116319500013
38116403700016
38116741000012
38118569300045
38118909100014
38119626000107
38121165500018
38121261200018
38122694300045
38123614000038
38123926800042
38126463900018
38127159200010
38128007200020
38128013000018
38129211900025
38131389900035
38132857400029
38133083600036
38134086800037
38134094200071
38136534500028
38136701000034
38137914800020
38138179700012
38138290200025
38138382700015
38138425400037
38139568000113
38140990300014
38141699900021
38142103100018
38143103000026
38143700300084
38144157500036
38144668100029
38147386700012
38147684500197
38152870200040
38153790100039
38154276000016
38155357700028
38155551500018
38155914500028
38156184400113
38156184400147
38156184400865
38156662900014
38156927600029
38157032400024
38157362500013
38159868900028
38163796600015
38164442600029
38165134800041
38165271800028
38165725300054
38166508200016
38170120000036
38171508500027
38171616600024
38171919400023
38172105900016
38172620700016
38174219600037
38174296400103
38175179100017
38175515600019
38175631100019
38175904200017
38176045300021
38176388700027
38176699700021
38177189800016
38177462900020
38178504700014
38180568800045
38181302100023
38182809400015
38183076900026
38184600500035
38185185600025
38185819000097
38185980000025
38186392700558
38187656400042
38190327700014
38190885400015
38192243400034
38193006400039
38193040300013
38193626900012
38195260500016
38195985700016
38196049100979
38196339600019
38197644800831
38198492100019
38198614000014
38199182700027
38199407800024
38199719600013
38201425600012
38203478300011
38203504600046
38203757000019
38206314700013
38207220500034
38208580100027
38209141100019
38209862200022
38211685300047
38212269500010
38212964100025
38213157100012
38217466200017
38218207900014
38220880900014
38222754400014
38224502500160
38225188200017
38225192400025
38225224500099
38225288000028
38225362300039
38225747500014
38226857100025
38228328100022
38228668000022
38229130000012
38229461900012
38229581400018
38229762000017
38229778600016
38229937800010
38230087900014
38231402900028
38233147800026
38233895200049
38234091700014
38234101400027
38234949600010
38235052800016
38235057700054
38235058500115
38236810800074
38237299300206
38237788500019
38238183800012
38239262900038
38239748700010
38239784200016
38239993900034
38240240200020
38243310000023
38243637600026
38243977600040
38244566600144
38245087200025
38245357900023
38248240400086
38249631300018
38250610300011
38251189700029
38251203600049
38251250700015
38252215900021
38253050900035
38255188500017
38255630600019
38255758500074
38256711300032
38257890400023
38258159300052
38259782100620
38260313200012
38260399100029
38260579800034
38260805700024
38261384200030
38262857600219
38266135300021
38266602200027
38266666700011
38267102200046
38267632800026
38269135000013
38271659500022
38272403700033
38273228700018
38273288100018
38273614800018
38275570000046
38275616100024
38275776300018
38275871200014
38276598000018
38277233300029
38277660700022
38277725800031
38282090000027
38282219500014
38282415900018
38283097400012
38283136000088
38283679900025
38284501400010
38285403200010
38285415600033
38285529400031
38286325600014
38286671300011
38286942800146
38287390900040
38288765100034
38288813900021
38289809600013
38290094205120
38290094207290
38290439900013
38291754000017
38291959500027
38292082500041
38292140100024
38293519500034
38293592200015
38295495600019
38296657000022
38298192600019
38298248600013
38298616400103
38298753500020
38299336800010
38300069202364
38300069202513
38301095600027
38302937800015
38303813000027
38304030000014
38304480700022
38305064800013
38305355000026
38305710600015
38306257700028
38306954900228
38307886200059
38308081900014
38308209600017
38310014600018
38311761100012
38311772800048
38312042500012
38314686700023
38314926700031
38315588400026
38315697300018
38316241900113
38319136800018
38319665603593
38320267800215
38322146200021
38323443200011
38324511500019
38324720200013
38325423200044
38325611200053
38325939700016
38327266300030
38327517900026
38327877700016
38328136700011
38328760400011
38329437800021
38330226200035
38330979600027
38331840900018
38332588300049
38333084200030
38336334800012
38337227300029
38338525900031
38338581200011
38339337800021
38340380500013
38340828300026
38341625200013
38342442100022
38343119400026
38343250700010
38343756300018
38344047600018
38344236500029
38344245600018
38344629100015
38344817200015
38344896600036
38345126701528
38346371800239
38346643000022
38347666000014
38349969600011
38350367900045
38351495700018
38351865100013
38352419600029
38352470900045
38354295800020
38355058900022
38355381500036
38356141200016
38356317800011
38358454700038
38359139300012
38359319100042
38360005300011
38360722300021
38360833800018
38361182900052
38361200900035
38361850100019
38361863400018
38363187600018
38363219700018
38363894700028
38367466000022
38367599800025
38367938800017
38368269700016
38368437000059
38368968400017
38370469900024
38370639703191
38371237900031
38371645300014
38373280700011
38373505700051
38373778000015
38373959600450
38374490100018
38375287000014
38375869500035
38376216800011
38377527700056
38377697800017
38378113500017
38378755300015
38379314800016
38379812100018
38382538700038
38382677300012
38383310000043
38383404100022
38383502200021
38383673100018
38384121000032
38384469302172
38384469302271
38384990800025
38385380100454
38385643200034
38385755400034
38386393300032
38387656200026
38388201600025
38388720500045
38388797300030
38388950800016
38389515800012
38389601600045
38390641900015
38391908100018
38392708400012
38394821300012
38396370900027
38396875700047
38398808600039
38400568200016
38400709200016
38401257100012
38402291900011
38402462600010
38402899900017
38403088800026
38404177800034
38405289000041
38406158600010
38406887000029
38407155100012
38407913300045
38408583300018
38408593200018
38409946100020
38411356900022
38411931900018
38412965600029
38413376500022
38413540600013
38415019900030
38415673300055
38416761500010
38418532800018
38418577300031
38418959300013
38419690300015
38419874300021
38419921200034
38420019200043
38420074700028
38420190100020
38422629600018
38422796300012
38422845800012
38424331700011
38424772200026
38425078300014
38426078200022
38426117800014
38426163200085
38426173100010
38427716600011
38428296800278
38429550700022
38429871700040
38431387000055
38432646800384
38432646800418
38434661500071
38435341300055
38435341301442
38435518600014
38437401300017
38439122300037
38441855400018
38443362900043
38443483300016
38444720700034
38444977300173
38445006000015
38446166100033
38449195700013
38449341700057
38449870500027
38450147400017
38453831000028
38454877200019
38455734400023
38456125400010
38457234300018
38458476900036
38459553400015
38459693800025
38460184500041
38461801300013
38461839300035
38462203100027
38462340100013
38464229400027
38464354000014
38465314300014
38465379600019
38466357100014
38468020300013
38469004600030
38469214100029
38469275200015
38470878000018
38471079400015
38471311100019
38471642901549
38471777300046
38472103100084
38472651900018
38472811900031
38473987600058
38474119500026
38476191200037
38476697800025
38476854500038
38477048300053
38477095400038
38477208300018
38477560700029
38478036700189
38478151400011
38478362700019
38478437700010
38478716400027
38480283100030
38481764900021
38483025300041
38483769600010
38483772000018
38484147400065
38485048300015
38485427900047
38485794200021
38486042500071
38486331200011
38488017500045
38488075300015
38488113200011
38488706300020
38489939900412
38490489200047
38490671500014
38491789400030
38492311600014
38492585500031
38493364400104
38493605000010
38493851000045
38494431000018
38496155300011
38496824400028
38497272500012
38498187400041
38498673300069
38498712900028
38499297000036
38499367100021
38499420800013
38499872000021
38500146600023
38500771100026
38501159800021
38501321400015
38505987800038
38506291400010
38511023402557
38511574600021
38512518200027
38512887100014
38513701300061
38516531100023
38517891800012
38518719000025
38518953500011
38519325500010
38519401400010
38519691000017
38520999400016
38522025600015
38522135300027
38524260700047
38524538600011
38524970100025
38525053500098
38525679700049
38525693800023
38525838900019
38526280300013
38526354600041
38526400700027
38526795000066
38526854500048
38529232100010
38529403800018
38529933400024
38531045300019
38532207800036
38532832300014
38533134300033
38533224200010
38533502100015
38534782800027
38534961800053
38535071500012
38538881400019
38538914300038
38705050300011
38714039500022
38745481200067
38745893800033
38746178300012
38746345800027
38746396100012
38747681500015
38749292900014
38749881900029
38749954400014
38750798100018
38751557000019
38753470400045
38753609700067
38753870500022
38754408300018
38755115300019
38756268900019
38757004700028
38759076300018
38759250400014
38760260000067
38761437300042
38761607100016
38761710300040
38761714500017
38762371300014
38762455400029
38762639300293
38762836500018
38762864700019
38763730900015
38763755600029
38763759800054
38764039400020
38764096400053
38766337000030
38766712400037
38768778300036
38770928000011
38772240800029
38772340600063
38775345200037
38775627300018
38775769300016
38777890500019
38778258400040
38778742700013
38778971200016
38779153600023
38779676600013
38780543500030
38780799300010
38782602700014
38782974000019
38786090100033
38786215400011
38787307800019
38789595600044
38789701000022
38789762200016
38789946100025
38791962402103
38792582900013
38792786600013
38793346800036
38795135300045
38795637800013
38795928100016
38796745800051
38796932200016
38797076700043
38797178100027
38797281300027
38798109500012
38798179800045
38798304200020
38798535100064
38799424700592
38800283400025
38800378200025
38800599300018
38801119900022
38801377300022
38803355700017
38803442300011
38803501600046
38803510700282
38804401800017
38804427300034
38805989100019
38806541900029
38808859300016
38811816800078
38812002400012
38812600500015
38812712800022
38813159100025
38813183100025
38813540200039
38814027900026
38814140000050
38814221800022
38814965000011
38815603600013
38816102800120
38817571300022
38817712300030
38817910300378
38818277600012
38821784600012
38822940300018
38823462700072
38824177000014
38824299200013
38824391700027
38825785900016
38826262800026
38826716300045
38826871600205
38826940900016
38828108100017
38828226100022
38828320200017
38828439000035
38829985100021
38830198800159
38830368700023
38831981600012
38833370000028
38833553100017
38835592700012
38836974600010
38838243400016
38838502300022
38838903300019
38839054400012
38841598600057
38841933500053
38843471400019
38844194100027
38844983700011
38845329200012
38845440700023
38845879600017
38848703500031
38848727400069
38848731600019
38849096300039
38849212600015
38849269600017
38850057100038
38850243700030
38850941600037
38851027300021
38851055400016
38852926500034
38853935500015
38854639200027
38857036800026
38857683702210
38858876600021
38858899802588
38859638900048
38859640500018
38859655300155
38859655301146
38860401900025
38860592500022
38861279800644
38862909900010
38863023800037
38863376000029
38865546600026
38865820500017
38866041701509
38866199300013
38867971400039
38869820100752
38869820100828
38870558400034
38870684800016
38870765500030
38870929700286
38873113500017
38873423800016
38873520100013
38873649800030
38874141500029
38874703200018
38875422800012
38875523300052
38877236000078
38877449900015
38877762500020
38877810200011
38878144500027
38878838200017
38879194900026
38879516300012
38879652601694
38880295100011
38881610000043
38881644900010
38882581200018
38882735400027
38883176000045
38883233900013
38883475600016
38885356600023
38885849000021
38886365600038
38886973700048
38887477800011
38888122900024
38888430600019
38888703600019
38889544300017
38891294100027
38892689100010
38894810100034
38895990000068
38897365300016
38897646600036
38898017900054
38899322200024
38899802300054
38899865000013
38900261900028
38900751900017
38901855700055
38903119600030
38904158300011
38904197100018
38904725900012
38905356200010
38906341300030
38906836200018
38906946900036
38907100200015
38908868300013
38910835800018
38911172500013
38914694500040
38915225700017
38918034000017
38919198200021
38919431700027
38920938800021
38921056800033
38921971800043
38923034300011
38923245500011
38924655400015
38925736100177
38926634700027
38927471300012
38928812700019
38929058600277
38929550200014
38930336300037
38931252100021
38933025900018
38933375800016
38934026600029
38936223700015
38936405000051
38937106300014
38939180600012
38939378600014
38939389300018
38939755500027
38939759700011
38940358500026
38940488000038
38940535800026
38940607500082
38941103400033
38941989600011
38942544800013
38942711300045
38943003400014
38943521501517
38943521502077
38943521504065
38944315100011
38944452200020
38944905900036
38946836400028
38947612800019
38947879300034
38948060900038
38948365200027
38948675401299
38949098800059
38949668800018
38949754600017
38951048800015
38951232800011
38951796200046
38952738300035
38952825800020
38953714300015
38954350500017
38954901500029
38955656400034
38958937501323
38959126400012
38959849100014
38961740800023
38963111000035
38963231600011
38963428800028
38964374300039
38965040900045
38965127400018
38965262900012
38966472300019
38966918500024
38967028200018
38968265900039
38968646000053
38969695600025
38971432000113
38971706700018
38972092100011
38973884000013
38976356600012
38976965400028
38977657600016
38978223600951
38979384500014
38979429800015
38979650900047
38981589500013
38982069700206
38985028000022
38985159300019
38987323300016
38987342300013
38988836300014
38989302500012
38990140600022
38992661900013
38993483700029
38993672500016
38994642700017
38995282100020
38996681300013
38997143300013
38999538200055
39000423200018
39000874600013
39001907300027
39002046900016
39002422200023
39002671400027
39003403100018
39003788500022
39003953500013
39004113500018
39005458300013
39006745200024
39007074600016
39008175000031
39008839100029
39009005800012
39009119700017
39009328400029
39009343300014
39010265500037
39010568200053
39011077300012
39011213400015
39011527700019
39012873400022
39013016900100
39013696800026
39014858300029
39014997900010
39015041500011
39015392200013
39017462102392
39017968700103
39017984400043
39019312600039
39020297600036
39020850200042
39021374200039
39021462500019
39022441800017
39022493900012
39023402900028
39024485300011
39025657600013
39028660700010
39029380100010
39029611900022
39030869000028
39031400300026
39031400300034
39032331900470
39032331900959
39033213800010
39033976000048
39034759900016
39035552700016
39036180600016
39037074000016
39037341300017
39037388400027
39037538400026
39037575600223
39038059000039
39038346100014
39038801500013
39038933600202
39039795800013
39040299800053
39040304603062
39040304603229
39040304604292
39040321000029
39042107100015
39042228500028
39042657500010
39043455300025
39043539400015
39043630100019
39044064200028
39045321500019
39045924612856
39045924613839
39046498000015
39046539100014
39046545800011
39046719900019
39047166200010
39047259500052
39047524200025
39048012700039
39048377400019
39048403800018
39048822900035
39049853300012
39050821600038
39050908100019
39051146700016
39051517900013
39053071500015
39053601900016
39053726400017
39055257800010
39055528200057
39055589400042
39056063900036
39057459800020
39058192400011
39059259000033
39059290500017
39059630200013
39061481600010
39062432800014
39062733900018
39062824600014
39064180100019
39064305400013
39064568700018
39065052100011
39065077800017
39065109901460
39065109901528
39066245000019
39067580900011
39067642700011
39067943900021
39069090700014
39069503900029
39070168800025
39070389000272
39070389000496
39070389001809
39070389002575
39071460800010
39071519100065
39072127200032
39072326000027
39073598300020
39074323500025
39075263200013
39076151800013
39076594900032
39077395000014
39077584900057
39077970000017
39078327200011
39079375000014
39079520100024
39079809800039
39081472100010
39081855700014
39082082700017
39082495100011
39082979400010
39083404200017
39084610300021
39085512000064
39085659900043
39086344700020
39086751300017
39086936000029
39087529200018
39088497100016
39091116200035
39091413300017
39091437200011
39092972700027
39094483300024
39095873400027
39097161200010
39097326100022
39099242800016
39100745700560
39101463600214
39101902300012
39103296800029
39103305700012
39104007800019
39104426000019
39106302100029
39107834200022
39108851500047
39109141000012
39110114400023
39110281100018
39111275200020
39113202400012
39113494700038
39113790800011
39114628900015
39114685900056
39114936600067
39114970500025
39114985300015
39116350800024
39117776300011
39118083300017
39118645900015
39118944600019
39119956900024
39120510100010
39120627300016
39121809600025
39122126400024
39123890400950
39124299700032
39124690700052
39124758200037
39125089100010
39125137800025
39125164200016
39125890200017
39126085800025
39128967500012
39130334400074
39130646100016
39131030700015
39132263300010
39135862900031
39136331400025
39136998000019
39137403000024
39137483200023
39137823900530
39138486400016
39138779200016
39140870500013
39140882000010
39141160000011
39141369700015
39141948800013
39142640000027
39144176300011
39145333900023
39145541700033
39146601800374
39147407900012
39147796500027
39149139600068
39149850800012
39150729000024
39150745600039
39151276100019
39151454400033
39152014500015
39152201800020
39152540900119
39152750400016
39153309800011
39153770100024
39154113300016
39154337800023
39155537200013
39156066100020
39156159400048
39157520600019
39158649200012
39159385200018
39159656600011
39160056600015
39160769400018
39162460800025
39162528200051
39163187600037
39164524900023
39164784900010
39165055300046
39165907500033
39166786200018
39167244100022
39167402500054
39168635900012
39170740300039
39172448100026
39173006600035
39173081900011
39173111400024
39173980200018
39175197100030
39177288600019
39177783600019
39178921100037
39179205800029
39179625700015
39179855000011
39180250100026
39180917500014
39181247600029
39181342500041
39182753200030
39183061900048
39183617800023
39184012100019
39184846200027
39185781000025
39187320500085
39188233900024
39189003500028
39189075300026
39189854100019
39190161800010
39191621000084
39191888500040
39191909900021
39192706800026
39193547500015
39194842900025
39195263700026
39195290000010
39195856800019
39196054900023
39196848400017
39198998500018
39199951300016
39199965300028
39201233200020
39201376900014
39201798400015
39202351100018
39204531600016
39205492000021
39207678200029
39208217800014
39208285500017
39209654100017
39211572100053
39211627300013
39213404500021
39213416900078
39215202100037
39215635200032
39215696400026
39216902500013
39217531100019
39217619400018
39218058400014
39220534000012
39220581100012
39220650400012
39222209700017
39222283200017
39222361600013
39222610600020
39223223700025
39223503200027
39223854900019
39224115400021
39224134500025
39225106200015
39225864600026
39225929700019
39226243200025
39226652400017
39228739700039
39229525900015
39230611400035
39231851500021
39233788700013
39234464400019
39235141700010
39235450200024
39237217300014
39237291800020
39237594500038
39237674500015
39238567000014
39238725400023
39239275900016
39239752700020
39241082500013
39241992500020
39242604500010
39243434600012
39245154800011
39247164500029
39247650300041
39247941600019
39247981200027
39248136200086
39249007400029
39250544200047
39251417000035
39251583900018
39253733800031
39255470500013
39255912600025
39256091800014
39258017100016
39259298600146
39260244700014
39260313000015
39261581100024
39263430900018
39263711200013
39264009003309
39264009006161
39265015600046
39265110500018
39265540300013
39265557700022
39267471900035
39268156500017
39268585500026
39268615001805
39269183800024
39270950700025
39271294900032
39271614800029
39272103100046
39272258300037
39272417500022
39272639400027
39274007200013
39274759800028
39274969300033
39275351300093
39275815700011
39276820600014
39278990500016
39279568800069
39283522900023
39283877700010
39284306600888
39286915200026
39287029100029
39287146300023
39287819500024
39288936600150
39289044800013
39289123000014
39290164100010
39290516200013
39290617800018
39290680600022
39291484200019
39291500500012
39292220900037
39295248700024
39295284200020
39295505000019
39295511800014
39296322900027
39296407800019
39296509100011
39297439000016
39297688200135
39298722800013
39299609600013
39299983500037
39301527600024
39302138100016
39302399900013
39302923600014
39303019200024
39303499600040
39303738700015
39304274200089
39304383100014
39304537200017
39305275800033
39305523100012
39306404300010
39307149300059
39307677300018
39308409000017
39309861100014
39310124100031
39310366800017
39310525900013
39310776800011
39311256000015
39312871500025
39313017400013
39313529800650
39313666800018
39314388800013
39314442300018
39315102200026
39315219400022
39315237600017
39316054400010
39316792900032
39317103800010
39318573100022
39319184600020
39319483200035
39319873400013
39321029900037
39321984500012
39325205100031
39325685400059
39326123500013
39326554100010
39327931000014
39327954200020
39329655300018
39331875300018
39332025400039
39332142700048
39334183900016
39335451900018
39336198500020
39337128100014
39337266900019
39338203100028
39338383100012
39339261800012
39339729400025
39339975300028
39340814100025
39341662300014
39341665600014
39343000400050
39343080600066
39343229900013
39343957500084
39344284300016
39344407000089
39345129900019
39347726000029
39348052000021
39348270800012
39348408400032
39348457100020
39349498400015
39350807200013
39350916100021
39351034200016
39353651100016
39353896200027
39354211300021
39354454900024
39354814400012
39355463900012
39356567600011
39356678100018
39357037900023
39357168200045
39357356300011
39357776200023
39358096400012
39358263000025
39358319000011
39359301700022
39359878400014
39360198400015
39360328700011
39360367500025
39362185900015
39363096700031
39364423200026
39366686200031
39366889200010
39367369400013
39367508700034
39367977400025
39369138100015
39369195100023
39369336100064
39370267500017
39371344100045
39371442300042
39371562800037
39372431500022
39374527800035
39375634100029
39375794300021
39375915400064
39376075600022
39376895700010
39377988900020
39378342800013
39378466500019
39379059700016
39379156100011
39381399300085
39381907300015
39382455200011
39383148200012
39383528500049
39384118400020
39385574700019
39386916900010
39387279100016
39388104002427
39390048500011
39390478400039
39392017800018
39393004500017
39393037500083
39393586100012
39393614100018
39393826100012
39398063600046
39398846400011
39399247400022
39400372700010
39400443600025
39401635600013
39402663700089
39404529800012
39405080100023
39405740000019
39408195400015
39409663000014
39412338400049
39413838200020
39413916600018
39413929900017
39414786200012
39415397700035
39418953400024
39419142300018
39419531700018
39419987100010
39420144600025
39420173500021
39420951400030
39421414200017
39421485200011
39421831700045
39422061000056
39422420800014
39422875300015
39424839700025
39427324700038
39428213100058
39429247800028
39429850900024
39430045300021
39430470300025
39430903300014
39431177300045
39432839700028
39433369400021
39433741400038
39433900600030
39435039100048
39435155500013
39435161300010
39435621600025
39436028300011
39437592700016
39438528000018
39438765800021
39438797100010
39439155100014
39439371400032
39440331500010
39440597100026
39441033600025
39441109400029
39441250600021
39442615900015
39443273600038
39443633100091
39443633100182
39445422700031
39445536400031
39447144500038
39447384700025
39447840800021
39447903401063
39447903402228
39448601300029
39448729200010
39449488400023
39449512100052
39451419400015
39452373200029
39453052100027
39453095000069
39453887000012
39454188200020
39454613900012
39455878700013
39456048600026
39456193000014
39456475100011
39456580800018
39457320800052
39457483400021
