34483043500030
34483805700018
34485744600035
34487399700029
34488573600019
34490425500017
34490829800013
34490899100021
34493016900026
34496568600043
34497019900016
34498021400029
34498946200017
34499059300032
34500609200018
34501107600030
34501546500015
34502074700027
34502265100029
34502602500014
34504523100015
34504597500041
34505992700011
34508617703469
34508617705217
34508617706660
34508617707205
34510114100025
34510372500023
34511158700019
34512389700018
34513048801122
34513048813242
34513048816146
34513048816518
34513048820841
34513048826244
34513048827333
34513048828786
34514428100010
34514792000028
34517865100013
34518279400015
34519246200025
34520459800014
34520770800024
34524021200026
34525490800030
34526694400015
34527636400014
34527735400014
34528771800034
34529495300012
34531671500019
34531801800016
34532032900013
34533965900020
34535918600011
34536914400042
34538643700015
34539185800031
34539340900098
34540775300010
34738101400013
34738457001977
34738602100021
34740925200017
34741572100039
34741734700015
34745222900029
34746829000015
34750035700012
34751303800013
34752305200012
34753804302465
34754034600033
34754214400014
34754685500011
34754792900021
34754878600016
34757224000039
34758223100333
34761074300010
34761258200010
34761340800033
34763066700025
34765228100028
34766142300017
34766214000032
34768394800025
34769115600025
34770004900021
34774499700011
34774902000033
34775215600021
34775289100023
34775727000025
34777147900024
34777894600025
34778392000015
34779808400021
34780841200048
34781038400094
34782059900020
34782134000077
34782202500115
34783061400025
34783111700010
34783377400057
34784784000019
34786862200023
34788652500067
34788906500012
34792671900563
