34483024500033
34483477500019
34485163900015
34486221400030
34487976200013
34488371500015
34488851600012
34489058700019
34493119100029
34494384000027
34496098400013
34496986000065
34497224500015
34499757200013
34500017800037
34501102700058
34503472200032
34506526200015
34507055100022
34507609500024
34507770500027
34508617700374
34508617701281
34508617702594
34508617704079
34508617704657
34508617706090
34508849600012
34509236500021
34509866900020
34510711400026
34510946600010
34512858100013
34513048802682
34513048819140
34513048821955
34513048827218
34513048828240
34513048830006
34513048830477
34513567700010
34514785400011
34514898500020
34514931400014
34516283800022
34519906100028
34520162800012
34522184000126
34522318400028
34523840600036
34525123500015
34525684600022
34527729700031
34528969800010
34529061300024
34530623700032
34530688000666
34530792000024
34531085800013
34531849700012
34532685400022
34534237200025
34534428700023
34534529200089
34535752900030
34538233700011
34540129300039
34604154400070
34738457000912
34738457001605
34738457002652
34739367000026
34743916800019
34746881100018
34748005500016
34748572400046
34749398300030
34751909200022
34753312700184
34753532000019
34755080800021
34756713300017
34758369200046
34759266900019
34760698000022
34760875400060
34762010600018
34763125100027
34763647400012
34764200100015
34765068100013
34765629000108
34767216400014
34769553800061
34769682500020
34775514200036
34775647000022
34776229600015
34778576800016
34779905800016
34780304100032
34780612700010
