34483869300010
34484016000016
34484499800023
34486965600043
34487072000010
34487630500014
34488051300025
34488561100022
34490953600023
34491031000012
34494009300018
34494264400107
34494375800021
34498294700014
34499779600042
34502726200020
34502843500021
34503665100064
34504045500015
34506950400016
34507706900010
34508617700788
34508617700903
34508617702735
34508617706140
34508617707874
34509842000028
34510109100030
34510490500012
34511645300050
34511855800039
34513048807335
34513048822789
34513048823381
34513048828760
34513048828943
34513051201558
34513247600010
34513658400017
34514059400010
34517061700020
34517857800018
34518182000019
34521625300020
34525255500064
34525870100019
34526404800041
34528416000024
34529098500026
34530369700014
34530688000187
34530688000906
34533212600035
34535118300610
34535369200014
34536654600017
34538065300021
34539763200018
34540122800019
34540415600209
34540784500055
34540914800045
34557085700010
34738147700012
34738457001563
34738457002603
34740877500018
34741426000021
34744333500018
34744460600011
34745736800046
34748108700026
34749068200023
34749989900016
34751041400035
34751411900010
34751969600012
34754178100022
34754200300020
34754956000014
34756857800038
34758223100861
34758429400016
34758609100014
34759219800019
34759370900020
34759414500034
34759838500024
34759838500032
34760776400060
34763635900049
34763699500032
34765411300013
34767441800020
34768410200085
34770196300030
34772654900046
34773397400047
34775372500014
34777439000012
34777879700014
34778599000024
34779318400032
34779337400013
34779352300015
34779859700030
34780146600041
34780849500019
34780860200036
34782214000013
34783794000035
34786580000010
34786596600043
34786883800017
34787306900046
34788622800019
34788640000030
34788940400039
34789209300050
34789251500029
34789252300015
34791121600013
34791311300028
34791919300024
34792671900761
