34483707500045
34486090300014
34486933400203
34487004300017
34487786500016
34488399600029
34490107900014
34490327300128
34491338900013
34492222400011
34492991400010
34493470800027
34493784200047
34493958200013
34494628000015
34497984400018
34498209500012
34499101300022
34500605000032
34501041700011
34501279300039
34502160400011
34502814600024
34502968000054
34503332800021
34503824400017
34504118000117
34505224500023
34508168100016
34508617704152
34508617704376
34510131500017
34510598500021
34512979500018
34513048811980
34513048828620
34513051202788
34513074400013
34513547900045
34513816800025
34513871300028
34515459500028
34515537800010
34516194700014
34517003900043
34518382600022
34518956700018
34519112600027
34521190800032
34521783000057
34522351500023
34523482700029
34523930500013
34524237400048
34524449500015
34524831400014
34525269600041
34526450100023
34526649800046
34529735200055
34530103000044
34530535300012
34530688000591
34531659000024
34533092200021
34535071400019
34535717200039
34540757100016
34568005200056
34698021200028
34738457002421
34738811800023
34739406600042
34739828100027
34739983400048
34740230700271
34741300700050
34744583500023
34748462800032
34748852000011
34749271200018
34749980800017
34751124800010
34753804302150
34753858900024
34754013000056
34754370400089
34754506300021
34754523800011
34754594900039
34758082100028
34759012700010
34760042100015
34762111200031
34764441100030
34766208200101
34768556200014
34770152600027
34770191400025
34772588900013
34772989900026
34773275200022
34776911900012
34778669100027
34779000800010
34780359500011
34780600200403
34782546500029
34784327800016
34785898700014
34786313600029
34787382000075
34787507200014
34788627700016
34789107900019
34789298600030
34790156300044
34792364100034
34792758400016
34794101500013
34794456300019
34796702800015
34797917100027
34800245200038
34800714700104
34801142000109
34801390500040
34802776400029
34804770500010
34804881000025
34805087300010
34806063300016
34807428700023
34807721500070
34807884100015
34808203300021
34809704900020
34810422500027
34810854900059
34812213600024
34813162400028
34813171500024
34813512000015
34813546800034
34813870200017
34815065700016
34818110800039
34818496100012
34819494500021
34821326500054
34822094800957
34822671300066
34823739700016
34824215700017
34825224800011
34825503500068
34825633000021
34827533000044
34827778100012
34829463800146
34830525100012
34832513500013
34834239500012
34834336900040
34836963800021
34837445500015
34838376100098
34839091500018
34839323200049
34841697500046
34841743700020
34842316100044
34842888900045
34844887900018
34848159900069
34851174200044
34851969500012
34852016400040
34852265700025
34852781300086
34852934800016
34853623600022
34854454500018
34855785100014
34856660500039
34856686000014
34856770200058
34859662800068
34862587200018
34862593000014
34863005400024
34867416903211
34868136200029
34870457800023
34870709200030
34871390000028
34871615000050
34872256200033
34873216500025
34873218100014
34873918600024
34874120800048
34874465700035
34875337700046
34875600800010
34876463000011
34876572800020
34878271500026
34879021300022
34885744200019
34886567600012
34888052700067
34888060000013
34888092300019
34888488300060
34888491700025
34888574000020
34889122700012
34889293600025
34890422800015
34892321000010
34892418400016
34895508900027
34895665700020
34896050100032
34896094900017
34896691200027
34898322200038
34900948000022
34902114700054
34902487700012
34902624500028
34902921500044
34903180700044
34903285400037
34904379400057
34905193800018
34905933700031
34905978200012
34906759500042
34907675200048
34907727100022
34908280000013
34908936700016
34910304400088
34910540300027
34911599800016
34914860100017
34914950000028
34914950000036
34916968000015
34917355900015
34919921600038
34921016100015
34921661400017
34923333800012
34923489800048
34924834400013
34925385600018
34925902800018
34931000300018
34931140700010
34933711300014
34934010900017
34934168500023
34937286200046
34937392800010
34937978400052
34938080800023
34938378600028
34939467600010
34941571100010
34942219600015
34942291500018
34944374700010
34944707800040
34945151800014
34947190400012
34947672100023
34947864400017
34948115000051
34949102700026
34950688100037
34952008000020
34953081600017
34955149900016
34955508600017
34955688600019
34956177900019
34956526700086
34957097800032
34957701500069
34959270900019
34959405100022
34960870300048
34962399100024
34963924500019
34964286800054
34964387400028
34965023400017
34965151300039
34965566200014
34966894700030
34967398800060
34969076800164
34971713200014
34972757800024
34973424400016
34974320300045
34975399600025
34976012400058
34976481100015
34976879600030
34977017200014
34978045200034
34980483100023
34980500200012
34982626300031
34983899500018
34984458900037
34984662600019
34984687300033
34984852300016
34985544500012
34985629400054
34985826600019
34986068400019
34986959400060
34987074100015
34988656400013
34989050900020
34990419300134
34992078500012
34992146000011
34992548700010
34992679000024
34993956100016
34995871000064
34996203500029
34997264600013
34998522600035
34998951700017
34999299000094
34999614000019
34999771800011
35000715900022
35000741500028
35005881400020
35007035500010
35007985100050
35009532900073
35010218200028
35012408700049
35013144700103
35017500600013
35017860400046
35018297800022
35018599700037
35018938700011
35023470400038
35023855600012
35025447000015
35028365100023
35028535900070
35028891600033
35029845100021
35031166800023
35031414200042
35032061000032
35032954600013
35038748600037
35039663600028
35039680000012
35039751900025
35040090900064
35041524600056
35041914900017
35042817300016
35043110200010
35043603600031
35044898100059
35045865900041
35046912800010
35047664400025
35049361500065
35049784800019
35050316500044
35050852900012
35051682900016
35052250400017
35054369000050
35057783900011
35058848900046
35060937600040
35061894800052
35062149600016
35062581000014
35063669200039
35065304400080
35066025400029
35067321600015
35067828000024
35068627500016
35069575500016
35069709000040
35072592500035
35074419900034
35075914800033
35076406400035
35076426200092
35078211600015
35078378300037
35080008200025
35081041200014
35082138500019
35083715900010
35083878500011
35084380100019
35085258800036
35086460900010
35087110900103
35087618100016
35090332400019
35090718400021
35091644100016
35092808100032
35093322200019
35093386700029
35094465800029
35094899800033
35095013500086
35096825100024
35098947100056
35099681500022
35099683100052
35099872000030
35100710900017
35104198300013
35105321000024
35105558700015
35107117000036
35110892300043
35111052300013
35111831000017
35112331000036
35113263400012
35113346700016
35114218700027
35114912500038
35116448801475
35116448802721
35116743200027
35118320700015
35118614300217
