34483852900016
34484104400037
34484374300396
34484421200011
34485374200023
34488240200011
34489075100037
34489743400017
34491659800024
34495552100010
34496383000015
34498147700054
34498984300018
34499003100025
34500099600032
34504084400028
34504417600013
34504610600018
34505720200011
34506672400039
34508617705324
34508617705647
34508617707916
34508679700015
34512445700010
34513048800884
34513048804068
34513048806840
34513048816823
34513048826871
34513051202440
34513066000201
34513106400015
34513127000034
34513195700010
34514126100031
34516080800019
34516416400013
34519035900033
34521045400038
34521587500039
34521644400017
34522644300025
34523975000010
34524331500024
34524598900057
34525141700019
34526700900016
34529864000011
34531421500046
34531781200013
34532427100013
34532544300025
34533572300028
34535596000021
34535738800031
34536322000038
34540415600522
34540415600589
34605002400659
34738362200102
34738457001670
34738986800022
34741996200027
34743834300035
34744217000010
34747826500015
34748232500029
34748571600018
34750176900025
34750936600048
34752490200017
34755280400010
34756894100012
34757756100033
34761362200039
34761685600014
34762121100015
34762148400018
34762810900089
34763814000025
34764799200044
34765522700010
34766730500010
34767267700015
34768483900017
34769397000027
34771637500014
34772126800022
34775755100010
34776494600013
34782770100017
34783042400045
34784320300014
34784402900012
34786057900023
34786168400012
34786340900020
34786691500023
34787080000039
34787647600032
34789937900015
34790930100017
34791281800015
34791402000099
34792903600031
34794309400040
34796399300014
34796682200012
34797639100040
34799239800037
34800598400011
34801404400021
34802866300030
34804827300026
34805353900014
34806013800016
34806231600032
34806367800026
34807216600054
34808721400014
34809090300025
34810791300041
34811136000015
34811201200037
34811701100034
34811833200025
34812518800030
34813746400015
34813988200032
34815553200024
34818365800015
34818999400026
34819184200015
34821208500016
34824239700019
34824598600016
34824891500038
34825571200013
34826292400015
34826429200015
34828258300023
34829799500022
34831674600018
34832808900019
34835477000011
34836632900038
34838310000024
34838743200019
34838931300019
34839035200030
34840557200036
34840693500026
34841340200010
34842478900033
34844089200019
34844762400027
34849929400018
34849974000028
34850230300012
34851809300011
34851912500010
34852572600074
34853274800020
34853279700076
34854179800024
34854903100014
34856750400074
34857674500023
34857757800019
34858025900011
34858559700043
34860170900036
34860868800027
34861060100026
34864573000022
34865770100010
34866113300028
34866322000021
34867666900024
34869373000023
34869867100073
34872336200011
34873061500021
34874075400018
34874186900013
34875012600016
34875598400021
34876397000012
34876579300016
34879342300016
34879385200032
34880221600054
34883503400029
34888369500044
34888696100047
34890032500021
34892352500060
34892580100022
34892815100052
34893003300041
34893570100055
34893638600906
34893797000013
34897466800066
34897714100012
34897778600022
34898004600018
34898455000056
34898886600011
34899155501781
34905374400018
34905938600012
34906095400014
34906513600013
34906648000014
34907878200019
34908319600015
34912143400055
34912425500010
34913209200017
34913253000040
34914699300010
34915531700010
34915964000037
34917308800049
34918295600012
34918393900025
34918539700065
34920470100016
34921394200049
34921657200025
34925956400160
34926106500024
34927616200055
34929258100122
34929710100017
34931932700020
34932706400029
34933406000028
34934265900019
34934702100017
34936211100040
34937043700015
34938497400060
34939856000012
34940221400044
34940492100018
34944418200035
34945628500023
34945678000049
34947504600034
34949715600035
34951225100027
34951962900027
34952146800034
34952520400021
34953121000038
34956981400107
34958721200011
34959801100022
34959917500099
34961479200043
34964204100033
34964224900016
34964630700018
34965233900020
34965524100074
34965800500021
34967487900011
34969516300031
34971511000038
34972066400029
34972446800013
34973388100057
34973709800039
34973928400058
34975967000020
34976675800016
34976803600098
34977718500019
34979261400027
34979504700019
34981071300033
34983474700017
34984013200022
34984034800016
34985900900038
34986568300016
34986959400326
34987143400040
34988187000019
34988894100037
34990303900015
34991297200024
34991343400016
34992627900127
34992996800031
34993736700010
34995099800048
34996482500021
34997493101510
34999916900023
35000180600016
35001225800025
35001401500068
35003736200026
35004106700025
35004198400070
35005205600024
35005405200013
35005423500014
35006314500022
35006423400015
