34484932800044
34486529000029
34487592700057
34488438200013
34488487900018
34489917400025
34490827200018
34490831400034
34491780200029
34493527500026
34493869100021
34494214900016
34494970600024
34495124900038
34495531500017
34498796100069
34499847100082
34500697700010
34500933600016
34501014400029
34503469800018
34506253300020
34507204500023
34508232500050
34508455200016
34508617707007
34508617707122
34508617707890
34511267600043
34511425000029
34512012500017
34513048802435
34513048806162
34513048810537
34513048819637
34513048822276
34513048823068
34513048824561
34513048824660
34513048828745
34513048829461
34513377100013
34513693100028
34514202000014
34514711000075
34515200300041
34516230900099
34517188800018
34517347000047
34519370000043
34521364900014
34524059200021
34524391900015
34524717500036
34524829800019
34525153200015
34525399100029
34526243000019
34526560700019
34527002900027
34529015900010
34532254900030
34534016000026
34534971600018
34535783400034
34535945900046
34536442600014
34537034000035
34537540600047
34539075100013
34539087600026
34540224200068
34585053100061
34738543700038
34741138100028
34742149700046
34743900200069
34743943200035
34744081000013
34744981100012
34746079200026
34746859700013
34746940500091
34747054400052
34747415700018
34748151700022
34749324900010
34750180100018
34750620600015
34752006600015
34754594900047
34757106900017
34757257000021
34758418700046
34759909400021
34761387900019
34762481900020
34763229100014
34763907200045
34764705900026
34766181100021
34766471600029
34767091100028
34767363400023
34767641300029
34768261900015
34770997400021
34771062600016
34772522800014
34772866900032
34773164800031
34773662100017
34774242100014
34777916700019
34783326100022
34787710200041
34787752400012
34788446200040
34788640000022
34792671902536
