34482119400018
34484059000014
34485651300025
34486848400017
34486914400032
34486961500023
34487191800027
34489514900013
34490547600034
34491785100018
34493161300030
34494117400015
34494417800062
34494506800080
34495500000015
34496310300017
34497724400013
34497849900012
34498640100026
34499900800065
34500602702101
34501075500014
34501543200023
34502177800021
34503010000324
34503132200018
34504773200010
34504988600046
34505303700056
34506559300039
34506581700016
34508617704236
34508617704863
34508617704913
34508617705712
34509708300025
34511666900044
34513048809752
34513048815502
34513048817649
34513048823712
34513048825782
34513048828356
34513048829206
34513051202713
34514064400054
34514073500027
34515428000035
34515469400540
34517742200010
34520065300011
34520083600038
34523421500019
34526970800011
34529719600015
34530858900059
34532116000011
34532166500027
34534476600026
34534925200030
34535675200039
34536293300029
34539679000015
34540774600071
34605012300022
34739507100033
34739842200035
34743705500028
34743906900019
34745556000032
34745610500043
34746424000071
34747100500038
34747300100035
34750193400025
34750262700016
34753149300034
34753804300238
34754004900025
34754062700028
34754178100014
34755423000016
34756566500077
34758223100523
34758270200010
34758273600026
34760373000016
34761025500015
34762183100069
34762213600047
34763439600019
34764898200069
34765694400043
34766226400014
34766589500046
34768271800049
34768423500018
34769418400024
34769618900021
34771576500066
34772014600013
34772632500025
34772819800065
34774483100012
34774780000014
34775647000014
34776597600050
34776879800071
34778458900025
34779307700012
34780272000057
34780600200023
