34482948600010
34483019500030
34483309000048
34484153100017
34485055700028
34487677600040
34488402800038
34488671800024
34491021100020
34491749700036
34492660500041
34493545700020
34494304800027
34494387300010
34494581100026
34495108200033
34495907700043
34495911900019
34496932400013
34497320100025
34499749900084
34499861200040
34500507800018
34501505100039
34501539000056
34501670300018
34503385600021
34504191700260
34506454700010
34507039500016
34508145900256
34508617702719
34508617705761
34510903700019
34511541400038
34511653700027
34513048809430
34513048814638
34513048822490
34513048823472
34515533700057
34515731700024
34516606000037
34517353800025
34517598800020
34518170500046
34518716500013
34519363500017
34520085100052
34520915900044
34522203800019
34522594000021
34522917300025
34523672300036
34524622700010
34526469100055
34527625700036
34527790900023
34527812100040
34529036500013
34531445400025
34531958600037
34532206900021
34532676300017
34533454400011
34534051700019
34535627300010
34536481400029
34538007500027
34538233700029
34538746800035
34539521400017
34539689900014
34738229300061
34738457001019
34739031200010
34741057300013
34746684900028
34747358900013
34747699600033
34750126400019
34750561200031
34753804302713
34755355400010
34755650800021
34756635800037
34757331300033
34758213200010
34758379100038
34759627200026
34759869000019
34760241900041
34760249200022
34760721000056
34761511400035
34762076700033
34763231700025
34764402300017
34765382600037
34766245400185
34770120300023
34770322500016
34770728300029
34771982500049
34772178900068
34772580600025
34774527500029
34776221300036
34777055400041
34777615500058
34777730200030
34778932300016
34779209500015
34779215200030
34780615000012
34780914700023
34781678700019
34782060700013
34783294100012
34784555400034
34784787300036
34784938200846
34785153700055
34785169300015
34785198200012
34785552000016
34786412600011
34787155000021
34787714400043
34787976900037
34788460300049
34788571700020
34790273600029
34792671903203
34793965400039
34794078500020
34794942200021
34795849800052
34798610100082
34802465400025
34802541200068
34802631100012
34803406700010
34803590800022
34803835700045
34804035300016
34804138500025
34804500600031
34806870100013
34807276000013
34807997100027
34808117500062
34808347800019
34808494800028
34809094500018
34810123900013
34811390300028
34811633600010
34812741600066
34812978400032
34816866700429
34816881600018
34818039900035
34821120200034
34821434700042
34821746400026
34821829800019
34822031000026
34822094800213
34822519400011
34823283600026
34825019200021
34825818700015
34828538800032
34829714400019
34830410600134
34833056400017
34833594400016
34834929100016
34835845800043
34836883800069
34837708600015
34841618100066
34841741100017
34845571800034
34847875100038
34848184700039
34848532700012
34848663000018
34851096700014
34851358100010
34853293800019
34854766200026
34855190400041
34856524300030
34857104300028
34857738800013
34858349300013
34858660300022
34859258500023
34861592300029
34862318200014
34862454500029
34864313100025
34865298300019
34865865900019
34866530800022
34866664500075
34867416901363
34867416902064
34867416904458
34867494600069
34867583600020
34868194100020
34869744200021
34870089900027
34871240700025
34872096200045
34872305700041
34874169500020
34875122300028
34875168600034
34875249400016
34875523200017
34876826800016
34877709500020
34879294600017
34880165500013
34882092900027
34882265100108
34884276600019
34884357400016
34884674200016
34884772400021
34885353200029
34887345600068
34887836400028
34889908900042
34889921200024
34891529900021
34892022400014
34892064600059
34892797100062
34893701200048
34894345700013
34894841500024
34895210200013
34895688900045
34896405700049
34897195300016
34899853500010
34900006700018
34905765300017
34906275200010
34906504500024
34906615900014
34907081300044
34907320500057
34907786700027
34908832800043
34911347200014
34912304200047
34914499800045
34916388100064
34917202300021
34919265800020
34920031100034
34921208400025
34922499800014
34923463300015
34923592900115
34923984800014
34924050700013
34924170300017
34928197200027
34929453800013
34931800600013
34931862600018
34931890700012
34932615700014
34933366600015
34933469800017
34933604000051
34934465500064
34934811000074
34934844100024
34935890300012
34936726800027
34936885200019
34937253200011
34938153300018
34938740700050
34938920500023
34939362900010
34939590500012
34941668500015
34942875500202
34944503100058
34945660800018
34946023800018
34946538500012
34946667200046
34947110200021
34947501200028
34947635800016
34949237100068
34949830300032
34950261700021
34951806800029
34953266300011
34953483400024
34953739900033
34953800900011
34954510300112
34957047300034
34957482200012
34957567000014
34960147600014
34961895900010
34963581300018
34965201600040
34966847500016
34966966300016
34967790600027
34968138700024
34969076800917
34969380400016
34969858900018
34970154000024
34971616700037
34972015100019
34973389900042
34973719700013
34974794900049
34976498500017
34977735900044
34978073400027
34978575800021
34979318200024
34980685100045
34982939000021
34989059000012
34989278600022
34991260000021
34993070100017
34994156700019
34994279700037
34994293800011
34996120100010
34997496400018
34997655500012
34998061500026
34998522600084
34999679300015
34999836900020
35000070900013
35000111100011
35000219200010
35000589800027
35001389200012
35003610900022
35004326100022
35004389900029
35005272600055
35005457300042
35005848300016
