34482698700028
34483109400067
34484529200012
34486610800022
34487067000017
34487165200014
34488933200021
34489931500024
34490185500025
34492374300019
34493016900018
34493412000017
34493425200075
34493930100018
34494952400047
34495498700022
34500018600022
34500457600046
34500602701673
34504403600019
34507096500024
34507098100039
34508101200022
34508617705548
34508617706744
34508617706942
34509199500026
34510818700021
34511305400018
34511670100011
34512325100026
34512440800021
34512459800011
34513048814257
34513048822201
34513048828208
34513048830014
34513255900013
34513460500012
34513600600045
34514330900010
34515667300013
34517750500012
34519674500037
34519742000010
34521003300022
34523070000014
34526199400023
34527354400030
34528217200013
34530428100016
34531350600015
34532848800027
34533090600024
34533405600016
34535714900037
34537220500061
34537293200045
34537293200052
34538736900068
34540240800024
34540415600514
34739825700050
34739843000079
34740230700321
34741121700057
34741607500021
34742161200081
34742475600034
34742765000010
34743460700011
34743606500010
34743746900021
34744835900039
34746283000030
34749054200037
34750817800030
34750838400018
34752752500013
34753719300026
34753804301277
34753804302119
34753876100011
34754315900037
34754899200010
34760774900012
34761875300029
34763853800079
34764445200034
34764929500016
34765023600040
34766252000027
34768001900036
34768199100019
34768699000016
34772415500044
34774637200023
34779395200057
34781529200029
34781921100017
