34482611000076
34483891700013
34483915400020
34484374300586
34485194400019
34485626500014
34486464000026
34487041500041
34487677600016
34487910100030
34488501700022
34494228900051
34495253600045
34496402800031
34497889500029
34498745800017
34500449300069
34500983100032
34502435000018
34503234600016
34505575000037
34506833200039
34507164100012
34507216900021
34508617705662
34509793500018
34513048817896
34513048822532
34513048824256
34513048830592
34513051200147
34513051202630
34513066000243
34513083500019
34513252600020
34514188100010
34514962900015
34515207800035
34515469400615
34516213500015
34518304000046
34519669500026
34520210500028
34520854000053
34520944900015
34523368800018
34523541000023
34525611900032
34526325500019
34526602700027
34527688500018
34528671000016
34529939000020
34530312700020
34530688000849
34530946200017
34531109600019
34533257100016
34533494000110
34533544200041
34533697800043
34533793500026
34533873500045
34534714000021
34534764500029
34534774400012
34536786600067
34537502600043
34538286500011
34540344800011
34540943700026
34738606200025
34740550800024
34740743900012
34742088700049
34744143800012
34744502500021
34744873000023
34744888800060
34748877700017
34750412800021
34750781600010
34751337600017
34752536200021
34753804300816
34753804302879
34753935500011
34754779600073
34757156400017
34757365100036
34759636300015
34761500700015
34762291200041
34765830400022
34766976400024
34771200200034
34772751300017
34772814900043
34775818700038
34777883900030
34779547800077
34779713600012
34780334800023
34782838600024
34784381500031
34784400300058
34786301100016
34786988500074
34787681500015
34787972800025
34788969300011
34789624300040
34791678500020
