34483744800010
34484374300578
34484694400017
34492856900039
34493065600022
34493113400011
34493175300018
34493331200029
34493568900069
34493800600063
34494866600013
34494997900027
34496102400017
34496276600020
34498042000055
34502330300018
34502792400017
34502877300017
34502909400017
34504465500016
34506601300011
34507607900028
34508617700093
34508744900020
34509083100016
34509660600016
34512351700020
34512760900013
34512832600047
34513048803615
34513048806766
34513048818175
34513048819595
34513048826186
34513048829446
34513048830329
34513048830568
34513051203117
34513775600010
34514504900028
34515450400038
34515451200023
34515772100027
34517066600019
34517990700018
34517993100034
34518231500027
34518921100013
34519570500016
34519677800053
34519894900017
34520310300014
34521223700019
34521776400025
34522254100012
34523911500016
34524598900065
34524849600027
34525101100036
34525685300036
34529919200012
34530688000948
34530782100016
34531239100021
34531779600018
34532229100013
34534641500028
34535831100040
34537980400031
34537996000015
34539576800020
34540962700014
34631037800010
34738568400027
34739067600026
34739130200028
34740031900021
34741222300013
34741722200028
34742976300019
34746294700032
34746343200026
34747843000015
34750290800010
34750358300077
34750551300031
34751241000031
34753420800017
34754600400016
34754826500011
34756154000027
34756199500064
34758144900035
34759441800019
34759537300049
34762240900014
34763722500033
34765359400056
34765909600023
34768669300040
34769324400035
34769510800014
34770728300037
34774699200010
34776618000025
34778248400021
34778532100022
34778558600020
34780325600028
34785320200039
34785748400021
34788433000015
34789159000023
34789182200046
34789216800076
34789629200013
34790527500017
34791234700056
34791435000017
34792377300068
34792486200100
34792671901454
