34482069100030
34483078100029
34484347900090
34484374300487
34486517500014
34487732900021
34489344100032
34491479100076
34491799200028
34492476600019
34492867600016
34493248800010
34493829500039
34494178600016
34494449100028
34494501900067
34494557100034
34496611400037
34497398700011
34498217800032
34500585400020
34500822100011
34501733900010
34501741200023
34502353500023
34504570200015
34505306000017
34506383800014
34507179900018
34508355400039
34508508800010
34508617702404
34508836300014
34509287800023
34511650300037
34513048804126
34513048813770
34513048819488
34513048821450
34513048827648
34513048828935
34514552800021
34515118700019
34515533700065
34519434400064
34521383900029
34523334000024
34525205000025
34526372700033
34526916100039
34528532400041
34528533200036
34530016400026
34530288900075
34530400000010
34535118300503
34536841900015
34537490400059
34538276600052
34538818500018
34539811900015
34738078400012
34738251700014
34738315000013
34738457002694
34739030400017
34740230700024
34740233100016
34742505000023
34746263200022
34746581700034
34746619500018
34746634400046
34746756500011
34748053500025
34748440400012
34750110800018
34751669200014
34752292200033
34752847300049
34754571700014
34754911500017
34755028700010
34755407300010
34757256200028
34758185200014
34760256700013
34760381300036
34761223600013
34762437100030
34762689700024
34762817400059
34765206700039
34765805600010
34766867500015
34767004400010
34767520900055
34767786600019
34769277400024
34770135100053
34770937000030
34772339700019
34773176200030
34775668600031
34779121200017
34779726800021
34780600200585
34781061600016
