34482150900025
34484830400012
34488193300016
34488623900013
34488900100022
34489011600017
34493368400021
34495883000012
34497423300019
34497573500012
34498727600039
34500448500016
34500801500017
34502478000016
34503885500010
34506250900020
34506416600019
34506424000038
34508617703436
34508617706413
34508617707338
34508617707957
34508774600045
34509198700023
34510933400028
34513048803961
34513048823308
34513795400045
34515020500028
34516282000061
34516473500077
34516642500040
34517722400028
34517996400019
34518310700019
34518904700029
34519495500018
34519569700023
34520224600053
34520842500016
34522566800044
34523315900010
34525613500012
34526881700011
34527446800031
34528425100039
34530654200019
34530688000799
34532772000016
34533174800029
34536020000025
34536418600022
34738457002413
34738457003015
34739785300024
34740290100040
34740593800015
34742489700028
34743389800025
34744092700023
34744633800019
34746251700025
34747185600034
34747545100022
34748097200020
34749688700030
34749871900066
34750302100011
34750501800015
34751506600012
34753804301806
34753804302648
34754437100029
34754658200029
34754844800013
34755099800038
34755385100085
34755598900016
34758828700024
34759180200017
34759390700012
34760462100024
34761594000025
34763705000027
34764271200041
34765731400089
34765739700019
34766764400046
34766999600014
34767949000024
34768451600052
34768844200024
34769258400027
34769267500023
34770918000025
34771726600022
34773566400059
34776199100079
34777547000037
34780600200411
34781122600013
34784151200119
34784938200580
34787061000073
34788107000036
34788182300178
34790572100010
34791946600057
34792671900795
34792671902692
34792671903104
34792712100017
34792836800039
34793922500053
34795276400020
34795736700035
34796521200017
34798386800022
34798911300027
34800144700013
34800327800010
34800466400010
34800909300058
34801731000015
34802020700067
34802176700010
34802179100010
34803673200025
34806126800010
34806266200013
34808159700018
34808555600010
34809987000019
34812449600020
34814057500013
34814709100014
34814728100060
34816303100019
34816386600018
34816617400030
34822525100076
34823092100044
34823648000011
34823727200011
34823918700027
34824577000014
34825421000035
34826587700038
34826597600053
34828787100035
34829464600016
34830706700010
34832585300037
34832941800027
34833404600011
34834753500018
34835469700016
34837528800050
34837672400012
34837726800027
34837937100019
34839837100032
34840078900015
34840254600017
34841550601717
34844132000028
34844214600026
34844539600016
34846998200022
34848696000019
34849580500023
34849891600025
34850905000046
34853098100052
34853789500040
34854180600017
34854422200014
34855055900010
34855401500019
34855569900035
34858403800023
34859430000025
34859830100011
34860269900053
34861457900012
34861857000066
34862183000028
34864516900023
34866012700021
34866058000013
34866217200082
34866563900020
34867079500015
34867544800024
34867664400118
34867683400016
34868099200081
34868191700012
34868398800011
34868555300045
34869145200018
34869499300018
34869518000011
34869625300015
34869887900023
34872386700019
34872477400024
34873618200018
34874042400018
34875348400024
34877315100017
34877651900012
34878081800020
34878554400019
34878797900023
34880076400022
34884661900032
34885839000050
34886137800019
34886335800019
34887404100018
34888331500700
34888863700058
34889763800022
34890580300014
34891075300014
34891187600046
34891266800038
34892438200016
34893001700010
34893267400032
34893638600674
34893638600757
34895718400016
34896569000020
34897090600056
34897462700021
34897822200027
34898446900034
34898527600040
34898820500020
34898960900030
34899068000046
34899155500643
34901548700029
34901742600025
34903738200034
34904440400060
34905674700034
34906767800129
34907311400010
34908560500039
34911812500021
34914524300029
34916990400027
34918544700019
34918986000027
34919273200023
34921388400035
34921738000014
34922110100026
34922394100023
34923182900020
34923746100026
34924026700048
34924314700056
34924593600035
34927260900018
34927677400065
34927890300043
34928077600015
34928331700015
34928432300079
34929101300010
34931222300010
34932013500016
34933811100041
34934968800029
34936272300018
34937533700012
34938705000025
34939848700026
34940139800012
34940597700027
34940676900043
34941225400022
34942296400016
34942399600025
34943811900043
34944309300035
34944414100015
34946543500023
34946833000015
34947334800028
34949885700011
34952642600037
34953285300018
34953581500022
34953629200056
34953885000034
34953901500017
34954664800016
34956785900039
34956869100019
34958302100028
34958524000030
34959799700049
34963066500017
34963261200025
34964370000025
34964389000016
34966526500055
34967674200035
34969076800610
34969223600020
34970112800044
34972279300032
34974058900016
34974988700015
34975125500028
34975324400020
34975376400019
34979020400185
34981135600014
34981156200017
34981824500012
34982054800023
34982064700023
34982551300030
34983960500020
34984454800033
34984617000026
34985359800028
34985369700028
34985678100027
34987398400018
34989184600041
34991839100039
34993086700016
34993908200013
34995002200013
34995552600018
34995580700012
34996107800053
34997493101270
34997967400026
34998425200016
35002414700059
35003680200022
35003877400039
35005426800023
35006374900013
35006874800028
35008034700023
35008811800038
35011051600019
35012855900019
35013774100012
35014426700019
35014960500023
35017049400016
35018102000065
35018129300035
35018489100017
35018666400032
35019751300012
35020587800043
35020622300017
35024821700019
35026398400014
35029109200038
35029839400031
35030001800024
35030504100013
35031129600031
35032456200015
35033012200010
35035278700039
35035885900048
35036957500013
35037778400029
35037864200572
35038484800023
35038874000036
35040467900010
35041349800055
35041657400019
35042149100027
35042254900054
35046030900015
35049007400126
35049394600064
35049831700014
35050057500013
35050338900065
35052377500012
35052840200018
35053066300011
35054023300011
35055023200010
35056095900016
35056812700020
35056873900022
35059552600012
35060551500054
35060648900028
35063567800013
35064334200016
35064886100069
35066656600038
35069675300010
35071418400032
35071676700032
35072679000024
35073278000035
35074435500016
35074950300024
35075652400012
35076152400031
35077056600023
35077380000015
35079002800038
35079161202125
35080307800012
35080539600727
35080722800027
35081298800011
35083873600014
35085563100015
35086347800029
35088162900017
35089411900022
35090046000014
35090195500012
35090467800058
35092947700064
35093320600012
35094881600011
35094901200016
35096754300017
35097824300011
35098184100017
35099170900048
35099310100046
35099732600029
35101149900016
35103711400029
35106584200012
35107826600019
35107996700011
35108101300051
35110520000015
35112496100019
35112856600020
35114874700014
35114882000019
35115260800011
35116283900036
35118196100019
35119111900301
35119742100024
35120176900038
35123218600038
35123614600012
35123868800029
35124756400013
35125637500012
35126470000037
35126737200131
35126880000031
35128647100047
35129189300011
35131977700048
35132734100019
35133312500034
35134633300013
35135791800017
35136647100024
35138216300035
35140264900013
35141429700017
35142428800030
35142656400024
35143723100027
35143823901175
35144208204573
35144208205620
35144208207113
35144208207535
35144420300076
35144895600026
35145587800014
35145757700010
35146811100031
35147237800014
35147340000056
35147777300011
35149014900025
35150790000014
35151440100014
35151867500019
35152614000014
35152690000011
35153139700021
35153481300016
35153807900028
35155014000039
35155051200039
35155611300014
35155651900012
35156304400012
35157152600125
35157175700035
35158255600020
35159126800021
35159864400018
35160103400017
35160558900024
35160676900013
35161732900013
35163035500037
35164125300015
35165306800012
35166506200011
35167502000017
35169628100028
35170804500015
35171158500023
35171353200411
35171353200551
35173343100016
35173916400017
35174194700029
35175684600017
35178576100047
35180364800028
35180933000019
35183519400041
35185080500026
35185366800017
35187346800026
35187980400042
35188019000035
35189078500071
35192425300013
35192507800039
35194052300050
35195162900010
35195471400017
35195973900019
35197614700014
35197619600011
35198708600615
35199552700014
35199977600021
35200726400034
35203292400057
35203416900016
35203425000030
35203483900014
35204353300012
35205089200012
35206085900027
35207423100015
35207670700012
35208092300027
35208718300013
35208980900011
35209011200017
35209222500015
35209305800043
35209813100423
35212510800014
35212793000043
35214487700011
35215506300030
35216303400031
35217310800064
35217889100029
35219119100019
35219152200015
35220496000012
35221006600010
35221332600056
35221555200014
35221687302829
35221687303058
35224445300028
35224696100028
35225711700056
35226756100012
35228574600017
35228767600014
35230836500092
35232192100020
35233345400010
35234174700041
35234388300026
35234501100063
35236732000053
