34482479200180
34483321500041
34483539200012
34483541800015
34483561600071
34484106900018
34484693600021
34485499700022
34488649400063
34491401500039
34491859400013
34493060700108
34493314800019
34493978000039
34494344400119
34494952400039
34495188400016
34496356600031
34496967000019
34498409100043
34499370400016
34499597200041
34499723400044
34503503400023
34505283100038
34505418300016
34506522100045
34507378700011
34508372900011
34508617704731
34508748000025
34509025200023
34509328000013
34513048800702
34513048818498
34513048826079
34513048827226
34513048827481
34513048828901
34513324300039
34518130900021
34519782600034
34520618900051
34521079300039
34524504700013
34524795100022
34527054000015
34530676500032
34535764400011
34539488600013
34540797700015
34721020500089
34738103000019
34738457000722
34738829000012
34739855400019
34742105900028
34742413700078
34742715500044
34743118100010
34743811100036
34744472100018
34745943000026
34746188100034
34748248100012
34749128400019
34749438700041
34749681200012
34749884200017
34751464800018
34751725200024
34751861500013
34753804300394
34753804302341
34755812400033
34759031700017
34759388100019
34760589100030
34760744200022
34760928100030
34762630100035
34765756100010
34765768600023
34765910400017
34765959100023
34767519100014
34768488800014
34768852500018
34771953600026
34772503800025
34772802400055
34774882400021
34776502600070
34777131300025
34777623900019
34777787200032
34779482800017
34780977400032
34781126700025
34782091200058
34782578800016
34785745000014
34786400100016
34788672300050
34790560600039
34791801300033
34792671902494
34794183300019
34794686500065
34794744200070
34795096600015
34795550200013
34798185400016
34799269500051
34799895700059
34802397900035
34802531300019
34804098100055
34804360500024
34804372000013
34810869700023
34811322600040
34811431500032
34811886000025
34811978500023
34813308300058
34814771100017
34817875700012
34819663500018
34820641800017
34821440400140
34822059100021
34823745400031
34823889000019
34825292500048
34825670200039
34826353400029
34826758400012
34829573400035
34830316500040
34831098800038
34831170500027
34832494800010
34833829400039
34835840900012
34836561000016
34838787900011
34839933800022
34841145500044
34841227100051
34843575100030
34846773900010
34846874500024
34850090100031
34851016500031
34852419000025
34853767100045
34854072500036
34854347100018
34855452800037
34856739700016
34857552300017
34858669400013
34859966300047
34860256600021
34863993100016
34864337000011
34866339400024
34866769200019
34867416903781
34867416905091
34869729300010
34870353900018
34871010400020
34871496500012
34871797600016
34871909700043
34872028500017
34872182000010
34874317000014
34874910200052
34875350000035
34876345900032
34877418300068
34879032000249
34879387800011
34880033500039
34880402200047
34880766000041
34881114200317
34881842800057
34882663700012
34882766800016
34883362500018
34884156000017
34885181700034
34885736800057
34885822600023
34887635000011
34888167300027
34888420600015
34889665500035
34889947700072
34890118200041
34890669400024
34891209800012
34891834300131
34892180000028
34893851500015
34893931500019
34894920700016
34895466000026
34896166500026
34896620100025
34897244900063
34897897400049
34898117600020
34898234900022
34898469100066
34899242100035
34899574700014
34900498600015
34900552000011
34901168400017
34901268200051
34901553700062
34902136000046
34903748100034
34904357000028
34905674700059
34905707500039
