34482095600037
34484220800029
34487434200050
34487609900013
34488154500018
34489510700011
34490469300019
34491014600036
34491821400018
34492726400020
34493070600017
34493610900018
34493833700013
34495035700022
34495260100013
34495691700019
34496372300053
34497396100032
34499625100015
34500081400011
34500602701236
34500948400014
34502789000028
34503010000308
34503864000065
34506879500037
34508087300184
34508617705076
34508617707437
34511685900066
34511822800021
34512771600016
34513048804308
34513048818621
34513048826897
34513048827705
34516616900010
34517982400031
34521497700026
34523412400021
34524234100039
34525702600038
34525752100020
34526189500014
34527924400031
34529022500035
34529772500029
34529792300012
34532432100040
34532946000017
34533370200032
34534836100014
34535051600034
34536301400050
34536724700011
34537876400038
34538196600026
34539160100191
34539911700018
34539959600039
34540887600026
34540944500011
34738457002165
34740008700040
34741001100105
34741326200036
34741486400053
34741698400024
34743756800020
34743812900012
34744188300019
34745108000043
34745791300015
34746396000026
34746746600061
34746960300026
34748201000043
34751650200023
34752832500017
34753804301590
34754264900038
34756597000014
34757225700017
34758092000010
34758092000077
34758155500021
34758842800024
34759580300011
34760480300044
34761956100017
34763239000105
34765281000016
34767719700035
34768441700038
34769401000013
34769918300013
34770418100010
34771650800010
34772485800019
34772762000028
34774169600012
34774639800028
34775667800038
34775758500026
34777850800015
34780600200643
34782785900021
34783610800022
34785042200010
34785499400014
34786491000018
34788542800032
34789302600018
34789936100054
34791704900020
34792160300010
34792357500018
34792671900720
34792671902817
34794279900060
34795434900010
34795553600011
34795632800020
34796447000020
34796451200011
34796464500027
34796657400027
34797286100038
34797659900022
34799916100032
34804400900044
34804584000017
34806688700046
34807640700025
34807641500010
34811247500010
34811322600198
34811325900017
34812497500015
34816575400014
34816863400015
34817472300018
34817629800019
34817906000036
34817945800016
34818713900012
34818748500035
34820011400042
34821001400018
34821049300048
34825878100015
34826473000022
34826978800033
34827162800045
34827360800037
34827891200012
34828587500020
34828602200036
34831548200045
34832027600028
34834281700015
34835995100079
34836491000029
34838414000037
34839433900041
34841084600029
34841550601360
34844329200035
34845815900012
34847570800049
34848065800015
34849842900029
34851249200011
34853342300037
34855231600013
34855898200032
34860606200027
34860642700030
34865375900012
34865647100011
34867416901454
34868688200047
34869385400013
34870046900011
34870106100015
34871098900016
34872229900032
34873862600038
34873933500019
34875426800012
34876996900034
34877309400019
34877360700034
34878637700013
34879032000090
34880441000010
34881385800043
34882204000013
34882331100017
34882887200013
34882904500015
34884076000022
34885011600073
34886299600017
34887736600032
34887783800014
34888331500668
34889058300027
34889281100012
34889851100053
34890766800035
34891226200048
34891251000032
34892321000051
34893701200246
34894025500287
34895441300046
34896021200051
34896022000013
34896401600029
34898524300032
34899708100024
34900846600014
34901128800025
34901789700043
34902046100019
34902158400025
34902325900014
34902445500017
34903461100039
34906077200028
34906493100018
34906767800145
34907693500015
34907733900019
34908732000017
34908832800035
34909209800020
34910452100019
34910735900052
34911468600018
34911834900019
34912699500027
34913244900019
34913866900016
34918246900024
34918377200038
34920434700067
34920565800041
34921181300010
34924083800012
34924210700010
34924751000028
34924871600053
34925599200092
34925696600020
34925788100020
34926822700023
34927411800026
34928264000029
34932479800017
34933674300043
34933797200013
34934005900014
34934007500028
34934285700027
34934529800021
34935660000016
34936435600031
34936679900055
34937188000023
34937936200016
34938628400013
34940182800026
34942616300011
34942783100012
34943351600011
34943637800013
34944468700025
34944634400070
34946709200012
34947797600030
34948299200063
34950015700038
34950695600029
34951163400041
34952122900014
34952168200014
34952390200071
34953154100028
34953169900024
34953442000022
34954032800011
34956331200017
34956500200079
34957042400011
34957701500101
34957887200013
34960096500041
34961249900013
34961545000013
34961636700026
34962576400031
34962970900016
34964035900056
34964257900016
34964915200015
34965064800018
34965169500042
34967992800011
34968453000034
34968795400033
34969721900047
34970220900017
34970627500014
34970746300015
34971775100037
34972626500011
34972803000066
34974317900955
34975521500028
34977252500193
34978266400016
34979382800014
34979997300038
34980333800012
34980585300026
34983466300032
34984094200016
34984449800080
34984629500047
34985182400020
34985589000019
34985932200019
34986648300028
34986959400268
34989692800026
34991039800016
34991944900042
34992285600035
34992552900027
34993137800013
34994309200016
34995053500014
34996222500026
34996942800029
34999792400015
35000001400026
35000470100024
35001860200010
35002537500014
35004593600142
35005109000024
35006367300023
35008490100031
35009312600026
35009646700021
35009692100027
35014112300017
35014166900027
35014286500012
35016719300027
35017055100054
35017843000038
35019191200012
35020673600034
35021630500010
35021986100027
35023105600044
35023651900020
35024460400020
35024837300010
35025854700057
35026486700010
35026508800020
35027481700013
35027935200016
35028950000026
35029576200016
35030286500018
35030433300031
35031231000013
35032960300012
35033673100038
35035494000065
35035522800015
35036381800013
35037836000035
35037864200614
35039464900015
35042342200012
35042568200027
35045042500011
35046281800047
35047074600016
35047765900014
35049126200092
35050111000042
35050220900017
35050880000017
35050898200021
35052199300039
35052373400019
35054288200013
35054686700010
35056202100021
35056577600050
35061924300016
35062410200082
35062666900054
35063604900016
35063768200021
35063935700010
35066025400011
35066571700020
35067450300015
35069993000094
35071122200017
35071514000058
35071860700012
35072009000017
35075179800025
35079107500012
35079428500030
35079887200023
35080993500025
35081953800017
35084740600021
35085315600049
35086439300052
35086842800060
35088404500039
35090671500015
35092601000025
35093595300033
35094119100065
35094522600032
35095371700021
35095471500016
35097355800025
35098911700014
35099100600056
35099183200030
35100424700026
35101417000051
35104819400010
35105000000022
35105226100028
35105757500018
35106659200079
35107196400024
35109121000036
35112954900017
35115801900015
35116247400024
35117285300076
