34482479200354
34486187700019
34486681900065
34488276600076
34488622100037
34489111400029
34489431600027
34489761600118
34490906400018
34491958400021
34491999800015
34493060700116
34493426000029
34493933500032
34494081200029
34495582800043
34495939000065
34496214700056
34496646000018
34498512200029
34500602701806
34501335300239
34501464100020
34501726300012
34503068800021
34504017400012
34506122000033
34506569200013
34508617704996
34508617705167
34508617708013
34509850300039
34510154700023
34511770900039
34512506600018
34513048806022
34513048808630
34513048809380
34513048813978
34513048828323
34513048828497
34513452200035
34515439700011
34515610300052
34517609300010
34518050900035
34518295000013
34518377600136
34518907000013
34524943700053
34525969100011
34527520000011
34527580400010
34527654700014
34529240300010
34530688000344
34530881100024
34534512800044
34535338700011
34537161100020
34537415100016
34538094300018
34539315100047
34539799600025
34539923200023
34540857900018
34605002400378
34635010100074
34648011400013
34738457000326
34738457001035
34739453800016
34741209000024
34741477300031
34741597800019
34743120700021
34745140300047
34746470300037
34746502300013
34749359500024
34750017500018
34751442400014
34753394500015
34754398500043
34754763000025
34755401600019
34755539300045
34756440300017
34757240600010
34758223100499
34758514300022
34761721900022
34761887800024
34763540100024
34763915500022
34765252100076
34765743900019
34766653900049
34766993900030
34767487100038
34768633900016
34769435800016
34770880200116
34771053500043
34771173100021
34773066500010
34773980700027
34775712200028
34775965600056
34776294000026
34778992700014
34780719000017
34782503600044
34784211400048
34784393000012
34785551200021
34788922200068
34790212400010
34792671902718
34792671902924
34794070200017
34798432000064
34801759100044
34802305200023
34802595800011
34803627800045
34805082400021
34805777900012
34806370200032
34806429600026
34808151400047
34808711500021
34808872500018
34809193500059
34809327900019
34809709800019
34809998700185
34810777200017
34811910800085
34812654100013
34814489000012
34815434500014
34816573900015
34817145500028
34817520900017
34818449000012
34820134400010
34822146600066
34823137400052
34824793300040
34825256000035
34826755000039
34829766400040
34830960000032
34830968300038
34831546600048
34831596100030
34831802300028
34833050700024
34834904400043
34834928300013
34836765700015
34837573400012
34838307600034
34838380300015
34838768900014
34839049300057
34839086500015
34839815700035
34840062300024
34841200800016
34841570400025
34842106600021
34842500000018
34843065300025
34844507300037
34844531300037
34844607100030
34845379600024
34847833000015
34851563600036
34853598000042
34854467700027
34854736500034
34854877700013
34856393300038
34858741100045
34859388000019
34860097400011
34861118700033
34862202800010
34864519300023
34867101700013
34867415100041
34867416903534
34867416903542
34867416905935
34867440900027
34867533100014
34867724600012
34867855800019
34869715200018
34870095600025
34870171500016
34870616900052
34871295100014
34872232300022
34873011000031
34874721300018
34875494600013
34876066100028
34876747600073
34882953200012
34883425000014
34883613100022
34884020800014
34884510800029
34886519700027
34888743100057
34889703400016
34890714800038
34893151000013
34894888600018
34895183100026
34896919700022
34897430400035
34897739800018
34898412100023
34899155502094
34900084400051
34901263300021
34904305900022
34904811600017
34905033600032
34905503800047
34906231500016
34909208000010
34910070100029
34911474400015
34911812500013
34912615100027
34912851200010
34913997200021
34914190300014
34915723000096
34918238600038
34918573600296
34918659300019
34919487800022
34920876900019
34920939500046
34921743000017
34922376800012
34923499700022
34925384900047
34929207800038
34931281900015
34932506800030
34932653800015
34933369000049
34935962000011
34936046100025
34939280300012
34942286500023
34942860700015
34943349000068
34944379600017
34944670800027
34944749000021
34944761500015
34944890200016
34945721800023
34947713300053
34948214100018
34948709000012
34948773600010
34950761600044
34951166700041
34952164100036
34954117700011
34954138300015
34956794100019
34956925100029
34960188000025
34961297800024
34961613600074
34963136600011
34963301600010
34964186000052
34964285000037
34965076200025
34965188500023
34966320300025
34967509000022
34967725200026
34968508100011
34969311900035
34970374400038
34970564000036
34971190300030
34971471700049
34973387300013
34973569600016
34974317900492
34974873100016
34974964800011
34976803600106
34976945500016
34977220200033
34977548600013
34977913200019
34978044500012
34979561700043
34981545600018
34984184100019
34984923200013
34986867900011
34987600300048
34987639100021
34987684700063
34988353800044
34989754600017
34990789900018
34990903600023
34991520700048
34993595700028
34994651700019
34995564100015
34996038500020
34996662200038
34998467400094
34999817900015
35001073200047
35001572300074
35004975500019
35005428400020
35006058800018
35009060100021
35009094000015
35009738200039
35011585300029
35012082000021
35013259300012
35013376500023
35013921800019
35015735000025
35017146800019
35017883600010
35018314100075
35018702700015
35018880100012
35019046800032
35019245600035
35027662200015
35027939400026
35030516500044
35030945600043
35031915800027
35031929900037
35035439500054
35035450200048
35035744800017
35037231400012
35037244700028
35037266000042
35037506900019
35037814700028
35040672400020
35040878700025
35041927100043
35042047700035
35044698500011
35044713200019
35045041700026
35046071300034
35046694200017
35048268300025
35052616600052
35052875800013
35053557100052
35053844300036
35054342700016
35055033100036
35056435700019
35058971900011
35062141300011
35063383000020
35063846600010
35064360700012
35064544600013
35065576700019
35067480000023
35067570800027
35070412800015
35070567900016
35070982000012
35071007500028
35071101600013
35072389600022
35072640200034
35072640200075
35072805100011
35073755700016
35074153400019
35075312500565
35076426200076
35077403000034
35077484000044
35079161202133
35079662900011
35083082400032
35084558200039
35084871900034
35085429500010
35085429500028
35085651400012
35086113400020
35088383100074
35089104000023
35089375600014
35089880500014
35092007000017
35092090600012
35096308800025
35097004200015
35098337500014
35100564000047
35101597900013
35102808900016
35103847600054
35104101700028
35105401000050
35105965400019
35106416700015
35107294700036
35107617900016
35110538200029
35110562200010
35112713900035
35112793100118
35113148700016
35113516500014
35114682400021
35115867000015
35116448802614
35117340600064
35118706700019
35118855200019
35119276000053
35119615900021
35123591600019
35124298700037
35130602200051
35131147700100
35131665800019
35133826400275
35135926000020
35136968100025
35137552200049
35137835100040
35138297300110
35138938200026
35138954900012
35139152900036
35139156000031
35139500900027
35140391000042
35141832200019
35141949400049
35143340400032
35144208202015
35144208202247
35144208207691
35145224800021
35146382300010
35147408500021
35147765800014
35147769000033
35148116300019
35149204600021
35151484900014
35151734700081
35153637000023
35154143800021
35154750000014
35155612100025
35155999200018
35159013800027
35159378500055
35159434600048
35159657200021
35161483900022
35162028100011
35163057900024
35163788900053
35164065100052
35165668100019
35165871100020
35168499800021
35170476200027
35170901900035
35173734100039
35174686200017
35175647300010
35175779400018
35176029300016
35176042600046
35177585300010
35178923500014
35179052200053
35179273400037
35180030500010
35180200400025
35181375300016
35181988300023
35182478400018
35182746400014
35182933800018
35183740600328
35183740601276
35185903800025
35186769201126
35187127200016
35187702200043
35188359000033
35188730200013
35189549500023
35192954200014
35194365900042
35195052200034
35196312900017
35197072800017
35198266500025
35201435100030
35201683600343
35202548000018
35203898800015
35206964500013
35207332400019
35208114500018
35208704300019
35209095500019
35209548300017
35210272700042
35211914300019
35211979600014
35213691500050
35213821800032
35214254100031
35216299400037
35216832200019
35217355300038
35217417100020
35218836100013
35219354400017
35219835200028
35220480400012
35220675900016
35221440700012
35221993500025
35222411700015
35222575900013
35222577500068
35223038700081
35224476800029
35224630000037
35226397400011
35226470900028
35226781900022
35227897200018
35231631900024
35231752300046
35231789500022
35233343900037
35233463500013
35235373400010
35235745300021
35236476400014
35236874000028
35236965600017
35239171800025
35241126800019
35243040900024
35243863400011
35244400400043
35245674300017
35247397900016
35251191900040
35251395600032
35253129700013
35253190900013
35254503200067
35254806900033
35255272300012
35256071800012
35256799400012
35257096400010
35257541900010
35257868600011
35258046800028
35259622500016
35259852800011
35260584400047
35261622100029
35262348200010
35262584200013
35263060200014
35263738300022
35264530300095
35267436000024
35268114200027
35268168800045
35268867500045
35269589400035
35269792400012
35270047000011
35270954700017
35271318400021
35271739100036
35272112000033
35272602000022
35272710100011
35274107800021
35274574900817
35274721600013
35275428700014
35275792600014
35276956600022
35277369100014
35278187600011
35279630400025
35279934000406
35282042700024
35282361100061
35283080600035
35283440200047
35283841100010
35285107500015
35286063904423
35286595000021
35286820200024
35287767400015
35288436500045
35289680700018
35289893600013
35291162200012
35291282800022
35292602600027
35293434300018
35294821000013
35295699900010
35296067800014
35296220300019
35296360700010
35297808400015
35298641800015
35298766300015
35298895000031
35299834800028
35300207400014
35300443500031
35301476400016
35301869000019
35307967600014
35308369400011
35309644900023
35309921100032
35311563700012
35311994400018
35313680700016
35314001500085
35316482500013
35317117600012
35317188700022
35317875900018
35320383900017
35320571900019
35322952900022
35323032900040
35324222500053
35325874200017
35326423700028
35327670200027
35329219600014
35329711200081
35330523800340
35330523800704
35331152500151
35333030100014
35333462600028
35335245300032
35335370900069
35337259200017
35337633800060
35338877000011
35339346500045
35340277900113
35340277900253
35340863600010
35341299200029
35341960900055
35343843500011
35347694800016
35348352200010
35348929700047
35349547600023
35350102600010
35350126500014
35350943300010
35352263400016
35353928100033
35354484400031
35355171600015
35356914800011
35357457700030
35358482400018
35360818500040
35362589000010
35362656700013
35363248200017
35364076600013
35364290300028
35365532700016
35365766100016
35365888300023
35365939400020
35366249700026
35366476600014
35366941900650
35367569700018
35369046400048
35369328600026
35369700600057
35371213600012
35372254900014
35375908700029
35377751900011
35378206300047
35378684100042
35380336400010
35381165600027
35382102800928
35382102802767
35382393300018
35383201700092
35385076100019
35386190900466
35386235200013
35386491100014
35386642900023
35387055300024
35387354000010
35388643500018
35389289600039
35389530300017
35391541600013
35392100000017
35392514200021
35392764300018
35393442500029
35394855700023
35396127900133
35396308500017
35397044500014
35397348000042
35397431400018
35397755600011
35398436200080
35398660700045
35400841900021
35401164500026
35402165100014
35402285700016
35403429000024
35403475300039
35404401800035
35404883700034
35405646700013
35408407100019
35409060700020
35450022501296
35450022502500
35600000001753
35600000003611
35600000005902
35600000009386
35600000010703
35600000011559
35600000015834
35600000021701
35600000022692
35600000024069
35600000026382
35600000026418
35600000031566
35600000033000
35600000034298
35600000037173
35600000042514
35600000043144
35600000046010
35600000046268
35600000053337
35600000053913
35600000055097
35600000055515
35600000056217
35600000061423
35600000061702
35600000062599
35600000064871
35600000066405
35600000066522
35600000066743
35600000067896
35600000069402
35600000069957
35600000070630
35680157101286
35780070500067
36650058500406
36820025900167
36850081500635
36850081501260
37558027100258
37637187800020
37748454800153
37748519800032
37750718100032
37754707000039
37754824300015
37755524800014
37756780500041
37757202900033
37759087200026
37760194300014
37760367500010
37761644600011
37761786500029
37764089100018
37764471100014
37764782100026
37765027000012
37768115000068
37770843300018
37771465401092
37772435600029
37772489300013
37772935500026
37772972800032
37773798600010
37774753000014
37776512800014
37777195100037
37782336400015
37784224000048
37785107600036
37785153000024
37785353600086
37788298000016
37788400200041
37789505700018
37789799600023
37790212700044
37791078100014
37791418900024
37791706700102
37792839500013
37793090400042
37793697600028
37797068600012
37797098300013
37798390300016
37799327400010
37799465200024
37800892400078
37800962500013
37801117500049
37801617400021
37803409400011
37803568700029
37804750001846
37804750002422
37806023000026
37806275601299
37807139300011
37809505300013
37810744500025
37815080900028
37815357100047
37815588100022
37817338900016
37818331300022
37819321300022
37820356600013
37820781500028
37820994400016
37821271600013
37821384700023
37823675600029
37829735200015
37829746900017
37830038800014
37831085800014
37832008900014
37833551700033
37833803200014
37834663900016
37836186900019
37837102500016
37837731100022
37838541300018
37838804500015
37840001400015
37840042800025
37840545000099
37843815400023
37844121600025
37844675100018
37845393000042
37845637000022
37845646100011
37846028100363
37846685800024
37847298900011
37847327600038
37849199700011
37849599800023
37850083900048
37850922800011
37851364200025
37853533000013
37854215300044
37855417400037
37856820800029
37856903200030
37858270400011
37861602300024
37861947200020
37864745700027
37864913100018
37865937900036
37865938700062
37867344600076
37867547400019
37868404700061
37868551500017
37868822000011
37868831100018
37869579500039
37870117100019
37871366300011
