34482791000029
34484374300149
34484501100057
34486067100033
34486369100012
34490841300026
34491014600077
34491245600029
34492242200011
34492477400021
34493405400026
34494789000010
34497292200019
34497703800019
34502866600021
34502871600032
34503010000258
34504805200020
34505222900050
34505991900083
34506758100040
34508617702198
34508617703329
34508617704475
34509868500034
34510029100011
34510612400018
34511210600033
34511436700021
34511904400013
34513048805180
34513048814463
34513048819009
34513048820528
34513048821260
34513048826053
34513786300014
34515666500027
34516331500012
34518558100039
34518640700051
34519025000034
34520906800013
34520978700018
34522586600010
34522638500010
34523906500013
34525487400018
34527190200024
34527282700030
34527826100044
34531560000022
34532490900109
34533747100022
34534565600044
34534999700022
34535162100023
34535892300018
34537632100021
34538195800015
34539160100357
34702011700011
34738457003072
34738893600010
34740659700018
34741258700011
34741300700043
34741445000028
34741846900024
34743646100011
34744478800025
34746435600034
34752347400018
34753517100016
34753804303158
34753999100013
34754325800011
34754432200022
34757225700025
34759236200037
34760122100026
34761108900017
34761336600017
34762020500018
34763224200025
34765128300025
34765217400017
34766361900026
34767120800028
34768950700023
34769320200033
34772118500036
34772860200025
34773805600014
34773928600040
34774046600011
34775104200016
34776053000019
34776325200017
34776550500016
34776590100017
34777899500022
34778994300029
34780600200577
34781435200030
34782237100121
34782721400029
34783474900025
34785070300054
34785302000035
34785923300012
34786157700018
34786288000015
34786902600042
34789839700018
34789967600014
34790016900066
34790792500023
34791447500020
34792671900118
34793408500015
34793668400013
34793992800037
34796373800013
34800115700109
34800627100053
34801036400019
34802762400017
34802903400017
34803287100025
34803572600051
34804321700010
34808246200014
34808740400029
34809906000017
34814179700038
34814942800024
34817822900038
34817998700014
34819695700016
34821972600018
34822663000054
34823220800010
34823515100027
34825783300056
34828898600048
34829655900019
34829769800014
34833400400036
34835224600014
34835715300025
34838674900025
34839444600036
34839935300013
34840251200035
34842228800095
34842924200020
34844039700035
34845101400057
34845287100018
34848522800046
34849145700019
34849739700037
34849998900013
34850702100023
34851363100047
34852880300011
34854736500059
34855935200037
34856808000025
34857012800010
34857366800020
34859736000018
34860827400042
34861472800015
34863515200013
34864701700014
34867416900969
34867735200018
34868541300018
34869022300022
34869427400013
34869925700013
34872210900033
34874935900033
34875176900038
34876253500014
34876849000016
34877418300076
34880040000056
34881046600048
34881919400062
34883385600092
34883831900013
34883980400021
34884815100026
34886062800026
34887320900012
34887690500012
34887725900013
34888667200032
34888741500043
34889971700014
34891276700020
34891306200017
34891490400027
34892113100036
34892130500010
34894123800019
34894834000016
34896270500029
34896279600010
34896425500015
34897736400085
34898692800011
34899155501898
34899787500045
34900240200015
34900434100153
34900777300048
34900953000024
34901810100023
34904815700029
