34482002200053
34483766100026
34485120900017
34486125700014
34486662900027
34487503400011
34487551300014
34487788100021
34489815000042
34491697800028
34491754700012
34494325300056
34496237800024
34496620500017
34498993400015
34499766300010
34501061500051
34502043200026
34502995300022
34503082900013
34503577800017
34503722000018
34505087600027
34505208800027
34505245000011
34505493600025
34506128700032
34506670800016
34507615200015
34508520300031
34508617703162
34508617703311
34508617705936
34509379300015
34509785100025
34511217100011
34511434200040
34511911900013
34512812800013
34513048800470
34513048811675
34513048819462
34513051202275
34514130300015
34514525400024
34516234100027
34517183900011
34518402200027
34522790400025
34523184900018
34523546900037
34524861100039
34527294200037
34527813900075
34527849300035
34529194200083
34529377300015
34529892100015
34531237500123
34532250700012
34535590300013
34536162000023
34536790800018
34536848400027
34536908600029
34536949000015
34537451600010
34538138800023
34738357200083
34739488400014
34740698500023
34741406200039
34744060400069
34744524900027
34745230200016
34746692200056
34748045100017
34750294000013
34751849000011
34752851500013
34753312700135
34753804302168
34754081700017
34755116000018
34756743000108
34756880000036
34757784300035
34758223100838
34758893100019
34759396400021
34760546100024
34760875400078
34761474500011
34761978500012
34762891900016
34764714100055
34766004500092
34766245400110
34767791600046
34769809400047
34770000700037
34770098100058
34770714300033
34771074100039
34772062500032
34772598800021
34773346100037
34774027600014
34774569700016
34775496200038
34777295600012
34777376400043
34778697200047
34779397800045
34780757000036
34782134000051
34782737000011
34787508000041
34789265500049
34789565800016
