34482328100029
34483129200034
34484374300503
34485242100025
34486965600050
34488248500016
34488288100024
34490039400018
34490816500030
34493622400049
34493752900032
34493928500039
34496000000018
34496314500059
34496765800024
34497458900014
34498270700012
34498316800040
34499781200013
34500602701277
34502665200031
34503093600016
34503426800044
34503476300077
34503941600515
34503941600887
34503958000047
34505344100043
34505504000017
34507192200016
34507357100019
34508235800010
34508617700655
34508922100013
34511662800016
34513048815841
34513048819074
34513048824637
34513048826715
34513048829586
34513048829651
34513627900022
34513677400030
34515899200015
34517294400018
34521276500019
34522447100036
34522761500019
34524372900026
34524563300028
34525374400014
34525566500035
34525883400059
34526287700029
34529184300059
34529926700020
34529934100015
34531578200028
34531931300036
34532067500019
34532255600019
34535537400017
34535941800018
34536978900044
34538450700025
34539075100021
34539160100027
34539160100399
34539928100046
34540085700032
34540415600662
34740547400037
34740720700021
34741289200023
34742677700020
34744435800019
34745248400012
34747184900013
34749063300026
34753648400012
34754762200014
34756771100010
34757229900019
34758437700027
34758956600012
34759261000021
34759782500012
34759930000014
34761242600036
34763368700012
34764865100029
34768232000036
34769375600038
34769397000019
34770482700034
34770978400081
34772252200013
34772926100029
34775314700029
34775713000013
34778885300054
34780806500010
34781372700034
