34482135000016
34482479200321
34483215900026
34483338900010
34483912100011
34484956700039
34485981400016
34486307100017
34487537200023
34490092300048
34490646600018
34490800900048
34491581400042
34491709100011
34492675300049
34493245400012
34494344400101
34495091000051
34495105800025
34496639500099
34497049600016
34497290600079
34497550300014
34501648900048
34502191900047
34502767600013
34502812000052
34503214800040
34504463000019
34505079300016
34505771500012
34506023000058
34506291300024
34508617701422
34508617704558
34508617705381
34508617706959
34508617708021
34509694500026
34509849500137
34510711400059
34511600800029
34513048813036
34513048814430
34513066000177
34514744100033
34518432900026
34520865600016
34521785500013
34523175700013
34532517900041
34532758900015
34533174800011
34533979000064
34533993100031
34534484000011
34534595300011
34536118200024
34537536400055
34537551300016
34537560400179
34539753300026
34540206900024
34540729000047
34585053100053
34661112200034
34738108900015
34742629800027
34744499400029
34744504100028
34746120400013
34746178200018
34746349900025
34746394500027
34746412500041
34746986800041
34747208600029
34747370400018
34747954500035
34747966900041
34748310900026
34750066200015
34750259300010
34753119600017
34753312700150
34753689800021
34753778900013
34753990000014
34754447000060
34757022800010
34757728000022
34758955800019
34759387300032
34759394900022
34759461600018
34759951600015
34760086800017
34761169100036
34763811600017
34764002100023
34765669600049
34768557000058
34769066100033
34771265500013
34771778700019
34774652100017
34776572900012
34777695700016
34777750000047
34778353200018
34778569300057
34779274900033
34779392900014
34780306600013
34780815600041
34781331300017
34783080400014
34783090300014
34786193200049
34788114600018
34788359700010
34789219200019
34791414500052
34792671902833
34793294900022
34794546100015
34796571700049
34799510200014
34799853600010
34799994800024
34800077900051
34801864900056
34802974500018
34803405900017
34803564300025
34804419900035
34804449600027
34805333100016
34805689600023
34806075700013
34806485800015
34809895500019
34809998700177
34810494400031
34812356300028
34813724100033
34814105200012
34815547400045
34815818900020
34816505100031
34817005100042
34817624900012
34819519900065
34825143000032
34825213100050
34825640500088
34825966400012
34827859900017
34828156900015
34828363100011
34830468400015
34834081100028
34835072900045
34835107300013
34835702100024
34839288700058
34839952800028
34840881600018
34842478900025
34842977000038
34843201400077
34846813300015
34848631700020
34848642400040
34850457200069
34852072700010
34852876100011
34853080900022
34853839800010
34855018700036
34855531900030
34859020900063
34861266400055
34861477700079
34863477500053
34865212400010
34869881200032
34871557400011
34872165500010
34872843700040
34873337900021
34873653900019
34874750200022
34875791500130
34875925900024
34876284000026
34877394600069
34878604700012
34879266400016
34880147300011
34883203100010
34883225400018
34883968900018
34884073700053
34884414300043
34884467100019
34885624600049
34886707800019
34886731800043
34886913200012
34888203600018
34889047600172
34889591300013
34889637400017
34890113300010
34892321000259
34892966200024
34893543800047
34893767300021
34894110500028
34894323400172
34894369700014
34895035300030
34895170800018
34896634200035
34896745600016
34896859500010
34897834700014
34899980600055
34900813600039
34902174100039
34906868400019
34907195100017
34910603900044
34910916500051
34911601200072
34911801800044
34912360400051
34912685400026
34912842100022
34913764600023
34915142300044
34915213200040
34916407900015
34918411900064
34918549600032
34918627000014
34919321900012
34919921600095
34920054300032
34920137600028
34921737200011
34922653000013
34925207200013
34926693200012
34930560700021
34930936900016
34931640600017
34932994600025
34933067000036
34934327700050
34934360800015
34934639500040
34935792100031
34936867000106
34937418100031
34937758000015
34937946100016
34938909800063
34939501200017
34940297400019
34940751000016
34942593400016
34942955500015
34942970400019
34943524800035
34943561000077
34946299400022
34947377700010
34948292700028
34948578900011
34950739200026
34951037000019
34951681500017
34952491800027
34953538500018
34954841200015
34955275200025
34957719700040
34958076100014
34958705500014
34959043000014
34959483800014
34960905700014
34962088000014
34962942800013
34963307300037
34963456800068
34964096100059
34965858300027
34968902600020
34969016400018
34969076800701
34970297700019
34971013700010
34971987200021
34973429300054
34974280900016
34974929100010
34975106500054
34976943000043
34978450400038
34978618600016
34978798600018
34979047700013
34979212700012
34980066400048
34980434400027
34983056200022
34984166800024
34984449800064
34984452200053
34984633700013
34986157500026
34986284700085
34986950300020
34987087300040
34988885900049
34989834600011
34990884800014
34991043000017
34992335900021
34992518000037
34994417300039
34994727500054
34996515200011
34997090500015
34997767800011
34997919500048
34998317100035
34998533300021
34999823700011
35000048500010
35000234100013
35002855100025
35003487200035
35003907900016
35003927700024
35005058900620
