34483533500011
34486070500013
34486933400138
34487721200037
34488392100035
34489195700021
34490425500033
34491011200053
34492146500037
34492449300044
34493050800017
34493104300014
34494157000022
34495728700040
34500602701723
34500794200013
34501167000014
34501239700039
34503358300039
34503779000010
34503941600218
34505176700035
34505191600012
34506011500010
34506212900076
34508340600016
34508617703949
34508617704210
34508617706173
34508617706249
34508617707452
34508617707619
34509002100014
34509316500032
34509359500071
34510748600010
34511059700043
34511213000017
34512011700014
34512273300024
34512872200039
34513048804993
34514216000018
34514252500053
34514950400010
34515469400565
34516197000024
34518362800030
34518591200028
34518594600018
34518647200014
34519088800015
34519165400028
34522389500029
34523357100016
34524631800017
34524720900066
34528526600028
34529378100018
34529544800038
34529977000015
34530967800018
34531246600013
34532238200028
34533364500033
34535897200023
34536713000035
34539232800026
34605002400055
34605002400675
34739579000012
34740040000029
34741290000016
34746388700013
34746676500042
34746969400041
34751966200055
34752363100021
34753779700016
34753804300519
34754344900016
34755377800023
34755714200127
34755927000058
34756149000025
34757350300021
34757529200037
34758011000018
34758223100606
34760061100011
34760271600149
34766075500013
34766208200093
34767083800023
34767456600018
34768109000010
34768585100029
34770054400153
34772397500038
34772961800061
34772992300016
34773871800019
34773994800037
34774729700013
34775728800175
34776076100010
34777536300075
34777693200019
34778483701307
34778673300019
34780190400017
34780801600013
34781314900015
34781401400010
34781578900016
34782160500024
34786602200028
34786738400013
34787372100018
34788491800017
34788932100019
34790237100017
34791372500011
34792671902486
34792671902783
34792690900123
34793654400027
34793661900019
34793837500024
34794676600016
34796044500018
34796500600021
34797483400025
34799673800022
34800206400015
34805409900018
34806423900026
34807085500013
34812446200014
34814547500060
34815064000020
34816262900029
34818672700049
34819036400011
34819483800010
34822109400025
34822412200021
34825036600021
34826434200042
34828216100010
34830044300036
34831548200037
34832000300026
34832101900021
34832556400030
34833221400041
34833302200021
34833348500020
34833739500019
34834619800016
34835152900022
34835433300034
34835529800020
34835650200032
34836459700057
34836938000061
34837903300015
34839980900022
34841079600026
34841550601311
34841618100132
34842399700017
34842674300012
34843996900026
34844170000013
34844911700020
34845552800029
34847954400036
34848290200015
34848692900055
34849175400035
34849473300010
34852914000017
34852935500045
34853046000016
34853430600199
34854269700019
34854532800034
34856293500026
34858534000014
34861539400023
34862383600015
34862961900019
34863802400029
34865899800011
34867416900720
34867931700019
34869670900065
34869958800011
34869979400015
34870111100018
34870200200018
34870574000010
34870809000033
34870944500038
34872297600019
34872702500069
34873323900035
34873838600039
34874643900085
34875461500022
34877153600011
34877666700050
34878359800033
34878664100012
34880489900014
34882750200033
34883754300019
34884027300018
34887478500036
34887511300022
34888735700013
34889542600024
34891745100018
34894961100019
34895983400030
34896577300024
34897034400019
34898807200032
34899126600019
34900474700011
34901207000018
34904088100014
34904299400039
34905808100028
