34483216700078
34483220900011
34485918600019
34487691700016
34488204800111
34490310900017
34490497400021
34494683500016
34495376500023
34496252700026
34496257600015
34496439000019
34500780100011
34503721200031
34504541300019
34506132900024
34506912400021
34507913100016
34508040200042
34508370300024
34508423000035
34508542700028
34508617700028
34508617703774
34511145400020
34512133900013
34513048819280
34513048823514
34513048824231
34513048828547
34513051203018
34513937200014
34514468700034
34514570000018
34515060100028
34515635000075
34515969300018
34516336400010
34518236400082
34520733600016
34521320100014
34521402700012
34521622000011
34525784400026
34526691000024
34529913500029
34530688000468
34532252300035
34533012000014
34534790000010
34534844500023
34535666100024
34536752800048
34538882100018
34539837400065
34540815700054
34652008300020
34695003300156
34741482300018
34744175000010
34744957100038
34745314400037
34745710300013
34750075300020
34750174400028
34752827500014
34753804301475
34753804302242
34755444600026
34755597100030
34756086400063
34757037600017
34757774400050
34758822000025
34760010800042
34760081900028
34760184100013
34762182300041
34762303500016
34763562500036
34764512900029
34764780200029
34766794100012
34768191800020
34771711800041
34776201500027
34778876200016
34779398600022
34780276100051
34780826300029
34781041800025
34784126400034
34784817800062
34785453100014
34786104900018
34786284900010
34787192300012
34788234200012
34789101200036
34790180300010
34791152100016
34792762600015
34793963900022
34797589800045
34798323100015
34799472500013
34799828800026
34801032300015
34805158200073
34806732300017
34807304000050
34809061400036
34812329000010
34813646600052
34813967600046
34814450200013
34815255400021
34816866700148
34818369000026
34819563700015
34819950600059
34820412400021
34821017000018
34821440400090
34821459400064
34822832100082
34824214000047
34824421100028
34825033300054
34826993700010
34827510800028
34829325900043
34831120000037
34832067200010
34837910800015
34841766800020
34843841700027
34844844000019
34844895200013
34846979200017
34848943600017
34850559500028
34851783000017
34851906700014
34852744100011
34852796100026
34855646500048
34856998900034
34858806200029
34859469800063
34859674300016
34861143500036
34861257300017
34861658200022
34864044200037
34865007800010
34865556400014
34866634800019
34867208000010
34867416904375
34867416905109
34867554700031
34869394600017
34870161600016
34872048300026
34872200000067
34872357800053
34872713200063
34874311300014
34874437600016
34874663700027
34876384800010
34877464700013
34877691500046
34878292100038
34879065000017
34879334000038
34879919800042
34880629000048
34881188600012
34882315400011
34882596900036
34882894800011
34883511700014
34884129700024
34884612200029
34884855700024
34885188200012
34886638500043
34886725000022
34888935300010
34890479800017
34891834300057
34892064600109
34892321000218
34893406800019
34893701200469
34895239100012
34898047500035
34898363600013
34898513600038
34898591200016
34900044800010
34900460600076
34900897900016
34901175900017
34901762400017
34901960400017
34903477700012
34904405700041
34904570800048
34904694600019
