34483469200016
34483921200026
34484258800024
34484272900032
34485266000051
34485777600027
34486241200022
34486347700032
34487591900054
34489281500129
34489477900034
34490132700025
34493517600026
34494277600024
34494514200026
34496621300037
34497874700071
34498337400010
34498453900017
34499523800047
34500602701087
34502317000011
34506925600013
34506957900034
34507359700048
34508579900020
34508617701372
34508617702552
34508617703410
34512481200024
34513048811436
34513048827614
34513048828018
34513048830105
34513051202820
34514088300041
34514252500046
34514578300014
34515533700081
34516666400010
34516708400028
34517322300024
34518062400016
34518640700028
34519101900024
34519594500018
34522738300022
34522879500026
34524842100033
34525682000035
34525710900024
34525828900015
34527718000088
34529268400015
34529375700018
34529916800020
34530540300080
34532760500019
34534309900023
34535539000013
34535690100024
34535858400059
34535997000034
34537222100019
34537948100046
34539036300025
34539464700019
34540967600011
34741165400010
34741855000013
34742362600022
34743139700012
34743405200036
34743573700015
34744227900019
34745564400034
34747240900049
34748372900062
34748488300033
34751264200021
34751764100028
34753152700021
34753293900050
34753793800065
34754208600025
34757983100020
34758223100598
34758867500046
34759492100012
34760542000020
34761844900032
34762437100014
34762802600028
34764678800013
34765357800018
34766456700026
34767015000155
34770028800025
34772191200017
34772417100058
34775037400022
34775549800016
34776000100011
34776011800039
34776914300012
34778023100010
34779072700015
34780009600021
34786724400027
34787047900024
34789642500019
34792671903062
34794016500041
34797197000012
34797397600058
34798260500029
34798408000023
34798972500044
34799835300010
34799876700011
34801198200223
34801580100015
34802266600013
34803050300042
34804177300014
34807540900022
34807637300011
34810593300017
34810627900055
34810867100010
34814295100014
34815117600016
34815966600026
34818181900049
34821556700069
34822094800916
34822230800036
34823879100019
34823964100031
34824676000030
34825960700037
34827212100057
34827502500040
34827744300019
34829999100045
34830410600183
34830980800015
34833917700043
34834978800029
34836334200018
34838980000023
34839638300054
34840001100030
34840668700031
34841985400032
34842922600015
34845606200069
34846479300028
34847553400015
34848031000013
34848288600028
34848657200012
34849066500034
34849534200076
34849974000036
34850148700014
34851231000031
34851521400107
34853279700035
34856259600018
34860440600010
34862565800029
34862728200018
34866144800012
34866570400055
34866962300012
34867009200058
34870658100025
34871420500021
34871641600030
34873819600016
34874616500011
34876156000013
34877152800018
34878279800014
34879799400012
34879853900014
34880347900016
34880485700046
34880518500017
34882191900035
34884607200026
34885566900050
34885892900014
34887662400027
34888992400026
34889464300033
34889542600016
34889597000039
34891445800024
34892430900027
34894025500063
34894188100040
34897991500033
34898159800017
34898439400083
34899155501591
34899528300028
34899824600014
34900434100161
34901439900035
34905320700016
