34482475000014
34482479200123
34483134200011
34485127400011
34487801200014
34488150300017
34489492800037
34489840800028
34490236600014
34491412200033
34491597000026
34493101900022
34493947500010
34494947400029
34495835000060
34496078600038
34496883900029
34498399400015
34498610400117
34501149800028
34502632200023
34503567900033
34503612300031
34503941600655
34504720300038
34507668100021
34508617700119
34510781700040
34513048814281
34513048814513
34513048818308
34513048821245
34513051201137
34516392700014
34516403200020
34519362700014
34520707000045
34521982800034
34522771400044
34523264900011
34523676400014
34525457700025
34525683800052
34526195200021
34527843600018
34527867500011
34528139800049
34528412900037
34529153800063
34530031300177
34530199800026
34531733300010
34533492400031
34534582100028
34534871800023
34537535600010
34538915900020
34539812700034
34704020600034
34745315100024
34745505700047
34745686500042
34746276400015
34747386000018
34751535500019
34753637700042
34756480900031
34757001200018
34757145700014
34757184600034
34757655500010
34759151300010
34759819500050
34762182300025
34764189600019
34768579400013
34770110400023
34770419900038
34770430600013
34771438800050
34773831200029
34774029200011
34774457500031
34776027400030
34777955500056
34779578300039
34779834000019
34779892800011
34781610000031
34781822100025
34781835300042
34782134000093
34783143000017
34785117200069
34787267300061
34787623700012
34788481900025
34789297800011
34792671901751
34792671902569
34793830000014
34794164300053
34794764000046
34795533800012
34796187200038
34797421400046
34799442800030
34800011800011
34800254400081
34801517300027
34803819100030
34804098100048
34804332400022
34809341000028
34811506400019
34812655800041
34816037500021
34816232200013
34817233900023
34817303000027
34817367500011
34817616500010
34817760100039
34818297300118
34820771300374
34821205100018
34821347100025
34821862900031
34822159900015
34822202700024
34823105100049
34824048200011
34824496300024
34825304800014
34826967100064
34827025700010
34827097600023
34829554400038
34832622400048
34833224800049
34836309400031
34838959400014
34839938700029
34840668700023
34841818700020
34845120400021
34845524700018
34846470200037
34846820800031
34848230800064
34848576400032
34849139000020
34849866800030
34850091900017
34851279900019
34851518000019
34852027100019
34856811400055
34857133200082
34857952500026
34858358400019
34861239100014
34861247400018
34861441300014
34861598000011
34862010500026
34863580600014
34864092100014
34864585400012
34865369200023
34867416906784
34868434100046
34868560300014
34869041300037
34871850300017
34872071500039
34874843500016
34875291600042
34875877200019
34876289900014
34876792200027
34876948000065
34877571900027
34879296100032
34879720000014
34880051700032
34880770200017
34882745200015
34884672600019
34887649100021
34889056700012
34889618400036
34889647300066
34892352500110
34893080100017
34894207900016
34894525400020
34894731800021
34894833200013
34896680500023
34896839700011
34896909800022
34897749700018
34898218200019
34898986400023
34899155500817
34900460600050
34902582500010
34904459400027
