34482213500010
34482283800043
34482355400060
34482479200214
34482692000037
34483545900019
34483730700026
34483871900021
34486341000017
34487149600172
34488370700012
34489761600183
34490257200017
34490516100032
34492212500028
34494690000059
34495130600010
34496917500019
34497429000019
34499438900031
34500602701368
34500898100028
34501016900026
34501674500076
34502334500019
34504315200023
34504676700017
34505398700029
34506502300011
34507209400013
34508617701950
34508617706165
34512842500047
34513048809984
34513048814182
34513048824009
34513048825477
34513048825683
34513048825758
34513051202812
34516258000012
34516330700035
34516849600031
34517835400014
34518942700023
34524316600047
34526591200039
34530016400018
34530031300110
34530366300032
34530615300031
34534272900018
34535328800086
34535905300021
34536225500027
34538684100026
34538702100156
34538827600023
34539160100134
34540221800043
34540476800011
34638007400051
34740302400016
34743567900027
34744001800013
34747728300019
34748093100018
34748355400023
34749640800019
34751960500021
34752873900019
34753804301293
34753859700035
34754199700016
34754699600013
34756639000030
34757385900027
34758223100614
34758418700038
34758933500020
34762976800032
34763466900027
34764122700017
34764814900040
34765520100023
34765680300017
34765971600059
34766819600020
34768944000035
34769957100043
34770033800044
34771644100048
34772305800017
34775531600010
34776906900027
34779971000012
34780534300055
34780600200338
34788325800019
34788691300032
34789361200023
34790871700072
34792671900167
