34481992500019
34485474000026
34488088500027
34491610100019
34492538300020
34492708200059
34495209800012
34496436600035
34496518100037
34496715300026
34500073100066
34502919300017
34504274100024
34504311100045
34504734400014
34505303700049
34505323500056
34506580900047
34506787000013
34507794500011
34508617702628
34508617703246
34508617705746
34510652000017
34513048812822
34513048816435
34513048824017
34513048829396
34513048829933
34513051202978
34515404100023
34515678000024
34516188900018
34522611200034
34522903300013
34525027800024
34525394200014
34526204200020
34527694300023
34528460800014
34529092800026
34529554700052
34530262400027
34531081700019
34531118700016
34531340700024
34532685400030
34534440200010
34535533300070
34535951700058
34540981700029
34743592700020
34743877200035
34745614700052
34746876100031
34749432000042
34750656000015
34751480400058
34752313600021
34754219300029
34756713300074
34758082100010
34758226400029
34758360100021
34758435100014
34759484800017
34760686500017
34760968700012
34760985100055
34763420600010
34767695900013
34768882200019
34770599800057
34771056800010
34771917100303
34772938600016
34775798100035
34777689000035
34778271600018
34783202400017
34784613100014
34785364000014
34786433200072
34786816800043
34787256600018
34788508900032
34789348900018
34789579900026
34791844300024
34792671902544
34792784000038
34792819400013
34794261700015
34795011500027
34797228300043
34797578100019
34797823100038
34800814500024
34801459800018
34802086800017
34802540400115
34802725100019
34805565800044
34806023700016
34809999500014
34810128800010
34810746700030
34814908900040
34818647900021
34819111500016
34819245100048
34820362100027
34820912300010
34821550000011
34826101700019
34826760000057
34828893700025
34831293500029
34831831200025
34832122500040
34832125800017
34832429400027
34832818800019
34834804600015
34835234500014
34836325000021
34836502400051
34838868700025
34839672200053
34840356900026
34840569700015
34840769300020
34841146300030
34841508400022
34844256700023
34844266600015
34844471200148
34844654300020
34845320000050
34850814400048
34850889600019
34852202000034
34855726500025
34856564900012
34856706600017
34857212400041
34857548100018
34859430000033
34859576000052
34859597600021
34859947300041
34860446300011
34860994200019
34861655800048
34861917200011
34863472600015
34865856800012
34866328700012
34871001300015
34871660600010
34872356000036
34872383400019
34873644800013
34873844400028
34874731200075
34875717000017
34876066100036
34877312800031
34878202000013
34878267300019
34878693000043
34880550800044
34880609200014
34881348600019
34882716300059
34883345000037
34883503400037
34884263400019
34886943900037
34887114600026
34888727400028
34889601000082
34890666000017
34891009200017
34893812700027
34893928100021
34894356400016
34895679800014
34896175600023
34896282000018
34899902000012
34902477800012
34902979300032
34903457900012
34906368500011
34907882400035
34908554800015
34910077600013
34914192900019
34914684500020
34914924500012
34919397900011
34919498500017
34925172800011
34925318700018
34925360900011
34925685900027
34926272500048
34926635300029
34927355700026
34927760800031
34928314300015
34928883700025
34929189800030
34930032700013
34930669600015
34932829400013
34933513300014
34933685900039
34934302000013
34934837500016
34936125300025
34937006400025
34937722600015
34938335600012
34941682600023
34942179200038
34944403400012
34944585800039
34946017000054
34946185500026
34946840500015
34947944400011
34948274500016
34949617402217
34950144500028
34953253100010
34953771200094
34954194600019
34955031900033
34955059000039
34957053100013
34957089500020
34958579400010
34958947300025
34959697300025
34961572400011
34963314900019
34964907900036
34964998800020
34967915900039
34969438000016
34970320700010
34971887400036
34972502800014
34972967300013
34973277600027
34975565200014
34976285600046
34977346500027
34979035200018
34981358400019
34982638800044
34983736900025
34984017300034
34984474600082
34984991900049
34985897700011
34986660800061
34986959400177
34987784500017
34988933700045
34989017800016
34989075600035
34989246300093
34993466100027
34994166600027
34995586400013
34995714200012
34997493100942
34999510000014
35002816300011
35004973000012
35005058900653
35006541300014
