34482426300026
34482754800050
34483059100014
34483229000011
34483524400015
34484149900025
34486673600012
34487812900016
34489761600068
34490814000025
34491204300033
34491604400029
34497199900026
34498062800012
34500189500019
34502417800013
34502777500039
34502919300058
34503941600085
34504162800016
34505146000011
34505976000016
34507602000030
34508617705910
34508617706462
34508617706611
34508617707692
34508617707734
34508770400028
34509362900011
34510881500027
34511564600035
34513048824892
34515469400573
34515531100045
34516622700032
34523682200036
34523948700043
34524444600018
34526523500019
34528711400028
34529218900031
34530876100047
34531423100027
34531556800021
34532091500035
34532935300055
34532996500031
34533365200013
34533951900059
34535238900042
34535379100048
34536878100034
34537376500055
34537903600022
34540436200013
34540929600026
34738457001340
34738457001522
34742047300022
34742390700018
34742731200017
34743198300027
34743513300058
34745741800023
34747367000037
34748164000030
34748964300010
34749160700029
34749491600021
34749868500085
34752095900086
34752791300037
34754275500017
34754599800069
34754766300018
34756308200028
34756526900029
34758046600048
34758139900024
34761080000034
34763507000035
34766245400201
34769722900040
34769753400035
34770411600016
34771136800014
34771979100019
34775285900038
34775871600018
34776151200016
34777152900018
34778871300050
34779671600020
34782118300014
34782390800046
34783269300035
34785063800045
34785121400010
34789084000031
34789764700017
34790195100017
34790431000013
34791061400010
34792092800012
34792671903179
34793687400044
34794355700012
34794397900018
34795523900012
34800204900024
34800370800024
34800434200047
34800714700047
34801998500020
34803808400029
34804084100028
34805008900021
34807362800029
34808196900019
34809121600039
34810210400034
34810683200010
34812086600010
34812248200014
34813144200017
34813197000017
34814245600022
34814265400030
34814405600044
34814870100025
34815070700027
34816797400016
34818381500011
34818419300012
34818443300038
34820246600010
34820810900044
34822465000021
34823309900046
34823543300011
34824671100017
34831238000010
34831437800012
34831503700088
34832083900031
34832362700011
34833432700023
34834319500072
34834706300029
34834841800032
34835780700018
34836155100016
34838875200027
34842201500027
34842302100032
34843912600023
34844501600010
34844646900036
34845713600011
34846601200021
34848251400083
34848655600015
34849073100026
34849619100019
34849791800048
34850543900037
34851380500013
34851754100010
34852218600025
34852612000038
34853519600011
34860417400014
34861979200024
34863424700046
34863469200019
34864657100011
34866234700064
34867416901025
34867416904292
34867416904540
34870907200030
34871618400026
34873179500012
34876174300023
34878327500012
34880945000052
34881769300016
34888019600053
34889047600180
34890388100046
34890397200019
34891965500061
34892680900016
34893716000037
34893848100051
34895146800027
34895149200019
34896030300033
34896530200014
34897865100019
34898544100016
34899155502029
34900335000023
34900575100012
34902135200019
34902336600033
34902408300033
34902562700010
34902918100048
34904634200029
34904639100018
