34482479200198
34484495600013
34484952600050
34487163700015
34488514000022
34488976100021
34491325600022
34491348800021
34491745500026
34493198500024
34494736100020
34496396200016
34499758000024
34501584600016
34503010000290
34503218900028
34503941600903
34505029800040
34508617704772
34508617706470
34508617707635
34509650700024
34510423600046
34510539900017
34511014200014
34513048811808
34513048813572
34513048828349
34513105600011
34514112100011
34514624500039
34515469400409
34515777000024
34515780400039
34517655600016
34518975700106
34519416100021
34521290600068
34521445600013
34522205300018
34523088200028
34524147500036
34525049200013
34526409700022
34526797500026
34527644800015
34527748700087
34528338600018
34528957300031
34529763400023
34530688000583
34531432200024
34532923900015
34532928800020
34533269600029
34533537600017
34534268700026
34537249400020
34538598300043
34539083500022
34539817600056
34540090700019
34540469300052
34738349900030
34738457002132
34740588800012
34740596100025
34741800600024
34743816000025
34744287300027
34745073600017
34745374800027
34746812600045
34747383700065
34747570900015
34747920600075
34751197400011
34752621200027
34753804303067
34754223500010
34754512100027
34755218400025
34757005300053
34757062400028
34758075500010
34759614000041
34760240100023
34761537900018
34766279300038
34766477300038
34767302200013
34767591000025
34768619800024
34768884800014
34770367000039
34772241500028
34774360100028
34774846900058
34775328700015
34776339300019
34778419100012
34779725000011
34780640800048
34780749700057
34782331200033
34783665200029
34784165200014
34785356600011
34786286400019
34787113900031
34787669000020
34788482700010
34789329900045
34789509600050
34790069800015
34790646300042
34791237000041
34791596900047
34795970200064
34796032000021
34798207600015
34802322700013
34803367100010
34804089000017
34806315700039
34807385900046
34807825400011
34809220600039
34811691400014
34814495700027
34814554100036
34815336200010
34816086200028
34818955600031
34819840900016
34823801500070
34826219700026
34826968900041
34829976900037
34832252000035
34832313000016
34834291600015
34836634500562
34837354900065
34839093100023
34839364600040
34839410700034
34839687000035
34841309700018
34842086000069
34842514100036
34844000900028
34844872100020
34845908200015
34847280400056
34850710400027
34850846600011
34855392600018
34860745800026
34861401700021
34862154100013
34863089800032
34863424700053
34866404600029
34866732000025
34867416902254
34869100700028
34869225200037
34871587100078
34871844600027
34871985700016
34872537500029
34872900500168
34873623200037
34875561200051
34876889600030
34876978700014
34881980600012
34882387300024
34884287300013
34884870600019
34885387000064
34885594100020
34888183000031
34889820600035
34889929500078
34890134900012
34890557100017
34890652000013
34891069600015
34891296500087
34891307000010
34891834300214
34893153600075
34893633700016
34894269900011
34894367100019
34894390300024
34895051000027
34895587300032
34896569000038
34896863700010
34897083100023
34897288600017
34897877600022
34898197800011
34898361000018
34899520000014
34900335000031
34900389700064
34900885400011
34901198100017
34903188000025
34905047600051
34908040800017
34908687600019
34909896200013
34911166600021
34911387800012
34911798600035
34912062600024
34912401600016
34913340500010
34913462700018
34914576300026
34914976500050
34915055700040
34915808900061
34916763500029
34917032400017
34918637900039
34918654400012
34923831100048
34925199100031
34926372300018
34927660000013
34930077200028
34930406300044
34930795900032
34931004500027
34931460900026
34933050600016
34933720400011
34934632000014
34934887000040
34936867000288
34939670500049
34941797200016
34942780700012
34945462900024
34945636800019
34945748100019
34946658100023
34946694600028
34946755500042
34947265400020
34948276000023
34948574800017
34954419700024
34954504600014
34956526700029
34957335200011
34957831000022
34958269200027
34959219600027
34959645200020
34966170200036
34967428300024
34968449800042
34969429900018
34970281100069
34970598800013
34971941900054
34972278500038
34973386500027
34973553000025
34974443300013
34974574500043
34975545400015
34975915900024
34976797000024
34977271500059
34978432200084
34978919800018
34979933800018
34979954400011
34980215700033
34980314800015
34980790900057
34982963000053
34985944700014
34986008000028
34989160600023
34989925200010
34991175000025
34991898700034
34992179100035
34995276200053
34996907100035
34998290000012
34998624000043
34999011900043
35000050100014
35000095600010
35000283800018
35000381000016
35001628300011
35002239800019
35002800700036
35003785900021
35005289000125
35006422600318
