34483087200018
34483607700034
34483725700031
34484599500028
34484762900039
34488707000011
34489142900013
34490026100050
34491917000011
34492233100014
34492874200016
34493024300094
34493857600016
34496246900013
34498321800027
34499335700013
34500645600015
34501538200012
34501727100064
34501735400019
34502620700034
34504847400026
34504990200033
34506769800018
34508224200016
34508617701869
34508617706702
34509440300101
34510233900016
34510708000037
34511417700057
34513048803276
34513048810420
34513048811121
34513048813747
34513048823696
34513048824587
34513048825956
34513048826913
34513048827036
34513048828463
34513048830345
34513048830550
34513066000268
34513367200021
34514796100014
34514946200011
34515126000121
34515828100013
34517337100013
34518788400027
34518790000013
34519768500026
34520289900034
34520421800019
34522133700073
34522290500068
34523936200014
34529847500046
34529980400012
34530031300268
34530866200047
34531285400036
34532201000058
34532368700011
34532746400045
34534263800011
34535515000029
34537554700022
34538702100115
34539212000027
34540780300013
34540974200029
34738457002884
34739676400016
34740444400023
34741377500037
34742114100024
34742150500020
34742198400068
34743250200032
34744442400027
34744857300019
34747223500014
34747839800022
34748704300015
34749050000027
34750676800030
34751917500017
34753804302630
34754620200024
34755457800075
34757263800042
34757725600014
34758690100030
34760909100017
34761831600033
34762333200017
34763145900018
34764908900013
34765674600034
34766196900035
34766369200015
34767490500018
34769001800036
34769558700019
34769625400049
34769928200013
34770609500044
34771809000017
34773094700061
34774636400012
34775223000024
34777076000028
34777115600051
34779523900032
34780554100047
34780555800041
34782041700033
34784799800023
34788141900019
34789048500043
34792671902239
34795250900029
34797820700020
34798191200012
34798603600023
34798951900017
34799017800019
34799896500037
34800751900021
34800816000080
34801219600013
34801905000015
34802432400066
34803279800020
34803310100018
34804859600020
34805416400044
34805985800012
34806367800034
34807268700018
34807656300017
34811670800010
34812959400027
34816297500042
34817785800019
34818054800011
34818297300175
34821862900023
34825938300043
34826500000029
34829809200019
34830222500027
34832116700010
34836202100019
34838016300017
34838213600011
34838301900018
34838576600020
34838617800027
34841044000039
34841550600123
34841550601295
34841550601915
34842592700020
34848682000072
34849317200012
34851283100010
34851534700014
34854746400019
34857107600036
34857814700012
34859052200010
34859123100017
34859125600014
34859735200015
34860021400038
34862139200037
34863313200025
34863441100022
34864842900010
34864908800013
34865406200010
34866624900035
34866926800024
34867416901090
34867731100014
34869230200014
34874279200024
34874376600019
34876100800013
34876367300012
34876834200035
34877321900020
34879920600027
34883880600019
34885018100010
34885097500015
34885185800012
34886567600020
34888038600019
34890535700011
34890958100038
34892971200043
34893157700046
34893665900021
34893993500048
34894875300010
34895678000012
34895819000038
34897547500032
34898105100017
34899155500700
34901576800014
34902239200022
34902687200037
