34482553400011
34482954400016
34484347900082
34484403000017
34485507700022
34487087800016
34487155300022
34487288200024
34489537000023
34490607800029
34490946000026
34491096300026
34492441000030
34492782700016
34493657000029
34494592800044
34495863200012
34497033000017
34498500700022
34502880700013
34505069400016
34505098300021
34505946300025
34506275600027
34508024600035
34508617702826
34508617702925
34508617703204
34508617706447
34508617708104
34509731500039
34511645300019
34512097600013
34513048809083
34513048813556
34513048824132
34513048827259
34513375500016
34513629500028
34514694800012
34518942700015
34519300700019
34519624000021
34523885100017
34525612700019
34525676200039
34526968200034
34527377500048
34529280900026
34529283300034
34530540300072
34530643500024
34531597200017
34535008600012
34539160100415
34540415600621
34738457001381
34738457001456
34740012900057
34743386400027
34745764000022
34747154200048
34747517000010
34749208400046
34749607700038
34752735000040
34753670800022
34754996600021
34757750400017
34757957500015
34761338200030
34761647600094
34764699400025
34766653900031
34766764400038
34767925000048
34767938300039
34768097700043
34768468000015
34769426700019
34771872800053
34773218200014
34775825200014
34777487900048
34778483701398
34779712800019
34781585400034
34782325400029
34782873300027
34783048100011
34783166100025
34784913500038
34787306900053
34788911500023
34795278000026
34795585800027
34796403300026
34796419900017
34797132700015
34797496600033
34797726600019
34798291000122
34799601900027
34800498700049
34800622200064
34800724600013
34802013200018
34803028900030
34803422400033
34804072600054
34804737400031
34805680500081
34808811300025
34809316200033
34809974800025
34810952100032
34811505600023
34811730000015
34812467800023
34813161600016
34814817200011
34818341900046
34819877100027
34820771300481
34820789500015
34820981800015
34822619200022
34823396600012
34824722200014
34825011900040
34825150500031
34825977100031
34826221300070
34828033000013
34828644400040
34829765600012
34830537600033
34832072200047
34833372500011
34836302900045
34837686400024
34837817500023
34838345600012
34838712700015
34840463300045
34841650400010
34841925000025
34842486200020
34843610600010
34844641000014
34845038800031
34845315000016
34846128600018
34849422000034
34849695100024
34849822100012
34851863000044
34853628500052
34857837800021
34858261000013
34859903600020
34862533600022
34863412200025
34864344600035
34865080500032
34865438500015
34865562200036
34867148800016
34867416903955
34867416906396
34867416906677
34867416906776
34868920900016
34869066000025
34869997600034
34870168100010
34871027800022
34871953500026
34871974100046
34872476600012
34873371800020
34873420300014
34875328600015
34876655100033
34876670000010
34876935700016
34878289700014
34878917300054
34879712700019
34880096200048
34880239800100
34880251300013
34880434500042
34880658900027
34881810500028
34882324600015
34883086000022
34883784000019
34883856600019
34884505800034
34884888800015
34886463800013
34887340700020
34887738200013
34888485900011
34889813100019
34889838800015
34889958400034
34890724700012
34891083700015
34891256900020
34891867300016
34892234500015
34892340000058
34892633800016
34893452200023
34894427300021
34894517100034
34897010400025
34898589600037
34899155501542
34901578400011
34902129500010
34903415700017
34905490800018
34907082100013
34909564600031
34912364600011
34913463500011
34913992300065
34914440200014
34915800600024
34916009300028
34916858300012
34917074600011
34917166000013
34920139200017
34920178000062
34921771100051
34923430200025
34924000200049
34925160300016
34925295700031
34928181600018
34932183600026
34932320400017
34933953100015
34938873600010
34938893400045
34939902200020
34940063000019
34942077800012
34942829200032
34943219500015
34943559400024
34945259900021
34945418100018
34945694700069
34946282000011
34947062500014
34947475900058
34947594700041
34948232300012
34949266000015
34949596000032
34949617402076
34952928900010
34953204400014
34954829700028
34956420300017
34959940700054
34960252400036
34960807500041
34961120200038
34961881900016
34962674700027
34964007800052
34964094600019
34964137300015
34964217300018
34966487000038
34966524000033
34967169300019
34968878800026
34968928100021
34969076800537
34970880000066
34973754400016
34976889500014
34977697100054
34980997000024
34981458200038
34982720400067
34983248500016
34985674000023
34987363800028
34988605100029
34988672100027
34988909700011
34991500900022
34992106400011
34992338300047
34993156800019
34993357200019
34994872900026
34994875200028
34997204200015
34997224000015
34997357800140
34997493100884
34998038300013
34998253800028
34999825200036
35002086300048
35003598600016
35004250300010
35004345100011
35006177600026
35007777200068
35008246700035
35009156700015
35010387500026
35010673800023
35011844400016
35015821800015
35016468700021
35017254000014
35017725900016
35019617600019
35019874300022
35020616500036
35021683400019
35022968800014
35022975300057
35023368000023
35023462100018
35024224400019
35025763000029
35027131800015
35027407200031
35028028500056
35028305700817
35028395800022
35028935100016
35029458300033
35030288100023
35031052000019
35031082700026
35031923200038
35032543700035
35032594000020
35033529500050
35035040100013
35035561600011
35036254700019
35036503700026
35036659700028
35037864200275
35037925103450
35039011800015
35039016700053
35039533100035
35039828500030
35039910100061
35039920000061
35042178000015
35044458400014
35045810500029
35047223900036
35049938000029
35050808100105
35051351100013
35051951800012
35051984900011
35052492200019
35054092800016
35054524000011
35055221200044
35055976100019
35056340900027
35057121200041
35058384500036
35059779500029
35060057300025
35061934200016
35063684100040
35063744300010
35064143700024
35065359800010
35066908100019
35066937000016
35069136600057
35070533100014
35072012400030
35072586700021
35074069200040
35075382800028
35075510400014
35075925400013
35077172100015
35079066300016
35081671600012
35082574100035
35082748100051
35082872900029
35083690400028
35084765300010
35084923800034
35084969100018
35086361900010
35089929000026
35090327400024
35091551800012
35092476700030
35094169600022
35094530900028
35095410300064
35099493500020
35100060900013
35102017700017
35102242100025
35102934300073
35104421900019
35105594200012
35105643700012
35105713800015
35106818400032
35107427300068
35107507200030
35107784700025
35109142600046
35109999900010
35112598400069
35113921700027
35114468800022
35115511400041
35115598100035
35115996700022
35117072500011
35118614300050
35120084500037
35120113200021
35120235300048
35120263500030
35122368000023
35123714400032
35123763100012
35125122800018
35125201000019
35126928700022
35127044200038
35128111800031
35131496800014
35132091600023
35132480100015
35132573300084
35133747200010
35133866000068
35135145700020
35137450900054
35137629800029
35140136900027
35140499100017
35140744000012
35141388500028
35141894200014
35142381900025
35142933700014
35144208201025
35144961600041
35146659400014
35147800300046
35148853100028
35149018000012
35149232700025
35151292600012
35151923600027
35151998800015
35152065500017
35152815300015
35153243700024
35154059600019
35154702100029
35159038500032
35159472600017
35159546700017
35159973300034
35160506800060
35160694200057
35161119900032
35161593500019
35162571000022
35163280700019
35163536200012
35164416600065
35164742500047
35166143400016
35166291100087
35168172100020
35168259600017
35168615900010
35171353200593
35171841600016
35173072600012
35173517000018
35176550800012
35177782600055
35180936300028
35181056900019
35181219300024
35183408000027
35183551700019
35184971600011
35186555500020
35187812900011
35188449900010
35188466300011
35190273900058
35192693600029
35194305500043
35197018100019
35198436400015
35198471100017
35199158300011
35199447000018
35199536000010
35200545800026
35200562300017
35200916100022
35201530900037
35202493900014
35202698300044
35203056300014
35203678400010
35204564500012
35204990200021
35205740000025
35206760700015
35207012200036
35207719200024
35208851200038
35208959300037
35209599600042
35211170200069
35214282200027
35214880300013
35215305000047
35216166500034
35216895900026
35217397500017
35217852900017
35218791800011
35219300700288
35219300701500
35220407700015
35221484500013
35222517100086
35222601300055
35222792000035
35226334700051
35228909400034
35229129800029
35229349200026
35230593200019
35232566600043
35232700100033
35233823000027
35234907000032
35235360100011
35236207300012
35237493800012
35238083600044
35238377200022
35238724500025
35239052000034
35239408400045
35240515300011
35240668000012
35241288600041
35241668900011
35242882500017
35243410400027
35243751100087
35245070400015
35246603100064
35247900000015
35248508000019
35249895000018
35250032600025
35250810500017
35253224600019
35253964700045
35254162700019
35254325000034
35255077600020
35255142800019
35255201200010
35255726800054
35256211000036
35256798600141
35259444400023
35260274200046
35260699000013
35261658500019
35263097400025
35263941300017
35264284700011
35264584000062
35265005500028
35265422200020
35265521100014
35266694500014
35268275100016
35268390800037
35269601700016
35270597400017
35270914100043
35271048700021
35271073500064
35271480200035
35274127600013
35274833900020
35274922000013
35275153100042
35276831100057
35278422700030
35279394700032
35279993600021
35280804200050
35280930500019
35280977600029
35283544100010
35285154700013
35285493900027
35286007600079
35286063904316
35286579400049
35286769100045
35286860800014
35287331900029
35287744300015
35288376300018
35288754100014
35289402600041
35289656700018
35289802700227
35293232100016
35293455800011
35293799900022
35293852600014
35294188400046
35295683300102
35297153500013
35297874600019
35297977700088
35298500600019
35299101200027
35299144200042
35301056400014
35301346900013
35301797300028
35302195900021
35303078600035
35303276600027
35303615500011
35303659300013
35304059500012
35305848000065
35306214400046
35307305900027
35307765400013
35308049200039
35308398300018
35309948400019
35311031500010
35311395400021
35311836700013
35313365500012
35313428100032
35313517100018
35314913100024
35315603700015
35318131600020
35318549900038
35319364200041
35319510000048
35320256700015
35320353200026
35320731900016
35320755800126
35322025400059
35322938800015
35324145800010
35324753900011
35325319800033
35327015000025
35327949000018
35328096900018
35328355900014
35328545500021
35330067600189
35330725900021
35331885000032
35332104500018
35332541800013
35333233100027
35334794100034
35335843500017
35337224600051
