34482667200042
34483642400020
34485723000058
34486795700021
34487787300010
34488530600011
34489895200041
34491043500033
34491489000050
34493022700014
34494024200011
34495220500021
34499851300016
34500191100022
34501401300048
34501677800010
34502611600029
34504034900036
34504446500028
34505556000063
34508617703220
34509324900034
34509440300119
34511890500115
34513048811501
34513048828679
34513066000250
34513175900028
34513844000028
34515041100055
34518602700040
34518775100028
34518812200021
34521078500050
34523612900101
34526340400062
34526765200039
34527220700019
34527946700012
34529406000032
34533353800014
34533358700011
34534389100015
34534740500028
34535378300011
34537533100054
34537822800026
34539983600013
34540415600092
34540509600040
34540811600019
34738441400020
34738921500018
34739646700024
34740022800024
34741716400022
34742247900027
34743137100017
34744057000070
34745045400108
34745370600041
34745566900015
34747052800030
34747864600040
34748349700058
34749382700013
34750396300014
34752189000033
34752240100012
34753202000018
34753266500028
34753549400020
34754335700029
34754608700037
34756112800070
34756269600026
34756787700019
34760314400010
34760931500010
34762450400010
34764519400031
34766427800012
34766928500046
34766963200114
34767859100020
34768519000014
34769172700031
34769499400018
34770318300017
34771920500044
34773833800032
34773915300026
34774585300023
34775518300030
34777120600013
34780802400033
34781125900022
34781280200069
34783956500020
34785813600042
34789461000034
34791109100010
34791497000020
34791980500023
34792705500033
34797966800022
34799757900011
34800563800013
34801235200020
34801293100021
34802084300044
34802218700028
34806326400017
34806762000032
34807409700018
34809361800018
34811197200025
34811321800062
34812567500010
34813441200025
34813991600020
34814093000028
34814195300011
34814719000014
34814934500020
34815197800015
34816307200013
34817666000010
34818056300010
34821170700016
34822783600049
34825664500014
34825678500059
34825856700026
34827189100049
34828102300013
34829463800096
34830638200014
34831063200032
34834437500020
34834650300025
34838450400026
34841550600859
34841648800032
34841865800012
34842011800039
34842605700017
34845174100022
34845960300018
34846051000053
34846507100010
34847557500018
34847905600023
34848055900023
34849057400020
34849903900058
34850835900018
34852254100013
34853044500025
34853049400023
34853330800055
34855646500030
34855773700015
34858042400011
34858152100013
34859510900011
34859935800028
34860600500026
34860935500022
34861218500010
34861377900027
34862332300071
34863335500030
34864385900013
34865916000041
34867416900597
34867416901660
34867983800014
34870279600023
34871528500022
34875016700036
34875059700034
34876263400023
34877314400053
34877367200020
34878203800015
34879149200021
34879510500017
34879802600012
34881249600027
34882300600013
34882323800046
34883163700049
34884258400016
34884416800057
34884526400012
34886856300019
34887080900020
34888209300050
34889889100018
34890066300017
34890836900047
34895353000014
34896235800035
34896580700012
34896786000019
34898151500011
34899005200030
34899406200019
34899706500068
34902898500019
34903993300024
34906904700042
34907426000093
34909337700027
34909512500051
34913167200017
34913295100022
34915064900029
34915142300036
34915648900016
34916255200013
34917124900049
34917234600018
34918478800017
34918632000017
34918849000024
34920010500014
34920202800032
34920796900024
34921467600026
34921582200017
34921817200048
34924490500023
34925530700010
34925911900023
34926554600052
34927159300023
34927855600023
34927867100020
34929573300019
34930376800015
34930991400027
34931432800015
34934883900029
34935728500015
34935874700021
34935963800013
34936208700018
34936698900011
34937264900013
34939633300016
34942221200010
34945786100012
34945928900014
34945933900017
34949931900045
34951582500025
34952058500044
34952315900011
34954263900035
34954771100029
34957307100033
34958094400016
34961348900047
34961481800038
34961940300018
34963775100075
34963933600016
34967950600049
34969710200011
34971172100036
34972278500020
34972782600027
34972954100012
34975993600025
34976018100017
34976240100025
34976337500350
34976485200019
34978746500013
34978841400010
34979588000021
34982080300022
34983020800063
34983948000028
34984071000041
34986703600023
34987121000028
34991119800019
34991240200030
34991308700053
34992250000039
34992581800099
34992906700016
34994838000010
34995294500138
34995603700031
34995829800029
34997274500013
35000222600016
35000724100028
35001770300025
35002993000012
35003563000010
35003892300032
35005066200054
35006068700018
