34483353800038
34486381600015
34486905200029
34488017400059
34488325100029
34489909100047
34490914800035
34491589700013
34492221600033
34492818900069
34492824700016
34493121700022
34493347800028
34493378300021
34493459100019
34493504400018
34493666100042
34494644700028
34495873100012
34496733600043
34498005700113
34500304000010
34501495500032
34502242000011
34506401800012
34508498200015
34508617704038
34508617705431
34509198700031
34510582900021
34512117200018
34512467100016
34513048812707
34513048813044
34513048818597
34513048820379
34513048822557
34513048825766
34515059300035
34515125200011
34516207700019
34516995700015
34518474100022
34518865000013
34519434400056
34520071100017
34521620400015
34522055200037
34523543600036
34523798600020
34524490900064
34525492400086
34526409700030
34526807200013
34529400300016
34529751900018
34532073300016
34534391700018
34535706500035
34537156100019
34538443200034
34540224200076
34540415600076
34540662300065
34681026000015
34695003300149
34738457000193
34738457000813
34738457002876
34741647100030
34741716400048
34741987100012
34744088500023
34746291300034
34746712800026
34747817400050
34748119400020
34748932000056
34749014600029
34749114400023
34749837000027
34751553800044
34752207000031
34754163300017
34755460200016
34756115100023
34756904800015
34758189400016
34759077000108
34760014000029
34761761500039
34762179900019
34762458700023
34765122600024
34767331100010
34767552200028
34767713000044
34768229600012
34769403600018
34770462900018
34771649000011
34775440000104
34775801300028
34776555400022
34777083600018
34777522300014
34780131800010
34781386700012
34781655500028
34785059600029
34785907600015
34788315900019
34788859600017
34789095600068
34791704900038
34792671901223
34792671902197
34792671903088
34793525600037
34795941300019
34796491800028
34797752200015
34798872700041
34800265000045
34800465600016
34800652900021
34802156900010
34802540400032
34802540400107
34804434800590
34805300000025
34806267000024
34807430300010
34808589500038
34809998700219
34812412400036
34813343000036
34817663700067
34817823700015
34818479700010
34819334300046
34820242500024
34821422200013
34821847000014
34822183900031
34823167100010
34826457300042
34826620600021
34828736800016
34830358700060
34831630800017
34833048100048
34833468100049
34834079500015
34837677300019
34838242500026
34839389300097
34840862600045
34841242000039
34842589300016
34845345700015
34846923000018
34847202800029
34848214200034
34848436100038
34851089200014
34851222900025
34851448000014
34855541800030
34855721600036
34858104200085
34858277600038
34858378200027
34858385700019
34860912400022
34862623500017
34863570700022
34865913700015
34865942600012
34866494700010
34866924300019
34867752700049
34868836700013
34869787100047
34872357800061
34872942700024
34873794100016
34874230500041
34875733700038
34876208900012
34877460500011
34878467900014
34878930600019
34881842800040
34883841800013
34883917600016
34886443000049
34887637600024
34887657400016
34888054300015
34888293700058
34888465100061
34888499000022
34889544200047
34889588900031
34891043100025
34891263500052
34893364900017
34893566900021
34894025500097
34896399200022
34897636600040
34898621700019
34901190800010
34903020500026
