34482123600025
34486482200020
34490260600013
34491624200029
34491702600066
34493003700025
34493465800016
34495075300030
34495393000015
34498091700027
34498610400091
34499297900023
34499310000025
34500602700824
34500602701798
34500602701970
34501420300037
34502309700016
34502938300014
34503395500013
34503603200018
34503631300020
34505741800013
34508074100043
34508617703014
34508617703642
34508617707718
34509440300093
34511611500048
34513048809125
34513048814588
34513048817193
34513048825162
34513048826434
34513048827853
34513048827903
34513048829685
34513048829719
34513051201764
34513170000014
34516221800019
34516454500021
34516813200073
34517050000051
34517746300048
34518628200033
34518676100010
34519383300026
34519661200013
34519707300025
34520058800019
34520192500046
34520282400016
34524123600032
34526275200016
34527747900043
34528865800015
34528958100059
34529395500034
34530662500046
34531907300028
34533637400011
34534183800034
34536409500041
34537472200022
34539160100159
34540321600012
34741019300010
34741518400030
34743422700026
34748111100016
34748242400038
34748566600056
34750344300017
34751582700017
34752132000023
34753759900099
34753804301616
34755561700013
34756759600015
34758071400017
34758139900016
34760181700013
34761541100043
34761906600025
34764309000025
34766838600019
34768426800027
34768869900037
34769063800155
34769427500012
34771234100010
34771295200014
34771304200013
34771476800012
34771937900021
34772550900017
34777834200027
34779283000031
34779702900019
34780286000044
34781721500036
34782185200022
34782340300048
34783742900013
34784030800022
34784835000026
34785318600059
34785420000016
34786222900049
34786306000088
34787011500024
34789663100046
34790296700012
34790360100016
