34482479200206
34484896500036
34485489800014
34486031700017
34487600800014
34488326900054
34489475300047
34490378600012
34492097000029
34493418700024
34493647100012
34494624900036
34495299900011
34495969700055
34496159400035
34496385500046
34496826800021
34498958700011
34499565900036
34499942000013
34500867600024
34501070600033
34501138100034
34503398900012
34503941600739
34505494400060
34505584200040
34506340800024
34508617703709
34509705900017
34511276700057
34511744400025
34512790600013
34512815100015
34513048812541
34513048826269
34513048827010
34513048827085
34513048828588
34513048828703
34513051203075
34513809300033
34515172400019
34515942000016
34520063800020
34520719500016
34520790600040
34523526100012
34524537700014
34525347000024
34526116800024
34526214100046
34526425300013
34526841100021
34528245300025
34528274300011
34528362600041
34528664500048
34529407800018
34530419000019
34530918100039
34531887700015
34532519500047
34533579800020
34534730600028
34535280100053
34536856700011
34537612300021
34537782400015
34537867300015
34538424200011
34539308600011
34539431600011
34539500800070
34540415600159
34540750600012
34718023400028
34738457001142
34741237100028
34743124900023
34743701400033
34744439000012
34745808500052
34747065000016
34747556800031
34748934600028
34750490400025
34750684200033
34754790300075
34755028700051
34755481800026
34755894200020
34758684400016
34760197300014
34760837400026
34760902600054
34761980100033
34762266400030
34762967700027
34763055000023
34763788600016
34763843900021
34765918700046
34769030700017
34769994400018
34770323300010
34770626900029
34771253100016
34771280400033
34771390100036
34771623500010
34771647400015
34772798400036
34773953400019
34775115800028
34778593300024
34779414100031
34780350400039
34780804000054
34780845300075
34781072300051
34781916100048
