34482052700010
34485856800035
34487479700014
34490116000046
34492080600017
34492437800013
34494865800028
34495115700017
34495764200012
34495849100013
34496099200040
34496960500015
34497720200029
34498036200018
34498690600040
34499675600013
34499881000016
34500602701640
34501426000029
34501549900030
34504857300033
34504989400016
34505070200017
34508016200018
34508617700275
34508617703022
34508617703527
34508617706736
34508806600138
34510725400038
34511613100011
34511734500016
34513048801882
34513048809232
34513048819694
34513048823753
34513048826657
34513107200067
34513250000025
34513640200046
34514122000037
34516491700014
34516961900011
34519951700011
34520402800012
34521022300011
34521164300019
34523612900093
34524131900010
34524672200051
34527251200046
34527661200024
34528249500018
34531188000016
34531289600011
34533055900047
34533680400017
34534437800012
34535118300123
34535618200021
34538393900054
34538673400031
34540415600464
34738144400012
34738146900027
34738151900011
34738457001449
34738457002769
34738475200031
34738891000015
34738949600030
34740315600040
34742843500064
34743565300014
34745208800011
34746589000023
34747699600025
34748562500037
34748868600028
34749959200041
34750127200061
34753762300030
34753804300584
34753804300626
34754509700110
34756657200017
34757128300014
34757341200025
34759042400029
34759294100038
34760556000031
34761165900017
34761982700095
34762577400018
34762882800175
34763899100021
34765573000013
34766245400235
34766406200044
34768017500010
34769712000025
34770344900038
34770870300116
34772127600033
34773228100063
34774008600017
34774333800019
34775458200026
34779316800019
34779461200023
34779767200016
34780729900016
34781514400030
34784143900024
34785099200020
34785326900061
34785675900019
34785879700017
34786328400027
34787097400024
34787410900056
34788011400058
34788115300022
34788147600019
34788658200019
34788968500017
34788990900011
34789109500015
34790279300012
34790603400025
34790661200036
34792671902742
34792919200032
34793542100029
34797258000018
34797619300016
34798122700031
34799708200024
34799807200016
34801222000029
34801666800017
34802998400039
34804581600017
34804592300029
34805140000029
34805653200024
34806242300010
34808183700018
34808214000040
34811623700010
34811648400026
34813473500011
34814095500058
34814896600024
34814939400010
34815010300011
34815298400020
34817112500027
34818231200044
34821455200047
34821777900019
34824111800010
34824554900046
34825520900010
34826614900023
34828847300021
34831209100021
34831868400035
34833142200041
34834442500031
34834771700046
34835568600133
34836258300026
34836436500018
34839687000043
34840518400014
34840559800023
34841061400047
34844403500045
34844626100029
34845012300016
34846135100010
34847046900027
34848453600068
34849032700023
34849130900012
34849746200013
34851158500088
34851834100030
34852324200017
34852822500017
34854694600016
34854852000017
34855172200039
34856807200022
34856884100012
34858206500028
34858815300018
34859877200013
34860621100020
34861871100058
34861899200047
34861919800016
34863142500017
34864745400019
34865144900038
34867030800033
34867416900332
34867416904821
34867416905893
34867416906024
34867934100068
34867991100019
34869095900039
34869999200080
34870997300021
34871131800017
34871451000016
34871878400021
34872502900014
34873797400017
34874268500012
34876101600032
34876963900017
34877126200022
34877273200023
34878501500010
34878552800012
34880222400025
34880630800014
34880686000014
34880747000037
34882916900013
34882972200050
34884453100049
34885240100028
34886565000017
34886585800016
34886769800022
34890184400046
34890906000017
34892289900037
34893253400012
34894867000016
34895267200023
34895674900033
34897194600010
34898386700014
34898773600017
34899851900030
34900570200031
34901134600070
34904150900044
34904737300064
