34482199600032
34482320800048
34483265400026
34483490800040
34484034300042
34485521800055
34489771500019
34490505400013
34490915500014
34494048100023
34495133000036
34496081000036
34497418300016
34499458700014
34499715000034
34499783800018
34500888200044
34501256100014
34501583800013
34503609900033
34504203000022
34505602200014
34506183200068
34508617703485
34508617707700
34509212600027
34510642100026
34510787400025
34511149600013
34512266700016
34513048802856
34513048810453
34513048811832
34513048812319
34513048816013
34513048827150
34513048828059
34514482800067
34514753200021
34515666500035
34516368700014
34516962700014
34518659700018
34518813000016
34519856800015
34520560300029
34520685800028
34521258300032
34521585900058
34524703500024
34528538100025
34528870800026
34529140500016
34530688000377
34532476800026
34532905600088
34534609200066
34534990600031
34535042500038
34536238800018
34537354200025
34537449000059
34537496100042
34540284600025
34540413100012
34605002400139
34714054300054
34738158400015
34738457001779
34738457001910
34738745800016
34741514300010
34742149700020
34744020800010
34744174300015
34744275800038
34748213500063
34749597000019
34750225400050
34750755000023
34751148700014
34751318600028
34751584300022
34751677500017
34752292200025
34752924000041
34752961200025
34754766300026
34754859600019
34756534300014
34757583900019
34758448400013
34760616200019
34761740900011
34763462800023
34763910600017
34764448600073
34764737200015
34766645500048
34768717000022
34769371500018
34770665700041
34770985900032
34772524400011
34774932700016
34776280900049
34776700600021
34776873100015
34777306100051
34777503300025
34778468800058
34778756600046
34779798700026
34780329800012
34781810600028
34782404700018
34782444300019
34783231300014
34784631300034
34785028100010
34786328400019
34786902600067
34788345600035
34790070600057
34792039900016
34792671900225
34792671900548
34792671902916
34794385400021
34794657600019
34797424800010
34803498400032
34805064200027
34806833900046
34807565600010
34807866800020
34809358400012
34812621000049
34814272000013
34817926800027
34819712000036
34819748400010
34820832300025
34820994100031
34821443800015
34828394600013
34830267000057
34834479700025
34836350800022
34837078400038
34838500600013
34840299100023
34840692700015
34841614000013
34842337700020
34843154500014
34844702000010
34845010700027
34845821700018
34846880200023
34848067400053
34848838800037
34854811600030
34858732000014
34861666500017
34862052700013
34862427100022
34862753000010
34862956900065
34863244900024
34864140800045
34864290100022
34864713200011
34865071400010
34865224900056
34866049900016
34867280900012
34867416906453
34867685900021
34868510800022
34869433200019
34873533300026
34874249500032
34876231100085
34876392100015
34876996900026
34877902600064
34880460000024
34880945000219
34881384100056
34882864100020
34884457200027
34885495100038
34886651800031
34886725000030
34889046800013
34891689100016
34892064600018
34892321000200
34894514800016
34894600500025
34897609300032
34897627500019
34897709100035
34897974100025
34898628200021
34898808000035
34898867600022
34900747600014
34902745800018
34903610300084
