34482835500018
34484473300024
34484706600026
34490416400011
34492694400010
34493213200022
34493437700047
34493939200017
34494506800031
34494954000027
34495567900024
34496179200027
34496207100017
34496737700047
34499953700022
34501945900048
34502852600068
34503073800032
34503179300044
34503671900028
34507124500038
34508617702974
34508617703691
34508617706629
34508617706918
34513048809786
34513048814323
34513048817946
34513048819652
34513048821773
34513048823647
34513048828505
34513048829230
34513051202424
34513320100029
34514988400024
34517217500027
34519451800030
34519548100014
34520254300012
34520497800018
34522452100020
34522836500028
34524379400020
34524675500010
34524824900012
34530031300151
34530040400026
34530107100030
34530688001094
34532887600031
34533148200025
34534147300022
34534373500071
34535433600017
34535533300088
34537166000019
34537887100023
34539420900026
34687054600055
34738193100018
34739285400027
34739376100015
34743620600093
34744734400040
34746711000024
34746978500039
34747331600011
34747686300019
34748014700029
34750728700014
34752189000017
34752257500070
34753804302507
34754727500011
34758059900012
34758222300017
34758798200021
34760620400043
34761651800044
34761712800074
34761761500054
34762092400048
34762921400029
34765221600016
34765643100025
34766460900018
34766577000017
34768814500015
34768880600012
34769972000020
34771296000017
34774150600013
34775981300020
34777831800043
34778488600017
34778610500028
34780709100025
34782748700021
34783484800017
34783851800020
34784788100070
34785596700027
34785871400012
34787644300016
34790002900070
34791550600021
34791677700019
