34482202800033
34482915500011
34484010300016
34484374300529
34484999700038
34485717200011
34486068900019
34487173600015
34488066100014
34489281500111
34489434000019
34489666700013
34489699800046
34490532800011
34492354500042
34493938400022
34494460800043
34494837700033
34495416900027
34496949800015
34497828300010
34497952100012
34498952000012
34502463200027
34504168500040
34505556000055
34505641000037
34507926300017
34508617707163
34509782800049
34510388100016
34510624900021
34511272600046
34511414400024
34513048800207
34513048803375
34513048803995
34513048820353
34513048822375
34513048822862
34513048825626
34513048827770
34514078400058
34515114600015
34515265600012
34518215800047
34519188600026
34520969600029
34525106000017
34525217500020
34525709100024
34526434500017
34528513400028
34530688000658
34531479300034
34532073300024
34534631600036
34534803100047
34535905300013
34536057200027
34536187700011
34537333600022
34539763200026
34540415600258
34540415600829
34652003400015
34739005600021
34739297900014
34740655500016
34741147200025
34743857400019
34744032300033
34745483700027
34747139300012
34747427200015
34751349100014
34751637900018
34752264100013
34753804301392
34753804302143
34754613700014
34754771300029
34758665300037
34759598500024
34759664500056
34761570000056
34761596500063
34762882800118
34763057600028
34764516000016
34765993000015
34767015000015
34770518800030
34772670500051
34774619000029
34777115600044
34777231100036
34779885200021
34780214200021
34780688700019
34781725600030
