34482600300032
34483968300028
34484180400026
34484374300297
34484374300511
34484906200056
34485147200011
34486322000028
34486916900013
34487177700019
34487246000011
34489138700013
34490448700032
34492705800018
34493345200023
34493941800028
34494423600027
34495205600010
34496344200035
34497824200024
34499913100016
34500016000019
34501129000011
34501700800011
34502506800015
34503541400019
34503765900017
34503775800017
34503811100034
34504191700237
34504549600014
34506692200021
34506838100028
34508617700861
34508617702578
34508617707981
34508706800010
34509349600023
34512537100012
34513048807830
34513048819926
34513048821526
34513048822334
34513048822938
34513048827622
34513048830683
34513589100017
34517940200010
34519177900015
34521256700035
34521446400033
34521824200021
34522166700016
34524145900022
34524598900081
34525488200052
34526400600031
34527606700013
34529122300021
34529220500019
34530121200048
34531237500032
34531501400067
34532006300018
34532302600046
34533168000099
34533931100010
34535674500017
34537657800018
34664047700037
34698018800012
34738457002702
34741755200051
34742330300028
34743578600020
34744046300011
34744945600032
34745895200020
34747152600017
34750080300015
34750406000026
34751239400011
34752554500021
34753804302796
34755496600023
34760271600115
34761115400027
34762662400055
34765348700012
34765988000012
34766258700018
34766560600039
34767315400014
34767840100022
34770728300045
34772188800019
34772818000022
34773498000019
34776686700019
34777944900011
34778335900040
34778410000039
34779323400019
34782064900023
34783459000015
34784109000041
34786228600023
34786532100025
34788153400015
34790330400017
34792310400025
34792474800069
34792671900597
34792671902999
34797323200015
34797415600031
34797597100016
34798245600027
34799481600036
34800523200023
34800995200022
34801494500011
34802115500018
34802717800014
34805047700010
34806175500016
34806431200146
34806538400029
34807419600042
34807461800011
34808231400017
34808524200017
34808839400013
34810071000014
34810922400025
34811328300025
34814016100012
34814804000028
34814896600016
34815615900017
34815769400020
34816251200027
34816927700012
34817674400012
34817900300051
34818042300108
34819186700012
34821455200070
34823562300025
34824373400012
34824484900017
34824698400036
34826764200026
34827736900032
34831298400027
34831392500045
34833106700010
34837835700019
34838773900017
34841627200014
34842149600020
34843772400027
34846657400020
34848003900026
34848022900015
34848338900022
34848917000020
34849010300010
34849407100015
34850346700014
34851993500046
34853636800023
34854151700028
34854289500035
34857041700041
34857925100011
34858374100015
34858973000012
34860009900017
34860741701087
34861089000017
34861657400037
34861969300016
34862413100069
34862603700017
34863117700022
34864295000029
34866050700024
34866906000017
34867416900696
34867416904409
34867831900032
34868252700018
34869297100032
34870352100032
34871277900027
34872520100019
34873568900070
34875146200048
34875896200040
34876016600010
34879142700027
34881506900029
34881939200047
34883687500040
34885146000041
34885189000031
34885295500031
34887550100069
34889915400010
34890118200017
34891699000057
34892212100051
34892428300032
34892970400024
34893701200261
34894066900024
34894344000019
34894646800017
34895393600013
34895901600042
34896419800017
34900284000016
34902323400017
34903343100025
34905257100016
34905539200089
34905788500015
34905967500018
