34483707500029
34485551500021
34485965700019
34488867200039
34489389600011
34489835800025
34492349500016
34492888200028
34494011900011
34495216300014
34496139600019
34496379800055
34498338200013
34498670800073
34499833100088
34500782700016
34501335300197
34501351000010
34502163800027
34502754400013
34503009200042
34505685700021
34507073400057
34507231800024
34507642600047
34507710100011
34508145900413
34508293700011
34508432100024
34508529400048
34508617701042
34508617703402
34508617703915
34510262800012
34511339300010
34512065300018
34513048802542
34513048803730
34513048817474
34513048822433
34513048827309
34513048829131
34513115500037
34515469400425
34516828000013
34517548300022
34518298400012
34519023500019
34519228000047
34522590800028
34524197000036
34524804100039
34525285200016
34526098800034
34526283600025
34529776600015
34531380300032
34532470100027
34534496400043
34534832000010
34536359200014
34537028200021
34538343400106
34538462200022
34538609800023
34538830000013
34540149100021
34540793600011
34603885400011
34738248300019
34740895700012
34741268600011
34741546500017
34741585300014
34743427600015
34743792300035
34744995100032
34745602200032
34747844800033
34749751300023
34750943200014
34751667600041
34753183200058
34753804301095
34754224300014
34754548500018
34755278800015
34755389300020
34756340500013
34757257000013
34757428700012
34758214000013
34758223100457
34758866700027
34758960800012
34760730100020
34762882800134
34765419600026
34768620600066
34771789400021
34772199500020
34772566500041
34776210600016
34777728600043
34778420900012
