34484374300560
34484499800064
34485025000053
34486981300024
34487395500027
34487616400015
34487807900013
34488241000022
34490761300014
34491985700013
34492355200014
34493675200031
34494502700029
34494886400030
34495288200019
34495886300039
34496177600012
34496487900011
34497874700097
34499159100043
34499749900068
34500220800014
34503010000225
34503172800016
34504380600016
34507612900047
34508486700018
34508617700648
34508617701000
34508617702909
34508617704368
34508617706678
34510378200016
34511446600039
34511699000044
34512745000020
34512790600021
34513048807780
34513048812590
34513048822144
34513048824157
34513048824736
34513048824967
34513048825485
34513048825949
34513048826335
34513048827424
34513542000015
34514862100013
34516120200014
34518061600012
34518138200036
34519718000044
34520023200014
34522129500016
34522198000021
34523092400051
34523128600039
34524182200013
34528414500017
34532188900023
34532858700034
34534135800025
34534931000010
34535710700035
34535833700045
34536262800025
34536933400015
34537667700018
34539160100019
34539496900033
34539785500023
34540494100022
34540551800019
34739275500026
34739791100038
34739912300020
34741458300018
34744219600023
34744765800035
34747720000013
34747782000018
34748372900070
34748710000013
34753035400021
34753804300303
34753804303059
34754567500022
34756182100039
34757183800049
34758420300017
34760205400046
34762796000029
34764530100032
34765438600023
34766775000025
34767370900015
34768316100025
34769320200041
34770442100028
34770560000026
34772155700010
34772795000078
34773314900012
34774274400027
34775619900035
34775737900016
34775772600059
34776081100047
34778283100015
34778953900017
34779034700012
34779675700024
34780600200452
34780973300038
34781223200036
34784108200014
34785438200020
34785661900015
34785749200016
34785950600086
34788046000022
34788531100022
34789306700020
34790646300059
34791397200019
34791612400014
34791834400016
34792671900076
