34482410700041
34484102800055
34490370300017
34492814800016
34493877400025
34494101800022
34495659400024
34497174200038
34497321900035
34499060100017
34500169700027
34500283600012
34500602702010
34501410400011
34503406000037
34503490400010
34503574500016
34504729400029
34505762400016
34506650000025
34508617706348
34510414500023
34511611500238
34511818600013
34513048800611
34513048806154
34513048819959
34513048824371
34513048826228
34513048827663
34513048830493
34515063500018
34515921400047
34516164000015
34516407300032
34516465100019
34516815700039
34516858700011
34517905500032
34518003800019
34519673700018
34521817600013
34522315000037
34522423200024
34522637700025
34522745800022
34522976900012
34524268900015
34524501300056
34524871000039
34527068000027
34527256100019
34528716300033
34530618700013
34532617700010
34533996400024
34534489900025
34535118300511
34536447500045
34538480400026
34539730100036
34539949700030
34540420600012
34540561700019
34547058700014
34739256500011
34741569700015
34743605700017
34744073700034
34745402700025
34746407500014
34746419000037
34747365400056
34747549300032
34749723200012
34749808100079
34750838400034
34751261800054
34751786400018
34752599000037
34752881200014
34752960400030
34754728300015
34754763000017
34755615100038
34756004700016
34757454300026
34758223100218
34761042000015
34761226900071
34761868800019
34763138400034
34769022400014
34770127800033
34771892600012
34772654900053
34772795000045
34773229900024
34775332900015
34775859100056
34776600800010
34779512200022
34779799500011
34780304100024
34781532600017
34783096000048
34783793200016
34785474700065
34787072700034
34789596300010
34791883100012
34792375700012
34792671902221
