34482171500010
34483784400010
34484121800029
34485488000020
34486459000049
34487739400017
34488359000020
34489343300047
34491289400021
34493642200015
34495075300014
34495847500057
34497375500020
34501335300213
34501404700046
34502355000014
34502776700036
34505156900019
34505254200015
34505503200022
34507063500015
34507800000030
34508617707171
34509915400063
34511234600019
34512025700034
34513048802294
34513048803136
34513048819108
34513048821864
34513048826194
34513048826368
34513048828471
34513048829172
34513048829180
34515469400417
34516710000014
34519481500048
34519974900010
34520104000010
34520375600027
34521252600015
34522076800013
34523782000013
34525595400017
34527171200043
34527627300041
34528201600236
34529071200024
34529159500055
34529765900038
34530405900016
34530831600024
34534418800031
34534816300014
34535416100027
34536542300010
34536593600011
34539999200022
34540979100018
34608005400049
34738868800017
34739102100024
34740230700305
34740898100012
34741304900128
34742088700023
34744260000032
34745184100022
34745730100013
34745762400042
34745941400020
34747031200013
34748250700014
34748712600018
34750166000026
34750950700013
34752997600016
34753973600038
34755776100066
34758417900035
34758655400052
34761123800036
34766344500018
34767473100018
34767656100017
34769418400032
34769512400029
34769613000017
34771087300022
34771689600019
34772035100019
34772057500021
34772697800013
34773184600015
34773771000017
34773787600016
34773819700057
34774552300014
34775761900015
34776677600020
34777042200033
34779171700023
34781036800048
34781304000016
34782052400069
34782056500013
34782519200011
34785439000015
34785636100063
34785962100018
34788133600015
34789027900024
34789143400016
34790115900017
34790183700026
34790905300014
34792553900012
34793288100019
34795046100033
34795327500034
34795460400042
34796026200033
34800127200031
34802182500016
34804330800025
34804434800236
34805076600032
34806044300028
34806762000040
34807349500015
34807422000057
34807528400011
34811185700028
34811458800059
34812419900053
34813333100028
34816241300044
34816940000044
34817034100039
34817300600043
34820665700051
34821012100011
34821165700013
34824209000010
34824792500038
34825258600014
34830050000017
34831743900035
34832837800024
34832856800012
34833905200055
34835366500014
34837056000032
34839300000024
34839624300019
34841459000011
34842027400014
34843176800020
34845161800022
34845508000062
34849243000023
34850548800018
34850862300025
34850903500021
34851226000020
34853433000017
34853607900042
34854643300023
34856841100048
34858582900024
34860385300014
34862774600020
34863452800015
34863708300018
34864093900016
34864609200018
34864798300090
34868007500028
34868175000025
34868490300027
34869315100014
34869422500015
34870242400063
34870258000039
34872233100017
34873458300043
34873976400044
34874148900028
34875298100012
34876022400033
34881114200234
34881483100015
34881763600023
34883075300045
34883184300019
34883957200016
34884044800024
34884784900034
34886058600018
34886522100017
34886729200024
34887292000064
34887740800016
34888317400016
34888331500973
34889100300017
34889247200021
34889324900014
34889494000017
34889701800019
34891412800015
34892828400010
34893701200295
34894244200057
34894285500019
34894730000011
34896889200045
34897311600059
34899696800015
34899962400029
34904884300016
34905700000011
34906837900016
34907840200030
34908392300012
34914507800045
34914602700017
34915414600022
34915800600016
34917308800064
34917546300026
34918260000016
34919187400065
34919336700100
34919356500034
34925001900032
34925586900019
34925831900020
34925983800010
34926342600059
34927088400027
34927732700020
34928705200030
34929062700109
34929508900016
34931532500028
34933804600049
34935358100011
34935811900049
34936349900014
34936529600012
34937196300043
34937872900017
34938241600031
34938371100026
34943433200020
34943518000048
34944776300013
34946281200026
34946845400021
34947274600024
34947711700015
34948512800061
34949617401813
34950167600036
34951768000014
34951795300023
34952623600022
34953421400011
34956336100014
34959074500015
34960091600028
34960963600015
34963253900012
34963675300015
34965070500016
34965543100014
34966222100028
34969581700024
34969587400025
34970551700051
34970840400018
34971652200066
34972342900032
34972956600027
34973381600038
34974480500020
34975891200068
34976803600114
34978976800083
34979572400013
34979757100016
34980430200017
34980824600038
34982056300030
34982849100028
34983430900016
34983853200027
34983927400017
34984419100032
34985113900031
34985428100020
34986959400011
34987240800076
34987720900032
34990241100025
34990723800050
34990730300011
34991747600021
34993313500015
34994633500065
34995032900137
34995068300012
34996172200015
34997493101080
34997827000016
34998154800010
34998271000023
35000397600023
35001705900014
35002462600037
35003503600036
35003564800012
35005409400080
35005778200012
35007598200016
35008490100023
35008732600012
35009077500023
35010233100039
35011711500039
35012176000028
35012647000011
35014269100061
35015325000013
35017590700061
35018311700042
35019432000049
35019542600027
35020157000024
35020517500036
35021086000010
35021184300015
35021252800078
35022991000038
35023725100011
35024603900522
35025318300015
35025913100026
35026017000013
35026289500013
35027731500023
35029769300029
35033830700043
35035592100064
35036110100024
35043921200050
35044619100016
35045120900018
35045624000026
35045816200012
35046459000016
35049150200018
35049174200010
35051460000013
35052016900037
35052120900014
35052486400054
35053584500019
35055460600037
35055563700049
35057563500015
35057631000022
35057716900039
35057762300027
35058862000038
35060921000058
35063254300020
35064182500012
35064789700015
35065442200038
35065783900014
35065814200012
35065875300016
35066086600061
35069540900036
35069870000027
35069983100060
35070660200025
35070931700019
35070989500014
35072633700057
35072926500032
35076802400019
35077460000018
35078245400028
35078645500013
35079161201432
35079700700068
35079810400054
35080492800041
35081948800031
35084420500038
35087585200013
35089408500017
35090120300025
35091564100053
35091997300015
35092519400010
35093713200024
35095048100019
35098107200035
35102218100017
35104084500031
35105680900046
35113904300019
35115203800011
35115908200012
35116415700015
35116448802457
35117064200018
35119619100016
35121715300029
35122308600023
35123147700024
35123373900025
35124649100010
35124716800013
35125563300031
35125848800029
35128824600033
35130005800010
35130781400027
35131528800065
35131861300046
35134104500026
35136847700011
35137089500010
35143307300019
35144208200142
35144208201850
35144208207931
35144267800022
35144918600060
35144959000022
35144964000066
35145234700021
35145782500013
35147043000015
35147464800059
35148944800032
35150046700011
35151114200033
35152231300037
35153406000014
35153834300028
35157058500023
35158459400052
35160048100011
35160471500018
35161437500092
35162978700067
35163241900013
35163498500011
35164937100066
35167818000065
35168057400024
35168830400044
35169934300015
35170281600015
35170286500038
35170899500045
35171727700013
35172920700016
35174272100027
35174654000035
35175104500011
35178274300295
35181199700037
35181269801103
35181467800014
35181662400024
35182245700013
35184693600018
35186524100068
35188919100026
35189959600016
35190417200019
35190500500028
35192858500055
35193086200013
35194409500022
35195298100014
35198232700030
35198572600048
35200256200010
35200791800019
35200969000012
35201129000017
35201738800013
35202415200014
35202538100018
35203391400040
35204454900033
35205024900015
35206152700045
35206629400013
35207291200038
35207768900011
35208134300043
35209266200019
35209351200015
35209750500049
35211140500010
35211244500031
35212049700024
35213210400014
35213623800032
35214364800025
35215037900019
35216217600080
35216387700041
35218491500036
35219481500010
35219502800035
35220589200024
35222236800164
35222801900050
35222864700041
35223682200024
35224534400028
35225297700017
35230188100012
35230569200019
35230800100028
35231568300081
35232696100013
35232778700011
35233152400046
35233798400012
35234323000046
35235339500044
35236088700017
35237840000019
