34482584900021
34482887600047
34483542600018
34485336100014
34485705700030
34486153900015
34486297400021
34486650400055
34488444000027
34488909200013
34492317200029
34493819600039
34494664500019
34495448200024
34495970500015
34497034800027
34497493600025
34498539500013
34500819700021
34501104300030
34503174400013
34504994400035
34505105600017
34505699800023
34508617704574
34511131400075
34511848300022
34511905100018
34512102400011
34512963900018
34513048802492
34513048811253
34513048817177
34513048826517
34513048826822
34513048829255
34514529600074
34514551000011
34514793800012
34514841500010
34515228400013
34515296100040
34515345600065
34515699600018
34518072300024
34518564900018
34518764500014
34522943900038
34523980000039
34524077400017
34526906200088
34528201600384
34528344400015
34529974700013
34530571800016
34531537800017
34531883600011
34532250700020
34532772000024
34534006100026
34534341200010
34537576000013
34539275700026
34738345700012
34739230000039
34739299500010
34740019400010
34741354400045
34742193500029
34745713700011
34746528800020
34750141300046
34751358200028
34751699900013
34751796300018
34753804300261
34753804302481
34754561800071
34755652400010
34756291000013
34757736300034
34759072100051
34759629800013
34759801300014
34759890600019
34762652500021
34763700100038
34766180300036
34767827800024
34768211400025
34768308800038
34769326900016
34772748900036
34773050900069
34774459100020
34776488800033
34776862400079
34779221000028
34783602500010
34785284000052
34786463900021
34786885300016
34787985000027
34788732500020
34789215000033
34789489100014
34789743100032
34791789000068
34792379900055
34793843300013
34794293000038
34794837400025
34796522000028
34796584000015
34799691000050
34800592700044
34801153700019
34801519900030
34802703800028
34804405800033
34804434800681
34804762200017
34805282000035
34805893400020
34807332100013
34809112500040
34809523300014
34809849200013
34811158400044
34811390300010
34812095700017
34815694400020
34817791600023
34819348300032
34821505400019
34824253800018
34825309700011
34826723800015
34828376300046
34829165900012
34829731800019
34829777100019
34830026000067
34830410600050
34831704100039
34834472200015
34834699000024
34834889700011
34836674100018
34836959600013
34838690500015
34838862000034
34839238200019
34839916300032
34841284200018
34842385600015
34844573500056
34844612100017
34846144300072
34846166600011
34848505300014
34849865000012
34851563600028
34851899400010
34851956200089
34852356400014
34852473700015
34859261900012
34859826900028
34860150100037
34860608800055
34860915700014
34861456100010
34861723400037
34862675500014
34864869200013
34865294200023
34867009200041
34868150300028
34869148600016
34869406800043
34871156500047
34871935200034
34872466700012
34873393200068
34873478100019
34874167900016
34876856500031
34877857200027
34878108900019
34878175800035
34879359700041
34880107700010
34880566400037
34883646100015
34884311100025
34884660100014
34888465100038
34888897500037
34889133400016
34889812300016
34891765900032
34891845900010
34892301200010
34892908400013
34894792000016
34896593000038
34899155502078
34901212000045
34902466100028
34902791200014
34903582400037
34904545000013
34904962700012
34905996400032
34906964100018
34907430200028
34908214900023
34909082900020
34909283300038
34910014900039
34911873700015
34912687000014
34913457700015
34917237900027
34917959800017
34920289500018
34921967500015
34922424600018
34926115600039
34926757500034
34927705300014
34928291300012
34929351400031
34929472800010
34929967700014
34933181900012
34933859000046
34934037200037
34934565200029
34934850800038
34935171800011
34937579000038
34937956000023
34938177200020
34938213500011
34940315400017
34941491200015
34943193200020
34943695600016
34945275500029
34949650500026
34951562700033
34951814200022
34952611100050
34955254700011
34955325500028
34955856900019
34956873300035
34957046500014
34957220600051
34957552200066
34958648700028
34959092700050
34959615500011
34959620500022
34961644100029
34962060900025
34963703300029
34964911100029
34967175000025
34967869800011
34967987800026
34968340900016
34968936400017
34969466100043
34969588200036
34969999100056
34970853700049
34971086300011
34971501100020
34972922800057
34974004300055
34977563500015
34977685600040
34977883700014
34980081300017
34980220700028
34980537400049
34980806300011
34981485500012
34982667700016
34983926600021
34984868900023
34985672400027
34985938900018
34988475900029
34990092800020
34990639600024
34990694100027
34991637900069
34992859800029
34993534600016
34994714300021
34996840400013
34996931100019
34997493101353
34998576200013
34999513400070
34999633000016
35000217600013
35001757000010
35002049100030
35003307200074
35003639800013
35003724800035
35006862300056
35006897900045
35007296300019
35007504000013
35008686400047
35009301900031
35009318300068
35010998900060
35011727100014
35011792500015
35015120500050
35015889500028
35017769700017
35017870300012
35017895000019
35019322300046
35019813100020
35020517500044
35020602500081
35020730400022
35022967000038
35023673300092
35025897600017
35026823100031
35027578000012
35027643200027
35029923600041
35032031300017
35032034700015
35032900900038
35033082500018
35034479200030
35035111000027
35035125000039
35035519400035
35035534300012
35035559000018
35037280100034
35038297400011
35042845400028
35043592100043
35047261900013
35048649400015
35048771600010
35049661800017
35051020200012
35051653000036
35051722300011
35054684200054
35054819400017
35055684100012
35056499300029
35058032000033
35058236700016
35059567400036
35059601100014
35060975600035
35061329500038
35062712100022
35063579300010
35063909200054
35064856400028
35065061000016
35065179000015
35065740900016
35067886800042
35069450100015
35069684500030
35071078600012
35071137000014
35071191700020
35071920900016
35073151900053
35073936300017
35076498100022
35077551600015
35079161201887
35079161202240
35080069400027
35080539600578
35080840800024
35082866100016
35083584900018
35084368600022
35084585500021
35085159800044
35086567100019
35086877400109
35087280000049
35087320400050
35087889800013
35088373200025
35088663600017
35089002601229
35089081000012
35089176800011
35089677500011
35089901900011
35093083000061
35093794200026
35095042400068
35095313900010
35097369900050
35098438100011
35099729200049
35100037700025
35101495600012
35102826100011
35103400400017
35103404600018
35103827800021
35105544700012
35105775700038
35105995100035
35106362300026
35106593300019
35106886100027
35107463800047
35108117900019
35109735700013
35109962700017
35111671000051
35112743600019
35113498600014
35115865400035
35116205200010
35116448801582
35116587300024
35117108700015
