34485000300031
34485900400022
34486020000064
34486280000010
34486677700024
34487303900012
34487481300027
34488999300020
34489105600022
34489585900017
34489788900079
34489944800049
34490314100036
34491218300029
34491422100025
34491730700011
34493103500051
34497189000019
34497233600020
34497426600019
34497765700016
34498836500021
34499615200031
34499755600024
34500167100014
34501821200059
34502906000018
34504016600026
34506655900013
34508617700044
34508617700077
34508617700440
34508617701562
34508617703873
34508617705589
34508617707684
34510701500033
34511006800011
34511491200099
34513048806360
34513048812632
34513048814349
34513048826632
34513048827747
34513048828315
34513048830386
34513048830758
34516537700028
34517477500014
34518269500048
34519984800010
34521748300048
34524298600023
34525313200012
34525731500019
34525784400018
34526059000020
34529728700046
34530688000633
34530932200047
34531176500019
34532294500030
34535015100014
34537028200013
34538274100022
34538702100016
34540415600191
34540415600308
34738457001290
34738690600031
34739811700015
34741323900042
34741718000069
34742607400014
34743608100025
34744918300016
34747748100027
34748547600027
34748627600012
34748781100015
34749267000042
34753553600028
34755385100044
34756107800044
34756511100049
34756658000010
34758221500021
34764060900025
34764311600028
34764472600023
34765242200010
34767015000049
34767015000106
34769485300024
34771093100051
34771147500025
34772262100013
34772597000011
34772740600022
34773821300029
34774383300019
34774665300042
34775901100013
34776489600010
34777771600064
34778431600015
34780096300022
34781524300014
34782479900014
34783161200010
34783276800035
34784950700020
34785039800061
34785412700011
34785622100036
34785717900076
34785986000038
34786703800023
34787028900019
34789929600011
34790155500040
34792671900282
34793399600022
34793431700012
34793446500027
34793992800045
34794257500015
34794581800024
34794715200026
34794747500013
34795478600013
34797453700016
34798277900030
34799204200049
34801760900028
34802314400028
34804834900024
34805577300074
34805674800018
34805686200025
34806832100101
34807221600040
34807852800026
34808518400029
34809319600031
34809540700022
34809968000012
34811787000058
34812713500021
34818075300017
34818469800028
34821924700015
34822513700010
34823648000029
34827414300026
34829989200078
34830012000014
34832750300069
34833280000039
34834850900038
34835491100011
34835865600026
34837406700026
34839013900064
34839389300030
34839417200012
34840779200046
34840936800050
34840972300015
34841553000032
34842109000013
34842299900014
34842775800035
34843652800056
34844456300061
34846362100014
34847438800017
34847939500017
34849295000061
34851441500077
34851652700028
34851778000014
34854608600078
34856315600010
34856855100017
34859717000011
34861253200021
34861596400015
34862508800029
34863955000048
34864135800042
34864148100034
34865012800013
34865607500028
34866409500034
34867752700056
34868494500051
34869203900046
34869711100030
34870553400017
34872738900036
34872881700027
34874582900054
34874932600057
34875863200015
34876200600511
34876204800018
34878083400050
34878916500019
34879577400010
34881593700027
34882438400062
34882527400015
34882981300040
34884384800014
34884678300028
34885162700037
34885493600021
34886839900026
34886841500046
34890044000077
34891674300019
34891883000020
34893435700016
34893638600583
34894476000019
34899155500064
34899155500320
34901488600015
34902564300058
34903455300017
34905319900031
34905849500012
