34482320800030
34482329900039
34482503900011
34484611800018
34486600900022
34487344300024
34487537200015
34488252700049
34490268900050
34492794200013
34492883300021
34493877400017
34494484800078
34495641200011
34495858200019
34497430800027
34498322600020
34498347300010
34499665700013
34500370100033
34500602701905
34503878000028
34504351700019
34504755900033
34505228600027
34507650900016
34508617704426
34508617705084
34511138900028
34511321100014
34511837600010
34511841800044
34513048812897
34513048820692
34513048822326
34513048826145
34513051202705
34513066000060
34516882700029
34517349600042
34518770200070
34521368000019
34522672400010
34526875900049
34527534100021
34529190000024
34530850600038
34532468500030
34533490800026
34533618400055
34534544100017
34535060700023
34535387400018
34536826000013
34537573700029
34538143800018
34539037100010
34539382100011
34540255600012
34540493300029
34540589800023
34540610200011
34701024100029
34738946200032
34741218100021
34741313000035
34743686700027
34743925900016
34744136200071
34745590900064
34746270700022
34748724100015
34749656400027
34751086900014
34752460500016
34753804301962
34753804302317
34756547500063
34758223100747
34758744600035
34759407900019
34760857200033
34760938000022
34766245400268
34768163700018
34770454600014
34775208100021
34779874600033
34780027800025
34781470900015
