34483646500015
34483768700013
34484499800189
34485309800038
34485562200066
34487656000022
34487751900027
34487772500012
34488722900021
34492452700015
34492661300037
34493746100020
34497389600048
34498552800019
34501261100017
34503709700010
34504241000042
34504870600013
34506335800013
34506577500016
34508617701018
34508617706264
34509774500011
34510702300029
34510965600131
34511663600035
34512588400014
34513048813028
34513048816310
34513048824827
34513048830154
34513048830204
34513051202192
34513151000017
34513306000037
34514192300028
34517601000022
34518473300029
34518698500031
34518834600034
34518863500030
34519171200024
34519214000019
34519282700011
34521647700017
34522085900028
34523480100016
34525548300041
34527075500035
34530430700035
34531336500016
34531878600042
34533800800021
34535141500012
34536355000012
34539753300034
34540262200087
34540633400077
34728013300021
34738346500049
34739124500011
34739234200015
34742373300042
34742486300020
34742687600046
34742714800015
34743810300017
34744766600020
34745405000050
34745583400031
34748343000018
34748592200012
34748930400019
34750518200027
34750546300039
34750605700038
34753574200014
34753804302226
34755322400010
34755960100021
34756982400027
34758919400021
34759286700027
34761509800055
34762307600069
34764272000010
34764829700013
34765386700015
34765770200010
34767284200031
34768048000022
34769307900019
34769884700048
34770548500022
34771082400082
34775859100031
34780580600010
34781986400013
