34483288600016
34491480900043
34492250500013
34492761100030
34492865000011
34493189400010
34494019200059
34494344400093
34497770700027
34497778000040
34500314900035
34500602701772
34502288300010
34502947400227
34503557000018
34503623000026
34505625300015
34507437100013
34508617700663
34508617705365
34509841200017
34511558800039
34511999400027
34512813600016
34513011600014
34513048810719
34513048821625
34513048827317
34513051201954
34513051202234
34515774700030
34516758900018
34519262900011
34519961600094
34521496900023
34523615200020
34525466800014
34526565600016
34529336900012
34531213600020
34531720000011
34535296700037
34539310200016
34540007100055
34540818100021
34738365500011
34738457001738
34740853600022
34743342700049
34746361400037
34747130200013
34748761300015
34749206800072
34752328400011
34753804301541
34753804302275
34753969400047
34754411600010
34754441300029
34756259700042
34757016000023
34758223100820
34761607000053
34761636900034
34762714300014
34763312500013
34763633400026
34765160600035
34767592800043
34768427600020
34768677600019
34771438800043
34774502800022
34776539800024
34776863200031
34779432300019
34779768000027
34780703400033
34782605900011
34784938200804
34786609700012
34786741800019
34787886000050
34788935400010
34789262200023
34789735700021
34792080300025
34793956300040
34794232800019
34795166700018
34795461200011
34796423100026
34797705000025
34798149000019
34799082200020
34802274000065
34803273100013
34803508000012
34805345500013
34805607800028
34807871800015
34808000300018
34809870800012
34812489200046
34815793400012
34816808900012
34817980500018
34818143900046
34818524000036
34819499400011
34820184900026
34820310000014
34820635000012
34820853900018
34821304200016
34821377800015
34821856100036
34822466800056
34822912100044
34824567100055
34824607500017
34825051500015
34826797200027
34827511600013
34828687300016
34828967900022
34830816400014
34833271900031
34835042200013
34835447300020
34835886200012
34836135300025
34836798800048
34839016200017
34839229100020
34840470800029
34841254500025
34849875900011
34852868800024
34853990900013
34854464400027
34855805700025
34856553200069
34857911100017
34859343500012
34860846400015
34862515300021
34862905600030
34863706700011
34864917900028
34865087000010
34866646200042
34867416906651
34868447300013
34869215300029
34869867100032
34870108700010
34870856100017
34871134200017
34871595400023
34873524200029
34873575400072
34873680200037
34874633000011
34874695900017
34875564600075
34875680000010
34875975400040
34876850800064
34877625300026
34877666700084
34878000800010
34878053700026
34878277200019
34878567600019
34878973600033
34879758000043
34880497200043
34882130700017
34882140600017
34883744400010
34884347500032
34884598300025
34885229400027
34888104600018
34889940200013
34893377100027
34894172500023
34894317600043
34895118700015
34897629100024
34898992200029
34899155500759
34899195100024
34899963200022
34900193300010
34905002100022
34905414800029
34907026800025
34909218900019
34912371100062
34913160700013
34917601600070
34918202200013
34918660100119
34920301800016
34920838900032
34921055900010
34922386700012
34922965800043
34923449200016
34924299000050
34924656100014
34928238400024
34929647500016
34930972400012
34931290000013
34932188500023
34932894800014
34933099300032
34937623600015
34939517800115
34941500000026
34942057000021
34942335000025
34944905800024
34945242500029
34945818200012
34947079900017
34949617402456
34952309200014
34952979200013
34954012000137
34954017900034
34955507800014
34958084500023
34959378000019
34961169900035
34961901500010
34962763800019
34962953500023
34965370900015
34965481400012
34966108200033
34966212200044
34967737700013
34968154400012
34968563600020
34970388400024
34971386700019
34972631500063
34972704000017
34973323800019
34973578700054
34974068800016
34974574500027
34974895400014
34976102300010
34977686400010
34978466000046
34979003000010
34980550700069
34981329500012
34982720400059
34983588400025
34984129600016
34986714300019
34987527800039
34988813100233
34989177000035
34990248600019
34990775800016
34991388900011
34994742400033
34995363800047
34996316500015
34997870000038
34998580400013
34999344400117
35000563300028
35000716700025
35001572300066
35001756200017
35004870800019
35005359100011
35006241000013
