34482681300018
34483846100012
34484292700016
34486236200227
34486263600018
34492587000034
34493594500040
34496237800032
34496518100045
34497782200040
34498005700097
34498972800011
34498996700023
34499019700016
34499084100019
34501035900015
34501597800017
34501863400070
34502166100102
34504603100026
34505163500018
34508617702164
34508617703998
34511867300028
34513048800017
34513048802443
34513048806873
34513048810974
34513048813705
34513048820494
34513048822748
34513048827556
34514101400018
34514207900051
34514366300028
34516462800025
34518237200010
34518304000038
34519979800025
34522776300041
34525439500022
34526511000014
34527690100047
34528171100027
34529443300023
34529759200031
34529931700015
34530127900013
34532595500028
34532935300048
34533016100059
34533513700039
34534944300019
34538701300054
34540739900038
34571123800047
34738116200010
34738223600052
34738302800011
34738457002322
34739432200023
34743371600052
34744120600021
34744412700026
34744516500090
34745134600014
34745636000028
34746452100017
34747669900033
34747908100023
34748419800010
34749609300035
34752337500017
34753100600018
34753594000014
34753804302366
34753883700043
34755420600016
34757920300014
34759472300020
34760921600051
34762041100038
34762198900032
34762890100030
34766177900012
34766245400086
34766769300043
34766869100038
34767103400010
34767140600044
34767392300012
34769186700019
34770880200074
34771523700025
34771963500034
34773482400019
34775113300039
34775215600013
34776249400081
34777671800053
34778227800019
34780046800014
34780186200033
34780600200619
34780858600023
34783080400030
34783224800061
34785540500044
34789214300038
34790264500014
34790379100015
34790813900020
34791064800026
34791073900023
34792671900803
34793161000039
34793412700031
34794969500030
34795536100014
34798456900058
34799130900035
34801198200041
34801414300013
34802931500036
34803656700025
34805055000014
34805112900024
34805685400055
34806844600015
34808087000010
34808309800049
34811623700028
34812499100012
34814026000020
34814079900027
34815625800017
34815815500021
34818417700023
34818524000028
34819005900017
34820771300317
34822094801021
34822537600022
34822547500014
34824253800026
34825311300032
34825329500060
34827315200010
34829806800019
34830234000040
34830901400028
34833057200010
34833581100090
34833649600016
34834941600019
34836378900010
34837272300042
34837761500011
34838741600012
34839277000023
34840593700031
34840654700011
34840724800023
34840915200074
34841155400010
34841550600958
34841550601238
34842084500052
34842799800029
34844644400013
34845577500042
34846353000017
34848843800048
34850404400028
34851616200016
34853241700022
34853542800026
34853739000018
34854073300014
34854184800027
34856309900046
34856675300029
34858919300013
34860257400017
34861013000018
34861296100055
34861402500016
34862190500010
34862612800014
34862823100048
34863740600045
34864169700043
34864696900017
34864795900017
34864799100028
34864978100013
34865132400017
34866676900016
34867416904011
34867416905901
34867581000025
34868940700016
34870049300029
34870644100014
34870926200052
34872364400012
34873121700017
34873126600014
34874925000034
34875144700015
34875265000021
34875507500044
34876017400014
34876631200022
34879032000371
34879668100016
34880753800049
34881365000010
34883341900024
34883716200026
34883742800013
34883873100019
34884068700027
34887416500023
34888315800019
34888331500601
34888879300018
34889769500030
34890022600013
34890076200033
34891296500103
34892853200012
34893169200019
34893246800013
34893638601011
34893701200121
34894978500029
34895196300019
34896303400049
34896971800017
34897822200043
34898245500027
34898567200016
34899471600010
34901274000016
34901997600043
34902141000031
34902389500031
34903027000053
34903309200041
34904719100011
34904748000018
