34482479200313
34483113600066
34483530100013
34483565700042
34485257900053
34486238800024
34486878100024
34487367400016
34490082400048
34490756300029
34492298400093
34492486500019
34494329500016
34494632200031
34495304700018
34496660100017
34498425700016
34499209400013
34499891900056
34501821200042
34503941600853
34505183300019
34505583400013
34506533800013
34508145900207
34508204400016
34508537700033
34508617707155
34509629100017
34512611400049
34512654400013
34512733600013
34513048825741
34513312800057
34513681600013
34515290400024
34517903000068
34517932900031
34517955000024
34517983200018
34518682900023
34519150600012
34519334600029
34520707000029
34521048800010
34521932300028
34522006500014
34522558500016
34524526000087
34525432000012
34525886700018
34525978200042
34526871800011
34527405400013
34528218000032
34529050600020
34529566100028
34530546000015
34533618400063
34535777600011
34536498800021
34537304700017
34538179200026
34540415600647
34738912400020
34739622800020
34742252900086
34744100800054
34744237800035
34744255000013
34749206800056
34750917600025
34750977000017
34752869700043
34753643500022
34753804300501
34753846400046
34755162400013
34755468500011
34757469100031
34761558500051
34763239000097
34763296000030
34764077300011
34764152400041
34765956700072
34767275000044
34767573800038
34769741900013
34770046000046
34770443900012
34770663200010
34771297800019
34772020300012
34773059000028
34773541700011
34778778000027
34778815000014
34779091700012
34780459300015
34781674600031
34783617300026
34784166000058
34785924100031
34787477800058
34787927200024
34789045100011
34789324000080
34790979800048
34791398000012
34791825200011
34792671900498
34794088400013
34794716000011
34794973700014
34797027900027
34798024500018
34799919500048
34800320300059
34801558700044
34801763300010
34804434800046
34804434800509
34804501400019
34807876700012
34807940100025
34808318900012
34811866200066
34813078200017
34813374500029
34813439600012
34814846100018
34815562300252
34816796600020
34818063900018
34818115700028
34818596800032
34820768900020
34822094800270
34823161400010
34824644800016
34827696500012
34829155000013
34829555100017
34831614200010
34832441900046
34832508500036
34833304800034
34834449000019
34835140400028
34835568600158
34836175900049
34838751500011
34839460200059
34839837100024
34841071300013
34841365900023
34842999400018
34844036300011
34845989200033
34847015400017
34848132600018
34848474200039
34848827100019
34849252100011
34850658500028
34850727800052
34851952100010
34853018900037
34853540200021
34854978300036
34855815600017
34857383300012
34859233800019
34860072700021
34860893600020
34861882800019
34862338000014
34863887500016
34863989900023
34864043400018
34864458400032
34864796700010
34864858500019
34867416901637
34867416905018
34867416905679
34868766600019
34868953000015
34871306600010
34873575400056
34877740000014
34877746700021
34880046700014
34880683700046
34881719800016
34881993900029
34883250200010
34883813700043
34884352500034
34885623800038
34885821800145
34887293800033
34887295300024
34888766200016
34889215900024
34890164600037
34890340200017
34890646200018
34891013400033
34891606500298
34892123000010
34893147800013
34893513100055
34895111200047
34896102000024
34897783600017
34899512700092
34899681000019
34900362400039
34900562900028
34902643500017
34902695500337
34903375300030
34905015300064
34905605100015
34905932900012
34907627300078
34908874000023
34909632100014
34911585700014
34912051900013
34912737300034
34912748000029
34913085600017
34915526700033
34916596900016
34916656100135
34918802900020
34919115500028
34919728500019
34919999200034
34921126800041
34921454400026
34922277800038
34922959100012
34928872000015
34929402500011
34930103600027
34930795900081
34932478000023
34932888000068
34933242900092
34935319300015
34936696300040
34937603800023
34938082400020
34938548400036
34941826900016
34941943200019
34942181800049
34942844100035
34943293000031
34948146500038
34949302300023
34950566900037
34950929900021
34951696300023
34952946100023
34954964200016
34956212400041
34956278500023
34959686600047
34960303500016
34960451200013
34961133500028
34961403200010
34964685100031
34966026600017
34966157900012
34966252800042
34966955600046
34967820100014
34970358700015
34970505300032
34970837000052
34971099600027
34973101800025
34973171100108
34974316100011
34975159400020
34975872200020
34976055300017
34976939800018
34977487700014
34977603900027
34979863700014
34979934600011
34980545700042
34986269800025
34987008900035
34987356200012
34988346200021
34993418200016
34993436400028
34994652500012
34995482600013
34995887600410
34997493101627
34999063000114
35000296000036
35000395000010
35002366900038
35002411300036
35002641500041
35002716500017
35005058900125
35005175100013
35005653700011
