34482436200018
34484169700057
34484749600025
34485449200024
34485913700046
34487809500027
34488460600015
34490317400037
34490536900015
34491929500016
34493190200037
34493420300011
34496225300029
34498369700030
34499681400010
34500602701913
34503827700025
34504066100026
34504679100041
34504679100108
34504745000035
34504852400010
34505436500019
34506563500046
34507878600042
34508387700034
34508617701810
34508617706405
34508617707049
34508617707650
34509105200018
34512577700051
34513048808424
34513048814414
34513048823738
34513048825352
34513048830097
34514007300015
34514552800013
34516300000036
34517237300010
34517553300024
34520276600027
34520925800036
34521602200029
34524694600015
34524901500032
34525289400026
34525855200024
34525953500044
34528201600210
34528488900028
34528798100012
34528948200019
34529357500022
34529554700011
34531212800019
34531482700014
34533662200047
34535232200019
34536808800034
34537998600028
34539717800038
34540831400044
34738457001282
34739468600013
34740219000016
34741018500016
34742632200017
34742644700095
34743300500027
34743302100024
34743661000013
34745224500017
34746700300039
34748026100036
34748254900057
34748464400039
34754721800029
34754779600032
34755390100047
34755979100020
34759078800035
34759642100011
34760918200014
34762183100119
34762339900024
34766664600059
34767189300043
34767925000030
34768701400030
34769966200024
34770229200025
34770375300033
34772263900023
34775894800025
34777594200050
34778398700030
34778609700019
34778616200029
34778760800020
34779301000047
34779359800017
34779622900073
34780999800037
34781168900038
34781189500049
34783348500043
34784289000035
34785115600013
34785945600027
34786070200062
34786387000031
34786473800013
34786709500015
34786892900113
34788262300015
34789907200016
34790560600047
34792322900012
34792671901439
34794627900010
34795531200017
34795859700028
34796976800014
34797164000029
34797912200020
34799322200012
34800969700064
34804140100012
34805554200073
34807431100013
34807458400031
34810939800027
34811867000010
34814743000063
34818069600018
34818580200017
34819011700021
34819734400024
34820938800027
34821320800039
34822094800825
34826449000023
34830410600100
34831291900015
34831295000028
34832289200012
34832599400013
34833086100017
34833214900023
34835459800016
34838879400011
34838939600030
34839616900040
34840157100032
34840483100060
34840941800020
34841636300029
34842336900019
34844331800012
34846311800011
34846388600013
34847988200014
34848454400039
34850650200023
34853272200017
34853702800030
34855775200022
34855917000017
34856424600018
34857722200014
34860019800017
34860539500014
34860958700020
34862783700027
34863164900038
34863535000013
34864765200042
34865193600034
34867416904938
34867417700046
34867929100032
34872042600017
34872396600019
34874622300018
34876017400022
34876070300028
34876135400029
34876799700011
34877091800087
34877249200016
34878207900050
34882687600016
34882957300016
34883492000012
34884604900016
34884793000032
34885455500011
34887012200010
34887323300012
34888448700011
34888730800024
34889047600065
34889187000019
34891163700018
34891382300012
34895264900013
34896725800024
34897486600017
34899975600029
34902458800023
34902502300012
34906155600057
34907675200105
34908335200022
34912333100044
34914318000058
34914480800012
34917679200027
34918053900018
34918729400013
34919349000043
34920494100018
34921938600027
34922233100036
34923074800023
34924825200034
34926683300012
34927404300018
34927512300025
34927845700016
34928605400037
34929025400011
34930029300017
34930934400019
34931018500021
34933142100017
34933292400019
34933511700033
34934138800024
34935815000044
34937513900053
34937610300025
34940867400068
34941012600016
34941768300019
34941961400012
34942445700027
34944339000019
34948026900019
34949101900031
34950920800022
34951162600021
34954219100029
34955300800013
34956086200014
34958269200019
34958374000023
34961626800042
34963575500029
34966036500025
34966096900016
34966350000016
34966574500015
34967188300016
34969076800784
34969080000017
34971028500017
34971324800053
34971975700024
34972283500015
34973152100010
34974757600016
34976593300016
34977109700020
34977490100012
34977576700024
34978050200010
34979557500019
34980152200088
34980745300072
34981420200041
34983753400016
34986021300033
34986326600012
34986427200027
34987131900035
34987579900018
34987659900011
34988813100241
34989007900016
34989066500012
34990040700041
34990986100024
34992144500012
34992251800049
34993876100047
34995887600352
34998199300018
34998666100016
34999217200024
35000337200017
35001328000010
35001785100022
35002976500012
35004802100033
35005124900018
35005439100015
35009055100036
35011195100033
35011917800019
35012047300011
35012803900046
35013123100010
35015666700031
35016435600023
35017226800012
35017330800023
35017981800017
35018814000031
35019049200024
35019073200023
35019249800011
35021095100058
35021385600031
35023966100027
35024145100011
35025565900095
35026890000015
35027426200038
35027653100034
35028756100020
35029489800019
35029564800041
35030435800012
35032281400012
35032379600010
35033362100018
35033866100050
35035616800012
35036930200038
35037640600020
35039049800011
35039152000029
35039498700035
35039610700012
35040919900030
35041675600012
35043291000056
35043801600023
35046328700010
35046989600012
35050529300018
35050861000010
35050945100018
35051488100035
35051944300054
35052007800063
35055021600013
35055597500035
35058341500020
35058635000018
35059150900038
35061070500013
35061443400024
35062998601149
35063368100019
35063833400010
35064335900010
35064667500016
35066161700018
35066717600043
35067122800038
35067372900025
35067864500044
35068150800015
35071487900011
35073039600057
35074288800059
35075024600083
35075036000025
35076008800020
35076039300016
35076200100047
35077799100018
35079496200067
35079571200032
35083199600011
35083828000021
35084667100013
35086911100012
35088292400052
35089064600051
35089118000019
35089590000016
35093521900013
35094923600011
35095536500027
35096948100018
35097169300014
35097669200011
35098316900029
35098694900039
35099334100014
35101145700014
35101897300039
35104711300037
35105641100025
35105776500023
35106012400028
35107515500033
35108576600027
35109016200022
35112453200018
35112602400022
35116448800410
35116500600021
35116740800019
35117277000064
35118882600017
35119854400022
35120283300015
35122584200035
35122704600023
35122810100033
35122909100019
35123368900014
35123980100035
35124661600012
35125096400035
35126133400020
35126637400021
35126805700012
35132124500018
35133016200014
35133857900078
35133979100029
35136145600012
35137404600032
35138674300014
35141875100019
35142180500034
35142760400027
35143349500014
35144208204946
35144208205976
35144208207170
35144208207303
35146266800036
35148160100018
35149179000066
35149838100018
35150265300030
35151482300027
35152040800011
35152187700024
35152876500024
35152876500099
35153489600060
35154124800016
35154219600032
35154253500056
35156434900022
35156608800016
35156717700016
35157288800540
35159264700041
35160513400011
35161267600160
35163849900019
35164084200032
35164915700010
35165296100043
35166703500072
35167102900012
35167235700040
35167324900014
35167685300010
35169166200016
35169480700022
35171353200429
35172821700016
35174105300034
35174173100019
35176848600018
35177229800011
35177500200014
35177583800045
35178562100019
35179293200011
35179563800037
35179777400020
35180965200032
35181269801137
35181612900032
35182182200027
35183740600567
35184097000187
35184226500032
35185914500010
35186431900030
35186654600010
35187783200029
35189153600010
35189187400015
35189838200020
35190398400018
35190764700025
35191460100015
35195222100031
35195401100018
35197689900127
35198083400037
35199736600015
35204329300013
35204714600019
35205562800056
35205787100019
35208006300048
35208217600012
35208418000020
35209039300088
35209270400019
35211103300028
35211300500032
35215209400012
35215249000046
35216283800010
35216543500012
35218227300024
35219265200019
35219666100024
35220589200099
35220839100016
35225406400020
35225638200065
35225640800019
35225642401642
35226622500023
35228757700022
35229110800012
35229588500037
35229864000017
35230089100012
35231363900028
35232177200019
35232178000020
35233857800011
35234954200030
35235707300043
35235745300047
35236781700017
35236957300048
35237797200026
35238199000055
35239102300012
35239252600021
35242971600041
35244991200026
35247026400057
35247532100019
35248176600025
35248334100470
35248393700020
35249415700014
35250645500018
35250799000054
35251279200016
35251623100029
35252043100045
35252686700010
35253152900019
35253567800069
35253986000028
35255219400016
35257978300049
35258731500016
35259057400088
35259818900012
35260524000055
35262900000014
35263514800039
35264297900038
35265671400016
35266102900095
35266150800056
35266248000024
35266548300066
35267591200021
35269484800016
35271114700103
35271211100017
35274016100018
35274092200013
35274235700036
35274525100012
35275122600015
35275310700049
35276019300065
35276125800032
35277087900026
35279212100019
35279583500011
35280685500016
35282764600162
35282875000013
35283638100017
35283714000016
35283726400030
35284343700042
35285356800017
35285749400012
35286165200027
35286710500012
35288592500060
35289326700026
35289400000020
35289904100045
35290570700464
35292168800037
35292639800038
35296477900016
35297119600014
35297175800011
35299016200021
35299142600029
35299334900039
35300174600067
35300670300022
35300850100010
35300867500038
35303385500019
35303425900013
35304341700016
35304531300015
35305727600027
35305735900021
35306634300016
35309787600034
35310774100012
35311076000025
35311744300021
35312699800015
35312700400029
35313200400048
35314179900034
35314869500037
35314899200012
35315037800019
35315195400016
35317996300015
35319277600030
35319429300034
35319491300011
35323665600016
35323852001036
35324834700018
35326036700035
35328262700010
35328521600019
35331152500318
35331703500023
35332584800037
35333700900016
35334957400031
35335277600028
35335746000032
35337564500010
