34482641700018
34483222500025
34484036800015
34484173900024
34484798300022
34486166100017
34486861700012
34487617200083
34488386300047
34490431300014
34491343900016
34493432800016
34493860000014
34493952500012
34495649500057
34495820200014
34495989500022
34496843300013
34497288000035
34499068400039
34500722300018
34501057300029
34503737800014
34504668400014
34504928200022
34506686400033
34507879400012
34508240800047
34508519500021
34508617703519
34508617705118
34508705000018
34509527700017
34510498800026
34510629800036
34511021700030
34511291600019
34511443300039
34513048818944
34513048820502
34513048824025
34513048826640
34513048829107
34513710300015
34513915800041
34515511300011
34516093100027
34516279600030
34516629200010
34519774300015
34520523100011
34520939900012
34523104700019
34523760600016
34530688000716
34531401700012
34531627700028
34532489100026
34532561700024
34535317100043
34535426000035
34535689300072
34537903600014
34540035200083
34540051900012
34540467700022
34540734000024
34608005400056
34695003300057
34738457001852
34738457001985
34738851400023
34739456100067
34741412000019
34741727100066
34741825300014
34743286600031
34743895400039
34746199800036
34748063400026
34748267100018
34748693800041
34749363700016
34750207200031
34750391400017
34752606300032
34752945500045
34753056000023
34753804300436
34754103900025
34755413100024
34756319900012
34757061600016
34757420400017
34758804800020
34759048100029
34765067300028
34765867600015
34767815300029
34773381800012
34774007800030
34774183700020
34774911100014
34776147000025
34776157900023
34779277200035
