34483633300031
34484564900021
34486953200012
34489035500011
34489825900025
34490907200045
34491036900034
34491529300023
34491953500015
34492241400026
34492677900036
34494462400016
34495781600020
34496438200016
34496672600012
34498858900018
34500283600020
34500602701012
34500906200018
34501570500014
34504082800013
34504125500026
34506265700019
34507105400018
34508531000026
34508617707460
34508617707528
34513048805297
34513048807350
34513048808937
34513048813846
34514917300022
34515797800031
34518405500019
34518495600026
34522808400025
34524897500087
34526549000044
34527875800056
34532376000016
34532943700049
34532995700012
34533089800072
34534055800013
34534629000025
34535118300479
34535382500010
34536468100014
34538440800018
34538848200035
34540935300017
34667027600028
34702003400018
34739734100020
34739913100031
34740385900031
34740468300042
34742519100025
34742616500010
34742824500042
34743287400084
34746435600018
34746483600019
34748544300076
34750481300044
34752498500012
34753090900030
34753644300018
34753804302473
34753804302960
34757454300042
34758453400015
34758557200014
34758897200013
34759217200030
34763507000043
34763616900018
34766238900043
34766244700056
34766556400022
34767586000048
34769961300019
34771091500013
34771872800046
34774791700016
34775391500011
34779425700035
34779653400027
34780021100075
34780211800013
34780344700023
34780600200601
34781922900019
34782119100033
34785717900019
34786422500011
34786871300038
34789141800019
34789882700030
34790625700055
34791935900021
34794455500064
34794882000027
34795245900019
34795485100031
34795826600012
34795965200020
34796232600067
34797008900012
34797778700022
34799661300019
34800215500029
34800630500075
34800715400019
34800726100020
34803386100017
34803400000011
34804617800037
34805043600032
34807256200039
34807374300018
34808275100044
34808869100038
34809217200017
34809323800015
34810792100010
34811598100014
34812055100026
34812468600026
34813742300029
34816264500025
34816553100024
34816922800015
34817209900023
34820335700010
34820771300267
34820821600021
34821250700019
34822437900035
34822551700013
34824139900016
34826626300030
34829639300021
34829755700012
34831373500022
34831833800020
34832181100039
34832574700015
34832738800024
34833468100031
34834861600015
34835296400053
34835483800016
34836707900012
34837036200017
34837084200018
34839082400012
34839380200064
34841532400022
34843302000016
34844904200012
34847739900037
34850780700025
34852775500014
34852830800045
34853593100011
34854239000029
34855537600048
34856309900061
34858341000025
34859231200014
34859264300020
34859807900039
34859848300033
34860378800020
34860501500042
34860591600017
34861794500020
34864424600012
34864562300052
34864725600018
34866515900029
34867416901504
34867416902098
34867416902130
34867416902742
34869079300016
34870151700016
34871223300017
34871301700013
34873280100017
34874338600032
34875448200027
34876495200027
34878438000019
34883350000013
34885501600013
34887198900029
34887198900052
34887499100030
34888365300035
34889004700023
34890622300022
34890827800016
34891834300107
34892675900054
34892777300062
34895429800025
34895864600021
34897634100027
34898614200068
34898817100016
34900386300017
34901200500014
34901511500018
34901929900024
34902094100028
34903486800035
34903520400032
34903548500011
34908008500013
34909415100033
34909441700012
34911035300035
34911355500016
34911386000010
34911743200014
34911877800043
34912713400014
34915344500037
34916719700012
34916999500025
34918411900031
34919409200012
34922558100033
34925895400016
34926130500040
34927530500028
34928913200012
34929234200038
34931496300019
34933501800017
34936313500022
34936662500029
34937176500018
34938413100042
34939172200023
34947996400018
34948477400022
34949001100021
34950809300037
34951529600037
34953129300034
34953145900015
34953203600028
34954932900036
34955422000013
34956753700015
34957892200016
34958431800027
34959093500012
34961040200035
34962472600031
34963854400081
34965151300047
34966070400033
34969052900020
34971207500028
34971619100029
34973204000010
34973543100034
34974067000048
34974317900054
34976530500025
34976753300020
34976787100016
34977536100034
34980912900027
34981076200022
34982491200035
34982739400025
34982747700028
34983793000024
34983957100016
34984803600068
34985662500018
34986204500045
34988233200043
34988669700011
34989766000016
34989882500097
34990387200019
34991024000010
34991975300021
34992056100041
34993142800016
34993368900037
34994563400062
34994884400056
34996991500041
34998522600076
35000044400017
35000448700020
35001334800023
35001336300048
35001999800011
35002144000028
35003981400024
35004011900066
35004461600026
35004538100018
35004951600015
35005856600034
35005879800041
35006563700034
