34482670600048
34483254800046
34484279400069
34486589400010
34487502600041
34490126900029
34491227400026
34491889100021
34493060700041
34493231400018
34494683500032
34496662700061
34499689700015
34502308900047
34502555500011
34502724700013
34502759300010
34503004300029
34505222900043
34505222900076
34506424000053
34507233400013
34507775400017
34508617701554
34508617702859
34508617704541
34508617704814
34509449400050
34511611500261
34513048819256
34513048821781
34513048823795
34513048824801
34513048825378
34513048825964
34513048827291
34513048828653
34513048830279
34513099100051
34513736800022
34515211000051
34515469400235
34516006300011
34518370100035
34518723100039
34519304900011
34521270800019
34522617900033
34522704500027
34526092100019
34527479900013
34527730500016
34528036600039
34530166700019
34530261600056
34530688000534
34532213500020
34533152400024
34533208400010
34538526400014
34539160100308
34540415600761
34738457002819
34741652100016
34742204000050
34742246100017
34743830100017
34748318200023
34749448600017
34750826900011
34753203800028
34753804303091
34757274500011
34758223100226
34760220300015
34761611200020
34761901700028
34762078300048
34762599800021
34762993300016
34764828900010
34765057400044
34765226500013
34765322200021
34767710600010
34768810300030
34770124500024
34772750500039
34773669600027
34774469000012
34777353300018
34777414300015
34778174200015
34779945400033
34781541700022
34781741300029
34784938200853
34785432500011
34785852400015
34786130400090
34787817500012
34789822300024
34791922700020
34793195800040
34793486100019
34795711000013
34796032000039
34796549300013
34797644100019
34798379300030
34798399100014
34800645300016
34801198200116
34801469700034
34801701300049
34801946400026
34802597400034
34802911700077
34804205200012
34804434800301
34804895000045
34805534400017
34805666400033
34806122700016
34809710600069
34811933000010
34812942000017
34813150900013
34814034400014
34814373600034
34814624200022
34814822200014
34814989900042
34815053300043
34816064900037
34816297500067
34816362700014
34817886400032
34817919300035
34818309600067
34819362400031
34819726000014
34821411500043
34822230800044
34823854400038
34824338700019
34825325300051
34826490400015
34826910100013
34830033600016
34830466800018
34831008700013
34833954000018
34836643600015
34837553600029
34841200800024
34841251100019
34842562000021
34843377200012
34843499400029
34845733400012
34845756500029
34845859700062
34846820800049
34847103800094
34848483300010
34849036800035
34850993600012
34853196300042
34854584900054
34854926200015
34855449400016
34857697600024
34859857400062
34861404100021
34862857900016
34864721500014
34866180200010
34867033200017
34867416901231
34867416903740
34867416906438
34867441700012
34868546200015
34871117700033
34876093500026
34876426700012
34877600600010
34879499100011
34883193400016
34884529800010
34887963600010
34891241100017
34891839200013
34894832400036
34896066700015
34896274700062
34896338000012
34896414900010
34897145800016
34898002000013
34898896500045
34900122200018
34903468600023
34903947900028
34903961000010
34905624200028
34906129100036
34906620900017
34910084200039
34910242600013
34913725700029
34914014500013
34914242200048
34914400600021
34918082800015
34918121400033
34918661900012
34918676700027
34919442300027
34919724400016
34919965300016
34919986900091
34920475000013
34923092000010
34923991300016
34926810200028
34928203800018
34928567600079
34929020500021
34929646700047
34930842900027
34931197700012
34933590100014
34935813500029
34936194900028
34938054300026
34939488200030
34941019100010
34941279100023
34941881400035
34942368100031
34942421800031
34943221100028
34944061000013
34946863700013
34948123400012
34948816300024
34949339500025
34949617402274
34950196500017
34950571900014
34951227700048
34954012000152
34954038500037
34955490700015
34955554000047
34958211400022
34959046300049
34960747300023
34963280200014
34966223900046
34967268300019
34967351700059
34967407700012
34969076800099
34969076800693
34970783600012
34973965600032
34976272400012
34976708700035
34976961200012
34978879400023
34979122800035
34979804100035
34979946000028
34979963500017
34980428600020
34982088600035
34983554600012
34985425700020
34985951200031
34988608500027
34988615000086
34988936000047
34989238000032
34989657100024
34989882500089
34989954200014
34990419300183
34991800300014
34992170000028
34992554500015
34993318400039
34993765600024
34994130200011
34994545100012
34994668100088
34995689600014
34996973300022
34997493100983
34999443400026
35001505300019
35005784000018
35005823600018
35007602200010
35009733300032
35012129900019
35012765000017
35013667700035
35014003400017
35015277300031
35016202000019
35016328300012
35017331600034
35018278800025
35018879300037
35019168000015
35019546700054
35021174400056
35021541400011
35021681800012
35024597300044
35025407400064
35025512100047
35027971700069
35028305700742
35028305700882
35031051200016
35032518900024
35032835700016
35033673100046
35035041900015
35035079900028
35035947700014
35036235600015
35036263800024
35040620300017
35042043600015
35042935300013
35043331400035
35043780200076
35044823900029
35045183700016
35047070400015
35047257700013
35047274200013
35048047100043
35049349000014
35051384200012
35054095100034
35054382300024
35055451500048
35056869700022
35058321700038
35059188900026
35059573200024
35060533300037
35060550700010
35062998600224
35063021600066
35063271700038
35064047000018
35064297100013
35067646600054
35068886700034
35068899000018
35070522400011
35071075200030
35072146000011
35074130200029
35074270600012
35074436300010
35075620100082
35076474200010
35078532500019
35080572700038
35082046000136
35082978400023
35084663000019
35085346100019
35086369200017
35087742900018
35089425900026
35089449900036
35091277000012
35094330400021
35094437700042
35095414500016
35095435000061
35095811200053
35096889700016
35097569400018
35098805100065
35099451300017
35100737200011
35101012900010
35101461800018
35102281900103
35104158700046
35110936800016
35110979800014
35112751900012
35114919000065
35116448801731
35116498300048
35117225900027
35117411500037
35117633400016
