34482460200017
34483182100048
34483241500022
34483952700019
34484114300029
34484309900021
34484456800024
34485151400036
34486344400016
34486427700027
34486947400017
34489559400036
34489717800010
34489925700044
34490529400015
34490537700018
34490744900013
34490773800019
34493291800057
34494973000032
34495030800025
34498033900016
34498923100024
34500503700014
34501212400011
34501630700026
34501808900028
34502861700024
34504515700012
34506195600016
34506727600039
34507129400010
34507172400081
34507788700049
34508617706579
34510408700035
34511321100048
34512048900017
34512064600038
34513048800900
34513048812780
34513048820197
34513048826905
34513048830311
34513051202549
34513051202762
34513772300010
34515846300017
34517055900032
34517242300070
34517713300039
34517948500031
34520207100014
34520929000039
34523908100036
34529100900032
34529423500014
34531025400072
34533024500019
34533119300010
34533792700015
34533834700015
34534172100032
34534810600021
34535403900017
34535572100027
34539245000010
34540386900018
34540415600795
34668013500032
34738457003023
34739735800032
34740296800049
34741087000013
34742413700086
34742668600015
34743618000025
34744793000020
34745590900049
34745762400059
34747508900012
34747693900025
34747890100023
34748564100018
34750190000018
34750249400045
34750286600036
34750308800028
34752820000038
34753804300345
34756309000021
34758223100366
34758223100754
34760819200030
34761490100010
34762732500033
34764952700038
34767211500040
34769015800022
34769219600038
34769992800029
34773839500016
34774420300014
34780600200031
34780600200379
34780843800027
