34482064200082
34483590500102
34484325500011
34485230600010
34485338700035
34486172900012
34486835100018
34486990400013
34491408000033
34491810700014
34492332100014
34492338800013
34493505100039
34495251000032
34497289800037
34498533800013
34500602701202
34501335300130
34501954100019
34504109900010
34504730200012
34508617703808
34508617704335
34508617705837
34508743100010
34508907200010
34509972500052
34510789000070
34511379900034
34512050500010
34513048802187
34513048821328
34513048822961
34513048824629
34513048830220
34513051202127
34513492800042
34514932200033
34515897600018
34516051900012
34516178000035
34518065700024
34518354500028
34518934400012
34519869100064
34520451500018
34521388800026
34521389600037
34521958800034
34522446300025
34522984300031
34523452000038
34523520400046
34525496500048
34525516000011
34527517600013
34528523300010
34529033200013
34529300500053
34533311600035
34534758700023
34535118300636
34538411900052
34539459700032
34540835500021
34738457002736
34738666600015
34739173200018
34742055600024
34743765900043
34745909100018
34746300200035
34747776200012
34750420100018
34750529900045
34751495200014
34751891200030
34751901900025
34752381300033
34752960400071
34753792000014
34753804302523
34753804302671
34754311800017
34754965100011
34756221700021
34756416300017
34757415400030
34758343700012
34758786700016
34758993900011
34760750900010
34761687200029
34762291200074
34762307600051
34763344800019
34764013800033
34766703200028
34767015000122
34767681900019
34768875600027
34769224600023
34771494100056
34771711800058
34773679500035
34776901000070
34778210400066
34779722700019
34780486600031
34780550900069
34781955900043
