34484334700032
34487041500033
34487810300029
34488878900049
34488938100010
34491591300026
34492343800065
34493073000041
34493381700019
34493636400043
34495748500024
34496733600068
34496989400015
34497057900019
34498917300010
34499202900043
34501015100016
34502740300012
34503341900028
34507921400010
34508808200044
34509171400013
34511611500188
34513048807285
34513048814273
34513048821484
34513048824272
34513048824843
34513048828430
34513048829024
34513051200626
34513051202697
34513066000284
34513382100016
34514759900012
34515570900024
34516390100050
34518179600011
34519953300034
34520246900044
34520938100010
34521597400014
34524640900022
34524714200028
34524828000025
34526030100014
34527286800026
34527955800026
34528252900030
34530031300128
34530512200029
34530733400044
34533912100021
34534361000027
34534514400017
34534531800041
34534994800017
34536240400021
34537958000029
34538065300039
34538363200022
34539449800017
34585053100079
34588042100010
34739541000017
34740969000018
34741326200010
34741700800039
34742107500024
34744134700049
34747411600030
34749397500085
34751870600028
34753804302267
34754358900027
34757472500029
34757513600036
34759708000055
34759959900011
34760165000018
34764261300017
34764603600025
34768200700013
34774856800024
34776398900022
34776942400032
34778302900023
34779012300017
34779435600027
34779773000020
34779836500016
34781807200048
34781971600023
