34484856900036
34486242000017
34486677700032
34486727000045
34486933400153
34487439100016
34489220300011
34491008800014
34491653100033
34493373400016
34494344400077
34495952300038
34497857200024
34497936400017
34499093200040
34499359700055
34499721800013
34499960200024
34501360100033
34502398000013
34504984500018
34506844900023
34508536900022
34508617704756
34508617704871
34508617705738
34509046800017
34510072100025
34510653800027
34511611500246
34512578500047
34512656900044
34513048830733
34513051203059
34513289800023
34513907500039
34516160800046
34517430400021
34518804900018
34520533000011
34521185800062
34521322700035
34521702000022
34522194900034
34523716800041
34523731700051
34524308300036
34524642500010
34525159900048
34525265400016
34525323100012
34528596900027
34529219700018
34529581000021
34530076800016
34531788700031
34532042800039
34534107700021
34534540900030
34536844300015
34537268400059
34537951500017
34539160100340
34539886100053
34539897800022
34540366100035
34575038400017
34738169100026
34738457001472
34739859600036
34740680300077
34741990500034
34743651100021
34743875600012
34744439000038
34744528000014
34744960500018
34746139400012
34746852200011
34747017100021
34747260700014
34748948600030
34749330600042
34749422100018
34749872700036
34750169400025
34751658500036
34753245900018
34753590800029
34753804301079
34753804301582
34753804302721
34757412100021
34757431100010
34758014400025
34758443500015
34763239000048
34763414900012
34764061700028
34765477400020
34766321300010
34766361900034
34766989700022
34768858200019
34771566600033
34772358700023
34772894100084
34773760300030
34773822100022
34774203300033
34776312000024
34784151200044
34784616400056
34784634700016
34785545400018
34786737600043
34788285400016
34789008900027
34789051900023
34789623500103
34789926200062
34792671902015
34792671903344
34792745100018
34793051300028
34794438100016
34794583400021
34795563500011
34795946200016
34796684800025
34797437000012
34797549200013
34797591400024
34798984000025
34800227000042
34801372300013
34802239300014
34802578400029
34802652700013
34803374700026
34807495600015
34808161300039
34808484900010
34810522200015
34810542000023
34811295400014
34811591600010
34812102100011
34812664000062
34813409900020
34814100300023
34814639000037
34814788500027
34814824800019
34815027700013
34815562300021
34815646400052
34817030900028
34818170200013
34822046800014
34822673900012
34823815500025
34824911100025
34825663700029
34826160300024
34826177700059
34826631300041
34829750800031
34829989200128
34830004700035
34830890900020
34831090500024
34833458200031
34833795700016
34834039900040
34834045600055
34840133200013
34840921000013
34841180200039
34841873200049
34842183500011
34842718800035
34843687400039
34844872100038
34846335700023
34846463700027
34848763800028
34849240600023
34849571400019
34850614800017
34853328200029
34853430600181
34854097200026
34854653200014
34854797700036
34857296700035
34857444300019
34858790800016
34858816100011
34859031600025
34860598100052
34860741701038
34862169900019
34862183000010
34862429700027
34862757100022
34865224900064
34867416900498
34867416904003
34867416904680
34867416906362
34868645200015
34869848100010
34870069100036
34870099800019
34870893400024
34871939400010
34872826200018
34873344500012
34873647100031
34874632200026
34875854100018
34876832600012
34876917500012
34877056100119
34877253400031
34879618600016
34880073100021
34880221600062
34880319800020
34880546600029
34881658800019
34881815400018
34882094500015
34882598500016
34883795600013
34885045400029
34885294800051
34885298900014
34887513900027
34888178000038
34888669800029
34888736500016
34889710900016
34890910200025
34891978800011
34892212100101
34892685800013
34892831800057
34892917500019
34893237700024
34894266500012
34898403000026
34898414700010
34899528300044
34899528300069
34902501500034
34903330800017
34904151700047
34905393400023
