34484912000029
34485547300015
34485926900021
34486236200052
34487472200038
34488236000011
34490034500069
34490424800038
34491576400015
34492643100034
34498374700025
34498905800039
34499794500029
34499888500018
34500602701509
34501951700027
34502580300023
34504100800029
34504734400030
34507358900011
34508145900389
34508617703097
34510714800016
34511650300052
34512873000024
34513048810685
34513048820924
34513048822730
34513048822870
34513048823688
34513048824397
34513048825857
34513048829412
34513048829842
34513051203109
34513079300010
34514061000022
34514842300014
34515415700027
34517577200036
34520183400040
34520466300024
34520662700027
34522720100018
34522732600021
34522874600052
34522905800010
34523515400027
34524149100017
34527364300030
34527538200025
34527958200026
34528201600244
34528201600350
34528517500021
34532908000021
34533081500019
34533180500027
34533191200013
34533433800018
34533596200022
34536252900017
34537233800037
34538579300012
34540415600217
34540575700013
34721086600039
34738117000062
34738620300025
34739480100026
34739945300013
34740788400019
34742470700045
34744077800020
34747679800017
34747814100018
34748205100013
34748360400018
34749129200020
34751524900089
34751793000017
34753804300873
34756020300015
34756502000034
34757482400053
34757535900026
34759675100037
34759732000014
34761024800036
34761941300029
34766055700047
34766469000018
34766600000026
34767294100015
34768804600049
34769379800014
34769989400015
34770251600019
34770853900015
34772478300019
34773783500012
34776231200028
34778959600066
34779349900018
34780943600012
34783562100033
34788312600059
34789281200012
34791264400015
34792671901330
34794070200025
34796091600034
34796867900014
34797240800020
34800644600234
34801674200051
34803521300100
34804434800608
34804956000041
34805198800023
34806409800034
34808117500047
34808550700047
34809998700151
34811414100016
34814555800014
34816110000014
34817331100013
34818336900019
34818953100018
34818964800044
34819247700027
34820558400033
34820560000011
34820946100022
34821320800021
34821376000013
34821921300017
34822394200049
34822666300014
34824976400039
34824993900045
34828880400019
34830225800051
34830358700029
34830907100036
34832404700037
34832772700015
34833596900013
34834303900015
34834777400021
34835638700020
34836569300095
34836680800015
34838376100072
34838902400038
34840004500012
34841462400018
34841550601444
34843352500089
34843673400019
34844652700015
34845577500083
34848853700070
34850553800010
34853164100044
34856011100018
34856518500017
34858975500027
34859317900040
34860012300056
34861631900011
34861965100014
34862076600066
34862371100036
34863498100016
34864447700021
34864590400015
34864723100029
34865594500023
34866136400029
34867085200055
34867416900654
34867416904508
34867664400027
34868797100013
34869770700019
34870632600025
34871281100028
34872338800016
34873713100014
34873834500035
34874251100028
34874655300026
34876971200020
34877924000012
34878443000012
34880436000017
34880891600053
34882163800015
34882770000017
34882973000012
34883703000058
34885855600049
34886052900018
34886394500021
34888467700264
34889524400013
34891834300222
34895823200053
34895893500010
34896025300014
34898486500025
34899512700068
34900185900017
34902504900025
34904379400073
34911616000012
34911912300033
34912908000025
34912988200024
34915723000278
34915910300051
34916490500011
34916526600058
34917131400025
34917606500069
34919074400020
34921187000028
34921838800024
34922481600018
34923839400036
34924420200025
34926522300041
34929542800032
34932413700018
34932691800019
34932698300021
34932839300013
34933809500020
34934324400035
34934414300038
34935983600013
34936974400017
34937085800012
34937260700045
34937854700047
34942740100063
34943439900011
34944160000013
34944274900025
34944827400010
34947170600029
34947515200022
34950086800030
34952357100041
34952640000057
34952859600076
34953143400018
34953969200021
34956633100030
34957694200016
34958578600016
34963143200029
34963832000094
34964834500032
34965175200017
34966063900056
34970174800031
34972608300026
34973425100011
34973663700076
34975830000017
34977714400032
34978891900018
34982681800099
34986650900012
34987827200013
34990133000010
34990431800012
34990440900019
34991582700043
34991879700011
34992366400040
34993558500050
34993848000028
34994627700010
34997566400039
34998236300203
34998831100032
35002814800020
35003329600020
35003736200034
35003927700016
35004116600017
35004566200011
35006229500018
35006600700054
35006733600015
35008204600045
35011012800013
35012171100013
35012373300023
35012576100014
35015348200012
35017071800018
35017843000020
35019439500025
35019473400017
35019975800011
35020298200012
35021938200115
35023287200027
35023869700014
35024015600041
35024250900023
35024256600031
35025907300046
35026618500015
35027285200046
35028367700010
35030820100010
35034596300077
35035175500011
35035762000011
35036029300012
35036892400022
35037856800017
35040904100018
35042859500044
35043449400034
35044229900011
35044635700047
35044872600066
35047703000042
35048053900021
35048284000013
35049180900033
35050164900023
35051365100025
35051592000014
35052563000017
35052640600011
35052859200032
35052963200035
35055080200010
35056925700123
35057458800033
35058703600012
35062432600012
35066986700029
35067275400024
35067440400024
35070105800082
35070313800031
35071010900082
35071256800012
35073137800062
35074490000019
35075091500042
35076696000024
35077538300010
35078311400019
35079530800021
35079782500014
35080039700019
35082403300020
35083365300016
35083537700010
35084719000013
35085118400019
35085759500010
35085958300014
35086319700017
35087161200023
35087526600016
35087628000016
35091092300035
35091718300013
35091829800018
35093157200027
35093587000013
35095035800027
35095679300011
35097165100012
35097198200029
35099953800035
35100176300025
35100323100013
35101718100022
35101927800016
35103445900054
35103697500016
35106367200015
35106793900014
35107763100031
35108131000010
35108206000010
35109185500053
35109403200023
35109974200048
35110773500026
35112830100048
35113653600023
35113928200054
35114436500027
35114517200018
35115024800026
35115434900010
35116431400020
