34482570800029
34483413000017
34484289300010
34486151300010
34487741000037
34488811000030
34491035100040
34491348800013
34492019400018
34493173800027
34493230600022
34493850100014
34495318700012
34496594200040
34497161900020
34498505600011
34499234200016
34499964400042
34501364300019
34502449100036
34503869900038
34504443200069
34508387700075
34508617706900
34508617707478
34508617707833
34508617707999
34509371000027
34509625900048
34512105700011
34513048810628
34513048817862
34514895100030
34515752300050
34515754900014
34516921300021
34518008700024
34518141600016
34519755200358
34525399100037
34525672100035
34528187700026
34528802100065
34528841900012
34528941700023
34532015400023
34532628400030
34533700000011
34534619100017
34534697700019
34535383300014
34535653900022
34608011200011
34738162600014
34741052400024
34741121700040
34741529100025
34744892000020
34744932400032
34744973800025
34746733400012
34747043700018
34747140100013
34747617800038
34748125100028
34748152500025
34749688700121
34749688700139
34753285500017
34753613800048
34753796100026
34753804301780
34754947900017
34757414700026
34761010700018
34761099000033
34761121200031
34763923900032
34765789200035
34766055700021
34769274100064
34770859600023
34772628300034
34773321400022
34773767800040
34779655900016
34779841500027
34781637300018
34782647100018
34783439200016
34784381500023
34784832700032
34784888900049
34784919200021
34784938200218
34784981200040
34785082800034
34785105700039
34785362400018
34786800200010
34786876200027
34788196300024
34788922200043
34792671901827
34793299800011
34793919100024
34795606200025
34797409900033
34803907400011
34804156700069
34807677900019
34813792800035
34813850400025
34813915500025
34814964200038
34814971700012
34815230700016
34815490700045
34815824700026
34818243700064
34819383000026
34820274800011
34820771300499
34821124400069
34822942800019
34822960000013
34823361000024
34823836100029
34823961700015
34824943400013
34825125700013
34825190100016
34826048000010
34827548800032
34828556000028
34829754000018
34830960000024
34831420400010
34832622400030
34835476200018
34835502500050
34836402700014
34836606300041
34838876000012
34838883600028
34839070900031
34839365300012
34839850400012
34840336100010
34841094500037
34843518100022
34843714600015
34843935700131
34845906600026
34846622800015
34846871100018
34848796800037
34849018600015
34849044200012
34851640200016
34852220200012
34853139300018
34854450300017
34854608600086
34855799200040
34856062400010
34856809800027
34857875800016
34858350100047
34859340100014
34861428000017
34861694700027
34861706900011
34864122600017
34866464000011
34866992000020
34867096900016
34867178500023
34867416904201
34867416906495
34867719600035
34873155500028
34874096000011
34874587800051
34874889800056
34875204900026
34875547100060
34876374900010
34877295500079
34877762400019
34878447100057
34878715100011
34881088800019
34883093600012
34885966100020
34886044600023
34886362200026
34887386000020
34889356100020
34889758800011
34890085300022
34890091100036
34890226300030
34891211400017
34892274100031
34892870600020
34893638600807
34893944800034
34894025500329
34894089100016
34895407400012
34895765500031
34897522800027
34900729400011
34903689700016
34904154100021
34904414900012
