34482095600029
34483299300010
34484042600011
34485772700111
34486148900013
34487901000017
34490018800030
34490046900075
34492261200066
34492317200037
34493784200054
34493832900028
34494456600019
34494717100031
34494919300033
34495342700012
34495407800020
34497065200048
34497143700027
34497434000020
34497923200016
34498031300011
34498456200027
34499797800012
34500602700535
34500602701483
34503119900010
34503558800010
34503780800010
34503993700015
34505222900035
34505753300027
34506177400047
34506674000027
34508395000013
34508513800013
34512411900024
34513048808259
34513048822045
34513048824322
34513048825139
34513048827820
34513048830501
34513337500047
34513513100109
34513550300034
34516091500012
34518449300038
34518749600012
34518890800015
34520156000041
34520435800013
34524897500145
34526369300029
34526413900022
34528068900034
34528254500036
34529007600016
34532653200057
34532738100058
34533032800021
34534639900032
34534958300020
34537207200016
34540415600688
34738457000516
34738457001860
34739068400020
34744574400019
34745055300032
34745889500039
34746225100021
34747044500011
34747772100034
34749683800017
34752515600043
34752570100012
34752633700030
34752677400026
34752735000065
34752905900011
34753594000022
34753804301384
34753804303166
34754877800013
34757383400079
34762176500028
34762703600010
34763775300026
34763935300015
34765831200041
34765940100025
34768410200127
34770226800025
34770239100058
34770983400027
34775779100038
34776106600047
34779621100014
34780739800016
34781660500047
