34482698700010
34484374300446
34484472500012
34484697700041
34485992100050
34487150400025
34487985300051
34489794700059
34490446100011
34491695200015
34493129000011
34493955800054
34495065400014
34496224600064
34497541200034
34499879400012
34500339600016
34500602701442
34500982300039
34501116700011
34504642900014
34504769000028
34506845600028
34506861300016
34509626700041
34510961500038
34511225400015
34513048812061
34513048819157
34513048827630
34513048829313
34514424000040
34514864700026
34515444700048
34515972700014
34518138200044
34519744600023
34521987700031
34522359800060
34522780500032
34524136800017
34525619200013
34526444400026
34527814700011
34529349200038
34529757600018
34530690600016
34533530100023
34534299200012
34535421100020
34537359100014
34537864000014
34538471300029
34539160100290
34539956200106
34682012900010
34738457001423
34739474400010
34744737700032
34746882900028
34747061900029
34747949500041
34748999900016
34749539200057
34749936000019
34750113200018
34750286600028
34750677600017
34752319300014
34752516400013
34753804301517
34754335700011
34754650900014
34755172300013
34755754800034
34758071400025
34758423700015
34758539000045
34758646300064
34760265800028
34761026300019
34765186100051
34765970800015
34766124100039
34766468200015
34766764400020
34768616400018
34769409300019
34769770800027
34770012200067
34770460300013
34770753100039
34771883500015
34772088000017
34772772900027
34772788500068
34773525000024
34773789200013
34774942600016
34776822800020
34777041400048
34778027200022
34778231000010
34778326800027
34778470400079
34779304400038
34780919600012
34782237100030
34782496300065
34783690000030
34783830200011
34784859000019
34788253200026
34789184800025
34791947400044
34792633900040
34792671901744
34793369900022
34794157700012
34795059400015
34795075000047
34795611200036
34795679900014
34798154000029
34800479700018
34800941600010
34804199700035
34804236700022
34805743100010
34805944500018
34806171400021
34806693700031
34808505100012
34809280000013
34810183300039
34810220300018
34812504800028
34813295200014
34813794400024
34815548200022
34815617500039
34816297500018
34816507700051
34820771300333
34821205100026
34824156300017
34824486400024
34825407900018
34826641200025
34826946500046
34828884600028
34829927200024
34830971700018
34832417900012
34832758600049
34833193500026
34833512600010
34838164100011
34839003000024
34840728900076
34841746000030
34841830200017
34844126200014
34845281400018
34848229000015
34848784400014
34850988600019
34851411800010
34852858900073
34853134400029
34853343100014
34855864400012
34855965900019
34856457600026
34858738700054
34858770000074
34860741700758
34860930600041
34861297900040
34861313400017
34862163200010
34863504600017
34864390900016
34864749600010
34867032400022
34867416902767
34868677500035
34872146500014
34872156400014
34872901300048
34873477300016
34875337700061
34875812900012
34875837600019
34877367200012
34877439900029
34878281400019
34879677200013
34880434500026
34880825400026
34880961700015
34881151400028
34882120800025
34882771800068
34882841900013
34883851700012
34885018100069
34887065000051
34888028700019
34888331500965
34889035100011
34889521000063
34889663000012
34889929500318
34890220600070
34890262800059
34891310400041
34892352500052
34894020600116
34894427300013
34896746400044
34898420400019
34899155501393
34899155501476
34899155501724
34900128900017
34902491900020
34903984200035
