34484374300412
34487767500027
34490118600025
34490887600024
34491425400083
34492324800019
34495847500040
34496090100017
34496277400073
34497195700016
34498498400015
34499186400044
34500086300018
34502190100011
34503021700029
34505228600043
34505779800026
34506424000020
34507111200022
34507634300028
34508438800023
34508617703048
34508617706991
34510256000017
34513036300046
34513048813341
34513048814406
34513048827895
34513048827937
34513048829065
34513202100022
34513228600047
34513404300024
34513504000029
34514272300013
34516361200012
34516492500041
34517387600029
34517903000043
34518031900039
34518241400028
34518401400016
34519814700018
34520496000024
34520934000016
34522173300024
34522178200021
34522860500027
34522874600045
34523666500039
34525039300013
34528341000065
34530316800016
34530666600107
34532340600073
34534159800034
34535328800110
34537696600023
34539011600027
34540415600803
34540587200010
34540660700019
34540912200032
34541001300022
34739551900015
34742372500048
34743768300027
34746999100025
34747124500014
34747547700035
34748870200015
34748927000020
34750128000023
34750532300019
34752261700021
34753794600035
34753804301350
34755153300016
34755494100018
34755825600017
34757876700050
34758648900010
34763034500044
34763316600017
34763554200017
34763731600048
34767865800027
34768419300019
34768522400011
34770326600036
34770758000036
34772285200022
34772804000028
34773511000038
34773809800024
34774321300014
34775861700018
34776831900019
34777159400053
34778313600026
34778381300012
34779615300018
34780195300014
34781095400011
34782042500044
34782462500011
34784254400038
34784944000024
34787897700011
34788188000079
34788283900033
34788682200027
34788936200021
34790560600104
34791145500017
34791763500034
34792671902577
34794821800040
34795537900016
34796304300042
34796693900022
34804184900020
34806431200195
34807243000039
34807410500043
34807784300012
34808146400037
34810745900078
34811727600017
34814371000013
34814806500017
34816196900012
34816295900012
34816866700262
34818195900019
34818736000014
34821965000028
34822473400056
34822835400026
34823092100036
34824717200029
34826034000024
34827938100019
34828083500029
34828762400038
34830778600015
34830863600011
34830987300019
34831723100028
34832553100013
34832821200025
34833586000048
34833770000028
34836249200053
34836559400038
34837824100049
34841496200061
34841550600115
34842447400024
34847167300023
34847256400015
34848546700016
34848987300011
34849034300012
34849193700010
34850292300017
34850550400012
34854881900013
34855467600018
34855760400041
34857163900023
34858009300014
34858555500033
34858817900021
34859210600010
34859888900031
34861674900019
34861800000031
34861975000030
34862985800039
34864249700021
34864497200013
34864605000016
34864868400010
34865434400046
34865436900019
34867085200063
34867416900936
34867416901678
34867416902585
34867998600011
34868841700024
34869131200055
34870773800012
34873386600019
34873838600054
34874116600055
34874487100016
34874769200039
34876053900026
34876494500013
34876840900016
34877922400024
34878589000016
34880566400029
34881155500054
34881183700015
34882427700027
34884619700013
34885821800137
34886637700032
34888371100023
34888524500020
34889068200019
34889168000012
34889211800038
34889383500010
34889929500219
34890556300014
34892866400013
34894071900019
34894993400015
34895129400019
34895283900051
34896808200019
34897003900023
34897157300012
34897496500025
34897764600036
34898593800037
34898708200016
34899155500809
34902237600025
34902365500047
34903178100041
34904899100013
34905735600017
34905758800049
