34484989800012
34486248700032
34486841900013
34487644600016
34487850900019
34488480400016
34490213500021
34490601100012
34490782900016
34491308200014
34491509500022
34494144800039
34494284200016
34495755000025
34496109900027
34496950600023
34497417500012
34497819200021
34498079200016
34499859600045
34500494900011
34503010000365
34503293200021
34503347600028
34503762600016
34504095000015
34506680700016
34508499000018
34508617703733
34508617704061
34508617707270
34508617707742
34508617707932
34509115100018
34509534300017
34509651500019
34510764300024
34512066100037
34513048802666
34513048815338
34513048821336
34514166700013
34516632600016
34516996500067
34517160700012
34518385900015
34519290000057
34520927400033
34522983500037
34525680400039
34526550800019
34528840100010
34532970000016
34535717200013
34536776700026
34536785800031
34536914400034
34537201500015
34537821000024
34538118000016
34538781500011
34540465100019
34540620100037
34701003500025
34738457000987
34738457002439
34738457002801
34739814100049
34741310600019
34741787500031
34743921800038
34746078400015
34746107100024
34746697100012
34750328600010
34751486100017
34752628700052
34752883800019
34753230100012
34754650900022
34757988000035
34758285000025
34759934200024
34761748200018
34762002300023
34762567500017
34763414900020
34763476800019
34763629200018
34765507800017
34765677900019
34766351000019
34766912900012
34767824500015
34768528100045
34769334300019
34771659900027
34771769600020
34771908000041
34771917100386
34772290200025
34773622500033
34774180300022
34774577000011
34777368100031
34778336700019
34778627900047
34780600200627
34781616700113
34784365800019
34788515400042
34789182200053
34790553100013
34791351900026
34792296500020
34792381500059
34792390600049
34792671902023
34792801200025
34792951500034
34794206200022
34794252600018
34800535600012
34801408500024
34802436500044
34803455400025
34803883700020
34804868700019
34806777800046
34811286300025
34813893400032
34815037600013
34816614100021
34816839400024
34817633000010
34818137100082
34818297300167
34818306200010
34819274100026
34820736600017
34822067400033
34824095300060
34824192800079
34825533200010
34826078700026
34829463800153
34829616100063
34831657100028
34833363400056
34833678500046
34836825900019
34837090900031
34837212900034
34837239200012
34841550601352
34841550601790
34842228800087
34843302000032
34843305300074
34844346600019
34844360700018
34846466000011
34846887700017
34848079900017
34850129700025
34850494500026
34850546200013
34851909100014
34851923200030
34852097400018
34853014800017
34853136900018
34853407400029
34853937000026
34854053500062
34854324000017
34854496600032
34854621900018
34854938700028
34855887500046
34856283600018
34857057300017
34857128200030
34858115800048
34858512600025
34858765000014
34860090900033
34860260800047
34860763100051
34862815700052
34863705900018
34865529100014
34865990500015
34866755100066
34867416903500
34868383000015
34871577200045
34871584800019
34873669500043
34874287500027
34876734400024
34876873000064
34877236900016
34878093300035
34878435600035
34878778900018
34879732500019
34882310500013
34882649600013
34883030800030
34884998500026
34885422500029
34885502400017
34885710300033
34887050200021
34888482600028
34891045600014
34891542200029
34891580200014
34893638600948
34894078400013
34895096500023
34896039400032
34896119400019
34896528600019
34896553400020
34899155500502
34900794800012
34901568500036
34901800200015
34902869600020
34902909000025
34903137700014
34903531100027
34903652500021
34905118500040
