34482285300018
34483423900016
34483650700022
34483972500027
34487149600057
34487178500012
34487190000017
34488949800038
34488985200028
34489552900024
34491174800020
34491243100022
34492917900010
34493130800011
34494735300027
34495494600010
34495785700016
34496449900042
34498318400047
34498857100024
34501402100025
34502515900012
34503207200026
34504551200018
34504673400025
34506221000025
34506693000024
34507263100020
34508098000179
34508394300026
34508617703501
34508617705407
34508617707395
34508902300013
34509413000050
34510112500028
34512094300013
34513048809596
34513048812277
34513048815569
34513048822292
34513048826558
34513048826624
34513048827523
34513048828117
34513048828331
34513048829453
34513048830774
34513051203091
34513176700039
34514592400022
34518290100040
34519767700031
34521578400017
34521814300021
34522809200028
34522872000016
34524116000018
34524523700010
34525337100032
34526079800037
34527840200051
34529878000049
34529897000038
34530666600099
34534984900041
34536598500018
34537629700031
34539005800013
34539160100100
34540657300039
34552014200067
34738114700037
34738457001407
34739066800023
34740657100054
34743462300018
34744964700036
34745340900059
34745828300020
34746060200027
34747067600029
34747410800086
34748284600016
34748407300023
34748718300019
34748780300053
34749624200038
34749688700154
34753526200013
34754440500033
34755088100036
34756379300053
34756916200022
34757904700023
34758223100549
34758386600046
34758689300039
34758912900027
34759391500015
34760496900027
34765145700058
34765613400017
34766296700020
34766870900046
34767015000197
34767593600046
34768657800027
34768804600031
34769104000021
34770231800036
34770314200021
34771589800016
34771692000025
34773770200022
34775647000048
34776853300015
34779530400034
34779747400017
34781496400081
34782250400036
34782924400016
34784157900035
34784972100035
34785635300037
34788866100019
34789577300062
34789657300016
34791444200012
34792671900258
34792978800037
34793251900015
34794839000039
34795731800020
34797135000041
34797975900029
34798413000018
34801007500011
34802392000013
34802896000014
34803005700015
34804798600016
34805154100012
34805297800031
34805387700059
34808826100014
34809128100025
34809821100041
34813458600083
34814143300014
34815543300041
34815562300211
34815630800028
34816875800020
34817595100022
34817794000049
34818329400027
34818456500037
34818985300024
34821980900038
34822345400037
34823650600013
34824008600010
34824674500015
34825374100014
34827688200043
34827938100035
34829764900017
34831222400028
34832232200010
34834843400039
34836693100015
34838571700023
34838785300016
34839062600292
34839161600029
34840016900010
34840807100028
34841688400057
34845379600016
34845380400026
34846938800014
34848212600011
34850077800017
34851641000019
34853296100037
34854289500027
34854667200018
34854930400023
34855228200025
34856442800020
34858303000021
34859587700039
34860646800018
34860741700451
34860741701202
34861021300053
34861075900014
34862216800014
34862639100042
34862835500052
34864282800019
34866466500034
34866539900039
34867416905034
34869196500019
34870519500025
34871297700027
34872985600024
34874598500013
34874752800019
34875106600021
34875502600013
34875986100019
34876206300017
34876380600018
34878772200027
34883628900010
34885075100036
34885826700019
34886515500025
34886639300013
34888467700124
34890539900013
34890879900052
34891478900014
34891869900011
34892343400024
34892457200012
34893263300020
34894560100048
34895364700024
34895526100014
34896996500055
34899155501864
34900339200017
34901671700010
34904602900014
34904863700012
34905081500019
34905106000029
34907020100026
34907701600013
34908328700012
34909196700043
34910059400010
34910596500025
34911494200015
34915249600015
34917188400027
34918092700015
34919514900043
34920204400039
34920675500010
34921806500010
34921838800016
34922915300029
34925886300019
34925961400015
34926297200053
34927358100018
34930558100010
34931149800019
34932419400027
34932443400035
34932618100055
34935986900063
34936242600018
34937485000015
34938115200017
34938221800031
34939157300012
34939476700017
34944127900016
34944221000028
34944365500015
34944590800016
34944903300019
34947334800036
34948177000015
34948439400029
34948663900017
34949262900028
34951692200029
34951713600058
34952861200030
34952909900013
34954883400010
34955280200010
34955675300011
34956235500025
34956747900010
34957522500017
34958237900062
34958676800021
34959270900035
34959490300016
34961129300011
34962414800038
34963439400010
34963488100024
34963949200025
34964500200057
34965975500061
34966030800017
34966563800012
34967704700020
34968036300026
34970610100020
34972972300016
34972973100068
34973199200013
34973207300011
34973244600027
34974266800057
34977614600012
34978585700013
34980432800012
34984578400025
34984603000048
34984656800013
34985873800025
34986153400015
34986549300044
34987031100025
34987076600012
34987197000027
34987287900011
34987923900011
34988767900018
34989864300045
34991054700018
34993561900024
34994210200022
34994252400027
34995671400027
34997469100017
35000458600060
35000521100056
35001322300085
35001336300022
35002520100020
35004954000015
35005070400013
