34482479200339
34482479200362
34485872500031
34486044000017
34486929200021
34487433400024
34487722000014
34489455500020
34490745600042
34490799300044
34490833000071
34492803100055
34493296700039
34494124000089
34494683500081
34495191800038
34495390600023
34496223800038
34498112100017
34500602701566
34500643100026
34502207300034
34503010000209
34503531500018
34503941600549
34504003400042
34506405900016
34507928900038
34508617701323
34508617702842
34508617704293
34509343900031
34510390700019
34510730400015
34511109000022
34512103200014
34513048812210
34513048814356
34513048814786
34513048826582
34513048827119
34513048827390
34513625300027
34516446100021
34516804100019
34517854500041
34520032300011
34520529800010
34521289800018
34522524700013
34523953700011
34524307500024
34525151600018
34525270400035
34525637400041
34526917900015
34527548100017
34529063900011
34529364100022
34531179900018
34534087100036
34536623100016
34539500800054
34539973700013
34738076800015
34738093300015
34738457000979
34742237000028
34742724700015
34742898900029
34744546200059
34745356500017
34745665900049
34746480200011
34750653700013
34752067800033
34752273200028
34752484500018
34753848000018
34754379500012
34754628500011
34755155800088
34755597100022
34758508500041
34759694200057
34764131800055
34764330600033
34767764300012
34768591900016
34768984600017
34770677200014
34770763000039
34771066700077
34771705000012
34771841300037
34772427000025
34772681200048
34772784400032
34776879800089
34777164400023
34777965400040
34778241900019
34778703800038
34780951900015
34781114300051
34782323900061
34782476500023
34783226300086
34785438200012
34785708800020
34786680800020
34787749000016
34788463700013
34790952500037
34792240300030
34792630500017
34792671901926
34792671902627
34795486900033
34797461000011
34798009600031
34798291000031
34799191100012
34800333600032
34802895200011
34803220200056
34803371300028
34803773000036
34804072600013
34804884400032
34805954400059
34806065800047
34806832100119
34808153000050
34810918200033
34812229200017
34814053400077
34814918800016
34817275000013
34818092800049
34819033100028
34823759500080
34824710700025
34828095900019
34828341700023
34828454800016
34829506400011
34829512200017
34829519700027
34830410600191
34830458500030
34832536600014
34832690100017
34832953300023
34833036600058
34834117300113
34834224700023
34834951500034
34838420700018
34840306400010
34841550601949
34841934200020
34843425900019
34844794700014
34848382700054
34849016000010
34850092700036
34850729400026
34852289700019
34852766400034
34853381100090
34858453300015
34859057100017
34859541400015
34859554700012
34859847500021
34860066900025
34860179000036
34861692100014
34861976800024
34862098000014
34863327200029
34863327200045
34865053200016
34865501000018
34867416900282
34867416900589
34867416903039
34867858200027
34868381400043
34869897800015
34870662300041
34873098700016
34874077000063
34874105900037
34876762500018
34877049600027
34878106300030
34878565000014
34879044500020
34880126700017
34881194400035
34881561400014
34881598600024
34882871600012
34883169400024
34883663600020
34883729500024
34884280800027
34884400200041
34884786400017
34884868000040
34885218700031
34885592500015
34885800200036
34886309300038
34888208500023
34888501300014
34889723200016
34891466400019
34891731100014
34892610600033
34893638600443
34893728500016
34894310100025
34894852200027
34895004900034
34896069100023
34896685400013
34896714200020
34896984100041
34897030200033
34898050900015
34898112700031
34898403000018
34898493100033
34899155501567
34899155501872
34899746100119
34899823800011
34900017400020
34900434100146
34901318500088
34904776100011
