34483928700028
34484199400058
34486155400071
34487384900022
34487865700024
34488720300026
34489373000012
34490974200027
34491826300056
34492827000026
34493311400037
34493371800027
34493694300010
34494863300021
34496035600014
34496570200071
34499741600021
34500114300014
34500602701707
34501335300148
34501599400014
34502592800010
34502925000015
34506295400010
34508617700549
34508617705654
34508617707817
34512264200019
34513048801700
34513048806071
34513048809133
34513048826111
34513048829222
34513509900041
34515738200010
34515933900042
34516056800027
34516326500043
34516609400028
34517557400010
34518995500015
34521187400044
34521357300016
34521911700016
34525208400040
34525714100027
34526230700019
34526443600014
34526636500013
34529131400010
34529846700035
34530215200029
34530583300039
34531134400039
34531237500057
34532553400013
34533102900016
34535646300025
34535655400013
34536010100074
34538236000039
34538279000011
34539261700048
34539379700013
34605002400477
34721006400023
34738457000961
34738457001944
34740230700180
34740539100017
34741594500018
34742423600037
34742674400012
34743059700018
34745338300056
34745711100032
34745845700012
34746124600089
34749176300012
34751435800048
34751984500015
34752888700032
34753124600036
34753494300019
34756261300021
34758540800029
34760502400038
34760583400014
34761886000030
34763426300037
34763531000027
34763536900056
34764580600048
34766863400012
34766896400039
34768913500056
34769323600015
34771202800062
34772665500017
34774666100011
34776631300022
34778518000022
34781328900027
34781425300022
34783733800032
34784888900056
34784894700086
34785547000014
34787293900033
34787804300012
34787813400043
34788115300014
34789187100027
34790063100081
34790260300070
34792732900016
34792835000045
34793289900029
34794442300016
34794998400012
34795028900020
34799320600023
34801198200165
34801688200014
34802140300012
34802754100047
34803143600051
34803143600069
34805306700024
34805486700018
34805959300031
34807682900020
34809998700029
34810474600014
34810659200044
34810714500024
34811759900020
34811987600020
34812757200017
34813518700022
34814925300034
34815408900026
34815490700052
34815735500036
34816195100028
34818076100028
34819346700027
34820000700048
34821336400048
34821862900049
34821897500020
34822557400014
34823176200058
34823375000044
34824187800035
34824271000062
34826135500021
34826710500024
34826822800031
34827827600038
34828787100043
34829107100010
34829778900011
34830501200034
34832491400020
34832780000010
34833108300041
34833805400094
34833844300016
34834969700022
34835486100018
34837593200012
34837728400024
34837760700067
34839356200023
34840020100029
34841550601519
34844981000012
34845253300055
34846688900014
34846706900012
34847936100035
34848111000024
34850909200014
34851261700013
34852971000108
34859460700015
34860061000011
34860485100025
34860559300014
34860730000038
34861725900026
34863163100028
34863219100014
34863832100011
34865464100011
34865771900046
34866015000015
34866030900017
34866142200033
34870721700041
34871242300014
34871337100022
34871452800067
34871551700010
34872154900015
34872357800079
34874024200014
34875136300055
34875867300019
34876139600038
34876172700018
34876200600529
34876811000028
34877433200012
34877476100038
34878207900043
34880365100028
34882890600019
34888097200024
34888452900010
34892289900052
34894394500017
34894647600028
34895969300014
34896873600010
34898162200015
34898376800022
34898762900014
34899172000023
34899588700034
34900846600055
34901629500033
34901984400035
34902081800069
34902680700025
34903876000055
34904940300018
34905839600046
