34482637500034
34484874200039
34486937500024
34487414400019
34487830100060
34488867200047
34488979500052
34490524500025
34492690200018
34492698500054
34493456700043
34495444100038
34495478900022
34495694100019
34495853300038
34499385200039
34499495900023
34499819000039
34500396600016
34500602701590
34503706300038
34503941600309
34504805200012
34506246700039
34506329100024
34506522100037
34508617700614
34508617706504
34508617706694
34510607400015
34510915100018
34511166000022
34511847500036
34513048807715
34513048811659
34513048830808
34513513100158
34515963600033
34516618500032
34518101000025
34519508500013
34522144400028
34522270700050
34523078300010
34523551900047
34527011000017
34527865900015
34528918500026
34529556200010
34529845900024
34530031300029
34530240000022
34530688000856
34531941200010
34532688800020
34533822200036
34535555600019
34537154600010
34537368200045
34538297200056
34539481100060
34738164200011
34738457002017
34739196300019
34740590400017
34741863400031
34742489700036
34745036300044
34746671600037
34749415500042
34751251900013
34751350900013
34752181700028
34753804300402
34754166600041
34756284500011
34760881200066
34761480200010
34762173200010
34763820700014
34763938700039
34765592000036
34766252000019
34769418400057
34771139200014
34771356200036
34772455100010
34772623400045
34772637400056
34773567200086
34773829600024
34773923700027
34773929400044
34774350200028
34774784200016
34775476400012
34778532100030
34779911600012
34780961800023
34780986500020
34781242200041
34781486500098
