34482754800035
34482901500033
34483466800016
34483503800011
34484374300347
34485321300025
34486637100018
34487179300040
34487920000014
34489023100014
34491459300019
34494052300048
34497174200046
34497290600053
34497619600040
34498620300026
34500420400052
34503238700028
34504404400013
34504966200041
34505842400010
34506313500031
34507707700021
34508617703063
34508617703626
34508617706207
34508617707577
34510486300013
34510910200037
34511681800021
34512101600025
34512365700057
34512851600035
34513048804563
34513048806717
34513048813937
34513048819223
34513048825733
34513048827028
34513048830675
34513739200030
34514266500040
34516189700029
34518351100053
34518921100021
34520070300014
34520715300015
34520935700036
34522456200016
34524159000016
34527393200037
34527630700021
34528201600178
34530173300043
34532565800010
34532912200047
34533470000019
34534500300031
34535286800037
34535727100021
34537783200018
34538252700025
34695003300131
34739017100010
34743376500018
34744514000010
34745573500030
34746338200049
34746384600019
34747573300015
34751056200023
34754490000017
34757876700027
34760203900062
34761797900021
34761919900016
34762236700014
34763335600055
34763893400013
34763957700027
34764595400012
34766680200074
34767271900015
34768345000014
34768695800021
34769246900039
34771562500021
34774574700019
34777561100010
34779176600012
34781128300014
34782792500012
34783185100022
34784114000028
34784632100029
34787857100038
34789099800029
34789904900022
34791177800038
34792671902874
34792671902890
34794719400010
34795417400012
34797156600042
34798289400078
34799534200016
34799685200021
34799926000057
34801070300018
34802366400017
34802432400058
34802540400123
34802872100028
34803781300048
34804762200033
34806822200028
34808428600015
34809763500034
34811321800054
34811568400014
34812737400018
34814521000012
34814534300011
34814700000015
34815236400017
34816249600023
34819518100055
34819951400012
34821084000057
34821087300025
34821779500064
34822097100058
34823534200014
34824809700019
34827218800049
34827594200020
34834094400027
34835464800019
34837047900035
34840555600039
34840809700072
34841087900012
34844619600050
34845457000014
34846027000021
34846543600015
34847261400018
34848656400027
34849394100010
34849506000058
34849905400016
34849981500051
34850721100012
34851817600014
34852420800017
34853782000022
34857636400015
34858277600053
34859028200011
34859546300038
34859997800031
34861069200041
34862503900014
34863775200042
34864838700010
34865938400013
34867416905968
34867798000024
34868352500037
34869415900016
34870282000021
34872390900027
34873077100014
34873329600019
34874087900054
34875702200044
34875820200017
34876915900016
34877091800095
34879032000504
34880223200051
34880960900038
34883884800029
34884297200013
34884561100014
34884983700011
34885480300023
34885572700015
34885770700023
34887003100021
34887794500025
34888072500018
34888446100016
34888763900030
34889047600123
34889991500014
34890023400058
34891543000030
34891919200016
34892321000036
34893749100010
34893888700018
34894147700039
34895191400012
34895425600023
34896054300042
34897311600042
34898330500015
34898468300030
34898714000038
34899155501666
34899301500018
34899902000020
34900470500027
34900764100039
34901148600033
34901376300017
34901807700025
34902114700047
34902200400015
34902557700025
34904284600064
34904876900021
34904890000022
34905364500058
34905534300041
