34483450200017
34484675300020
34486041600017
34486891400013
34487075300037
34487216300011
34487276700027
34490283800038
34490287900040
34490843900054
34492208300037
34492217400018
34492270300014
34493083900024
34493590300023
34494122400018
34496593400039
34496702100017
34500017800029
34500602701053
34502653800016
34503407800013
34505766500019
34508617701174
34508617704178
34508617704921
34508617705134
34508617705639
34508676300025
34509778600015
34512428300036
34513048815130
34513048818670
34513048824744
34513048829081
34514920700036
34516376000019
34517258900045
34517968300023
34519827900027
34520478800037
34520627000018
34521524800013
34523265600016
34525817200021
34525930300013
34527396500029
34527500200011
34528393100011
34529861600011
34531685500021
34531762200024
34532109500019
34532427100021
34532569000021
34533802400010
34533989900022
34534202600027
34536632200021
34538369900013
34539066000016
34539827500015
34684110900017
34738346500031
34738698900045
34739766300019
34742784100031
34743826900016
34746712800018
34748634200020
34749717400016
34750019100015
34751323600021
34752146000027
34752442300048
34754759800024
34755361200024
34755920500054
34755927000041
34756913900046
34758854300020
34759095200037
34759232100017
34760149400011
34760205400020
34761140200012
34762183100135
34764794300021
34764999800015
34766703200036
34766847700016
34767015000205
34768301300028
34768743600019
34769414300012
34769868000027
34770464500022
34770825700022
34771488300050
34771576500124
34771686200011
34772272000013
34775978900030
34776253600014
34777755900050
34779928000024
34781567200022
34781574800020
34781910400014
34783782500012
34784273400043
34784280900027
34787261600029
34788922200050
34789367900022
34792243700038
34792671901033
34793047100029
34795361400026
34799058200038
34799756100027
34801198200157
34801799700027
34802394600059
34802479500026
34803372100013
34803810000049
34804773900035
34805107900013
34805228300051
34811297000010
34812331600013
34812454600014
34813900700051
34813969200035
34818158700018
34818297300258
34819425900027
34823074900049
34823204200013
34823952600026
34824853500018
34826650300021
34826847500053
34830410600092
34831037600036
34832151400013
34832729700027
34833504300025
34833585200037
34833773400019
34834834300016
34834877200016
34834887100016
34835207100016
34837953800021
34838933900014
34839389300105
34840811300010
34840875800079
34841097800012
34841550601956
34841638900016
34842928300024
34843598300021
34844255900038
34844905900016
34844961200038
34844967900011
34845837300068
34846577400019
34849096200019
34849157200064
34849808000046
34850345900011
34850352500027
34850704700010
34852949600013
34854064200058
34856328900027
34856345300011
34856690200014
34856831200022
34860262400036
34860681500036
34861174000047
34862875100045
34864485700040
34866948200021
34867416903161
34867416903393
34867416903799
34867416906222
34867841800024
34868095000014
34869167600038
34873637200031
34874539900033
34875230400017
34876061200096
34877302900023
34877451400031
34878886000032
34878941300047
34879002300116
34881609100022
34882238800016
34882475600012
34883132200030
34883889700018
34885095900019
34886122000013
34886439800014
34888048500035
34889464300017
34891513300014
34891905100014
34894138600016
34895642600012
34895979200014
34895983400022
34898705800024
34899092000020
34899337900034
34899846900020
34901026400019
34901297100058
34901840800022
34905029400041
