34482606000016
34484499800197
34484679500013
34485246200011
34485381700015
34487637000042
34490657300011
34491175500041
34492856900021
34493668700096
34495537200034
34501412000033
34502499600018
34503508300038
34504126300020
34504251900016
34507098100047
34508143400010
34508617701497
34508617702560
34508617704319
34509264700014
34510636300012
34510981300013
34511611500204
34512694000070
34513048802948
34513048803458
34513048829271
34513048829578
34513048830444
34513051203026
34513161900016
34513880400033
34514538700014
34520197400010
34522028900010
34522097400025
34522875300017
34524923900012
34526346100021
34528162000012
34531176500035
34533983200031
34534271100016
34534422000016
34534500300023
34535127400013
34536124000012
34538298000026
34539032200013
34540390100019
34738574200015
34741819600031
34742256000024
34743359100018
34744576900040
34745814300034
34745935600031
34746057800011
34746356400034
34747382900013
34747485000018
34747557600018
34747873700013
34749326400019
34753050300015
34753674000041
34753985000011
34755319000013
34755682100010
34760726900011
34762396900040
34762417300014
34762521200019
34762882800126
34767165300025
34768304700018
34768928300013
34768958000020
34770585700014
34772215900022
34772756200022
34773643100029
34773898100013
34774970700019
34775796500012
34776086000010
34776507500010
34776740200014
34778382100015
34780733100025
34781186100017
34781760300017
34781862700064
34783212300025
34783608200078
34784178500020
34784242900024
34785717900050
34787924900030
34788758000038
34788765500020
34794326800016
34795033900064
34795761500029
34796550100021
34796831500064
34796925500012
34798577200024
34800370800016
34800860800013
34801558700069
34805518700010
34805702700024
34805738100017
34805816500039
34806037700028
34807212500027
34808518400011
34809331100010
34810991900020
34811902500057
34812264900026
34812956000069
34817744500023
34818741000025
34819952200031
34821636700014
34822396700012
34824684400024
34826755000047
34827063800037
34827423400023
34828668300019
34828804400020
34829014900056
34829149300016
34829178200079
34829231900046
34829456200015
34829609600046
34829977700014
34829990000020
34835337600026
34836053800014
34837186500042
34838590700012
34839800900012
34840717200033
34840891500026
34841017600021
34841374100011
34842551300010
34845859700054
34846398500021
34847988200048
34849111900015
34849855100012
34849974000051
34850170100018
34850653600013
34853283900019
34853326600022
34853748100031
34855960000013
34857909500012
34858251100062
34863001300020
34864139000011
34866011900044
34866098600012
34867736000011
34868954800025
34869381300019
34870444600015
34870515300016
34873843600024
34874066300011
34874531600029
34874760100014
34877448000027
34878044600020
34879022100017
34880912000051
34882289100019
34882296600019
34882669400013
34884175000014
34884237800013
34886231900012
34887807500020
34887976800011
34889291000012
34889827100062
34892755900016
34893162700064
34893494400037
34893638600401
34894025500345
34894204600015
34895058500029
34896931200019
34898003800023
34898172100015
34900177600013
34900736900011
34901940600025
34902695500378
34902736700060
34902819100030
34903744000022
34905018700013
34906369300015
34906467500011
34906758700015
34907675200089
34908805400011
34910079200010
34910452100027
34910496800095
34911628500017
34912694600012
34913702600028
34913821400052
34914038400018
34915596000017
34916108300010
34916813800031
34918373100042
34918656900019
34918679100035
34919689900018
34919835800013
34920250700019
34921412200013
34921488200012
34921733100017
34921982400175
34922729800024
34925339300012
34926212100024
34927297100020
34927549500027
34929256500018
34929867900052
34930239800012
34930626600025
34931249600046
34931584600049
34932333700015
34934305300014
34934619700024
34935063700014
34936058600011
34936194900010
34936738300016
34936809200012
34938809000012
34939759600017
34940348500023
34940538100014
34942042200041
34943596600016
34943758200043
34945280500063
34945887700025
34947381900010
34947749700011
34949617401656
34950178300014
34950290600010
34951501500288
34952319100030
34952919800039
34956296700027
34957544900021
34960956000025
34961443800050
34963832000045
34963986400033
34964246200015
34964764400039
34966742800016
34968403500059
34968600600017
34971191100058
34971331300014
34972361900038
34973740300015
34976337501069
34978510500082
34982039900013
34984432400021
34984643600013
34986959400136
34988311600015
34988448600011
34988491600033
34989626600054
34991859900029
34994152600015
34995338000012
34995938700011
34996237300024
34998175300016
34998296700011
34998841000016
34999443400042
35000180600024
35000855300058
35001344700049
35002704100010
35004874000079
