34482798500021
34484445100023
34487280900035
34487817800039
34488033100014
34488230300029
34490343000033
34490989000073
34491483300100
34492224000033
34493588700051
34493668700088
34494202400045
34495025800022
34498618700021
34500157200014
34500566400056
34500602701921
34505230200014
34505764000012
34506257400016
34507644200010
34508617700671
34508617706785
34508936100033
34509104500012
34509370200024
34510208100014
34513048801098
34513048804795
34513048823258
34513048823449
34513048830048
34513686500036
34517194600030
34517330600035
34519977200012
34522573400028
34522666600021
34524237400022
34525834700029
34526962500017
34527182900011
34529680000013
34530031300201
34530261600031
34530533800013
34530688000625
34532466900018
34534022800096
34535543200013
34535689300064
34536375800037
34538956300023
34539400100035
34539700400010
34540678900056
34540882700011
34681013800013
34702016600208
34738060200032
34738916500023
34738972800010
34739548500027
34739575800027
34740163000012
34740231500035
34741120900013
34741967300020
34743424300015
34746876100049
34747352200014
34748513800015
34749206800031
34753474500018
34753804302259
34753804302358
34754102100064
34754803400011
34755219200010
34755393500037
34756668900019
34757485700038
34758223100317
34761767200014
34762048600014
34762893500020
34764329800024
34765387500026
34765740500051
34765912000013
34766190200119
34767509200022
34767553000013
34769003400033
34769303800023
34770066800010
34770107000018
34770216900033
34770406600013
34770738200029
34771036000012
34771606000012
34771927000014
34772287800043
34772922000033
34773441000017
34775259400031
34777075200025
34778492800017
34780025200046
34780151600035
34780519400037
34781180400025
34781406300017
34781480800031
34781556500010
34781621700017
34782007800025
34786067800023
34787315000028
34789768800052
34790478100031
34791083800015
34792941600084
34797663100049
34797864500039
34799751200038
34800215500011
34800709700036
34801788000017
34802465400058
34805506200056
34805816500096
34806032800021
34806070800016
34810064500038
34814131800017
34814160700021
34815002000017
34815533400017
34816344500029
34816955800015
34817428500026
34817486300020
34818035700058
34818396300035
34819277400027
34819670000028
34819826800016
34821168100047
34822208400017
34822449400024
34823695100011
34829927200016
34831016000018
34831538300037
34831558100044
34833055600088
34833977100019
34834594300024
34835913400023
34836183300034
34836634500372
34837008100013
34837273100037
34837627800019
34839143400035
34839642500020
34839707600012
34839718300016
34840258700011
34843449900037
34843484600013
34843696500035
34844199900029
34844933100027
34845062800014
34845477800039
34848962600047
34849661300020
34850909200022
34853282100033
34853910700022
34854280400011
34854302600010
34854367900016
34860957900035
34862460200010
34862880100030
34862919700024
34862997300010
34863002100023
34863842000011
34864649800017
34867416904987
34867595000011
34870277000010
34870764700031
34870790200014
34871440300055
34872966600043
34874359200027
34874483000012
34875194200031
34875309600018
34876200600255
34876563700056
34877128800019
34881219900027
34881861800012
34886951200015
34888378600017
34888641700016
34889262100023
34890904500018
34891232000028
34897850300053
34899138100016
34899863400011
34900360800016
34901687300094
34904651600010
34904972600012
34908290900020
34908601700010
34908675100014
34911562600013
34911889300016
34912785200029
34912844700019
34913649900010
34916337800038
34916705600028
34918182600018
34918392100015
34919716000014
34919969500058
34923132400022
34923298300032
34923348600019
34924598500016
34924934200024
34928260800026
34930406300028
34931024300036
34931619000033
34932050700016
34935205400010
34935248400043
34938239000020
34938299400011
34938580700012
34939189600033
34939989900013
34940015000018
34940403800029
34940947400021
34941218900020
34944223600056
34944699700034
34946832200020
34949200900023
34949209000015
34949924400011
34950304500016
34950412600047
34951722700055
34955793400065
34957479800048
34958664400016
34959797100085
34960709300045
34960792900016
34960793700027
34960960200017
34963335400015
34963803100014
34966764200020
34969169100019
34969472900014
34970023700010
34970639000011
34970698600016
34971124200017
34971533400018
34973400400014
34973596900025
34973961500012
34974317900658
34974440900013
34974568700013
34975925800024
34979735700036
34980279300027
34980407000036
34980733900024
34980787500019
34982836800028
34984618800010
34986423100015
34986559200035
34986859600033
34987127700035
34988027800057
34989734800018
34991139600043
34991931600027
34992789700018
34992951300019
34994245800069
34994361300019
34997493100868
34997970800030
34998495500030
34998584600014
34999597700015
35000305900051
35000501300015
35000761300044
35001107800051
35001161500019
35001319900038
35001676200048
35001780200041
35003107600010
35003478100012
35003681000017
35004581100014
35005373200029
