34483538400019
34484647200019
34486432700012
34489578400033
34491351200028
34493099500024
34494201600025
34498448900015
34499211000017
34500602700618
34500737100015
34501001100038
34501306400067
34501335300031
34505433200019
34506031300011
34507075900013
34507229200013
34508087300127
34508407300013
34508617705886
34510098600016
34510195000029
34511351800012
34511862400021
34512762500019
34512953000043
34513048824546
34513048825329
34513048826988
34513048827994
34513145200012
34513184100024
34513280700024
34513286400017
34513905900017
34514429900012
34514715100012
34517257100019
34518660500019
34519756000013
34522244200054
34523838000017
34524197000044
34524943700095
34525492400128
34529003500038
34529840000010
34530781300013
34530836500039
34531237500081
34532290300013
34533424700011
34534797500038
34536428500030
34536586000021
34537186800018
34539160100225
34539367200018
34539582600059
34539593300038
34540415600324
34658017800058
34738043800015
34738457000680
34739052800029
34742666000051
34743566100033
34744231100036
34745808500060
34746632800031
34748003000019
34748514600042
34748892600010
34749256300015
34751589200029
34752497700027
34752839000029
34753804302937
34754460300017
34756030200015
34757020200031
34759126500017
34759442600020
34760085000056
34763377800019
34764026000035
34766253800011
34767968000020
34768001900028
34769375600061
34770686300029
34770812500021
34771127700041
34771448700019
34771819900032
34772040100046
34774090400011
34775076200010
34776487000015
34776516600017
34776738600019
34778699800026
34781469100023
34782002900010
34782426000025
34785109900015
34788115300030
34788802600064
34789987400015
34790085400014
34791459000018
34791746000011
34792671901082
34792671901421
34793894600097
34794637800010
34795158400023
34797151700029
34797332300053
34797936100065
34806572300085
34806859400012
34807860100013
34809839300013
34810669100010
34811805000049
34811998300032
34812625100019
34812870300033
34813431300017
34815562300013
34818106600039
34818665100017
34818817800027
34819498600017
34821578100058
34821994000015
34822240700028
34823432900038
34824301500040
34824808900016
34825382400026
34826935800035
34828224500011
34828766500023
34831790000010
34832488000015
34833144800038
34834587700016
34835220400021
34836488600021
34837654200026
34837827400024
34838376100031
34838671500034
34838718400024
34839399200048
34839725800099
34840378300015
34841550601204
34841550601527
34841983900041
34842677600012
34843352500071
34845106300088
34845817500026
34848869300022
34850573600010
34850590000012
34851256700010
34853066800055
34854539300020
34855278700023
34855462700029
34855591300022
34856243000010
34856571400014
34856788400013
34858292500031
34859146200034
34861296100063
34861827300026
34862249900013
34862301800010
34863520200040
34863915400015
34865598600027
34866609000017
34866873200020
34867405200033
34867416906610
34867953100015
34869531300026
34870252300013
34870535100016
34870888400013
34870993200019
34871446000014
34872507800011
34872549000026
34873250400017
34873657000022
34873846900017
34874039000011
34874949000010
34875510900033
34876311100013
34877090000051
34878292100046
34878473700028
34879413200012
34879798600018
34879870300040
34881384100049
34882085300011
34882958100050
34883056300022
34883208000033
34884020800022
34885955400019
34887779600055
34888331500791
34888467700272
34889184700033
34890820300022
34890855900019
34890926800016
34891110800010
34892425900040
34893389600030
34894020600090
34895423100059
34895615200014
34896341400019
34897593900037
34897764600143
34898277800014
34899194400011
34900109900051
34900375600070
34901020700026
34903405800074
34904536900023
