34482004800017
34482214300014
34482650800014
34483245600026
34485750300025
34491247200075
34491800800022
34492716500011
34492774400021
34492881700057
34493649700025
34499279700029
34499841400025
34503625500015
34503941600754
34504124800013
34504604900044
34508056800024
34508617704111
34508957700026
34509805700036
34510144800016
34510446700021
34511263500031
34512356600035
34513048800462
34513048808903
34513048813291
34513048813671
34513048822227
34513048827812
34513048830451
34513048830535
34513051202721
34513349000010
34514485100077
34517620000011
34521470400024
34523465200013
34524728200014
34524973400020
34525466800063
34525478300011
34525975800018
34527740400041
34527879000026
34528326100013
34529280900018
34530602100055
34531655800047
34533775200017
34534915300022
34535028400013
34535137300021
34538295600018
34539035500047
34738457002280
34738457002751
34740017800021
34740134100016
34741300700027
34741590300066
34744258400012
34744310300010
34744702100051
34745474600046
34745698000023
34747275500037
34747518800012
34749142500034
34749341300053
34750754300028
34751906800014
34752375500010
34753518900018
34753804302499
34753903300014
34754662400029
34755547600014
34756002100029
34756306600039
34757966600012
34758736200059
34760291400025
34760658400014
34760662600054
34760766500044
34761639300018
34761669000041
34762021300046
34762547700018
34762875200011
34763100400038
34763593000030
34769070300025
34769192500015
34771089900019
34772150800013
34773575500030
34774627300015
34776120700013
34776338500015
34777334300020
34782349400021
34782635600011
34783185100055
34784894700045
34785026500013
34786595800016
34787428100046
34787602100028
34787900900046
34788226800019
34788694700014
34789194700017
34790743800019
34791127300030
34791392300012
34792671901843
34793516500014
34794451400012
34794904200027
34801496000051
34801555300012
34801776500069
34807400600027
34808389000015
34809600900017
34810416700021
34810553700016
34810899400016
34811756500047
34812573300025
34813465100028
34814743000055
34819679100019
34820410800040
34820560000029
34821687000041
34822093000039
34822973300038
34823105100056
34823612600028
34823973200012
34825069700011
34825640500096
34826060500012
34826883000042
34829384600021
34831862700026
34833581100074
34835426700018
34837557700015
34838549300013
34838614500018
34841550601493
34842573700106
34843329300027
34845410900045
34845933000034
34846489200010
34846621000021
34847164000014
34847415600034
34847980900025
34849062400023
34850259200010
34850578500025
34852424000036
34853472800012
34853777000011
34853810900029
34855867700012
34857222300025
34859773300073
34860784700020
34861711900014
34863618400049
34864229900039
34867029000017
34867416901736
34867416905372
34868470500018
34868545400012
34868578500027
34868654400027
34869860600020
34870127700033
34872538300015
34874159600012
34875151200024
34875384900010
34876491100064
34877122100036
34877423300012
34878257400027
34878503100017
34880010300023
34880517700014
34880530000020
34880601900025
34882573800019
34882877300013
34884525600026
34885746700024
34888482600010
34890765000025
34891603200017
34892588400010
34893384700058
34893677400028
34893941400051
34894324200035
34894781300013
34896999900013
34898126700027
34898618300021
34899660400040
34899705700024
34903557600058
34903959400016
34904572400011
34904612800048
34905459300018
