34482524500063
34486205700033
34486418600012
34486747800010
34487023300014
34487243700019
34488133900016
34488744300028
34489080100014
34489553700035
34489761600142
34490084000010
34490682100014
34492343800016
34492752000025
34493151400055
34495009200025
34495014200010
34496602300048
34497781400013
34497808500035
34498916500016
34500602701335
34500950000017
34500961700035
34501830300015
34502098600062
34505494400045
34506226900013
34506561900016
34507652500038
34508617703899
34509332200013
34510900300011
34513048810669
34513048818910
34513048820486
34513048820577
34513048830790
34513051202853
34513839000025
34515129400021
34515210200041
34515469400391
34518001200014
34518110100014
34518723100021
34519104300024
34520234500038
34521112200014
34521776400033
34521920800047
34524169900015
34526822100016
34526902100050
34528103400024
34528540700028
34528882300031
34531586500013
34533330600065
34533459300018
34536543100070
34536821100016
34585045700051
34738457000235
34739452000014
34739494200036
34739743200027
34739874500013
34740722300101
34741687700020
34742242000013
34742298200012
34743242900012
34743522400022
34744542100022
34745808500037
34747105400010
34747823200064
34748787800022
34753593200011
34754191400045
34757062400036
34760621200038
34760937200029
34761053700024
34761126100020
34761231900025
34761659100025
34763464400020
34763613600033
34763882700027
34764129200011
34766192800031
34766295900027
34767109100044
34767378200020
34767661100036
34768557000082
34768679200081
34769108100017
34770761400025
34772427000017
34774113400014
34775397200038
34777812800020
34778536200018
34780227400030
34780467600034
34781471700018
34784192600038
34788428000087
34790648900039
34790972300020
34792428400024
34792625500030
34792671900829
34793258400019
34793286500012
34793512400029
34793519900021
34795394500016
34797658100053
34799133300027
34799722300016
34800475500016
34801085100015
34801198200272
34803730000012
34804072600070
34804522000038
34805013900016
34806670500024
34807964100034
34807983100023
34808046600017
34808088800012
34808107600021
34810229400025
34810256700057
34813450300062
34813736500014
34814156500013
34814440300014
34814477500049
34815868400012
34816027600013
34816121700016
34816150600020
34816947500012
34818103300138
34818315300041
34819572800020
34820705100015
34821326500047
34822815600017
34824330400022
34828566900027
34831265300010
34831568000069
34832012800039
34834374000018
34835810200039
34835897900022
34836866300087
34838038700038
34838243300020
34838877800030
34839725800081
34840942600023
34841816100017
34843152900034
34845459600027
34846777000023
34848807300043
34849474100013
34849677900029
34852675700011
34852887800013
34853040300016
34853221900048
34855886700027
34856565600017
34858159600015
34859908500027
34860996700016
34861512100020
34861815800037
34862196200029
34862391900019
34862766200011
34863017900029
34864589600039
34866945800013
34867416900548
34869167600046
34869352400012
34870661500013
34872055800033
34874508400015
34875212200013
34878386100043
34878406700012
34878825800047
34879503000033
34880505200019
34881027600017
34882153900015
34883069600012
34883562000017
34887442100012
34887749900106
34888008900035
34888636700021
34889437900026
34890437600038
34891571100025
34893638600518
34894992600011
34898141600012
34898590400021
34898849400020
34900605600015
34901821800041
34903259900053
34903381100010
34903402500057
34903858800019
34904528600011
