34482006300016
34483216700060
34484670400015
34487075300045
34487179300032
34487200700028
34488322800050
34488761700027
34489299700026
34489431600019
34490700100012
34491991500050
34493709900028
34493731300049
34493948300022
34494763500027
34496639500040
34496645200064
34497098300047
34498913200024
34499653300057
34502958100021
34503941600820
34504518100012
34504950600024
34507012200089
34508334900018
34508617706181
34511166000030
34512564500027
34513048805677
34513048809331
34513048825261
34513048826285
34513048828414
34513048829768
34513178300010
34513352400016
34514292100013
34516701900032
34517911300013
34518578900012
34518859300015
34519810500016
34519855000039
34521315100060
34521437300010
34522295400025
34523466000016
34523762200013
34524472700011
34525254800036
34525492400011
34525925300028
34529464900040
34530829000013
34531827300017
34532552600019
34532716700010
34533255500027
34534118400017
34534659700031
34535328800094
34535354400025
34536194300029
34539956200072
34539977800017
34540241600027
34540415600175
34738161800052
34740656300010
34741568900053
34741846900032
34742477200015
34745171800022
34747071800037
34747437100049
34749872700051
34750576000038
34750983800012
34756395900027
34756862800031
34757898100024
34758032600028
34758901200025
34759993800029
34760233600021
34761835700011
34762582400045
34762827300018
34763186300011
34764413000010
34765786800019
34765903900015
34768778200016
34771086500036
34771130100015
34773966600027
34774011000056
34776115700036
34776506700025
34776540600025
34776602400025
34776693300019
34777076000051
34777331900079
34777821900027
34779054500060
34781362800026
34783709800024
34784386400013
34784744400051
34784938200796
34785631200017
34788659000020
34789402400046
34790575400011
34792671901942
34793105700017
34793561100025
34793825000011
34795986800014
34796286200012
34796358900051
34796547700016
34797432100031
34797930400024
34798172200031
34800338500047
34800358300021
34803378800053
34805911400028
34806088000039
34806652300047
34807829600020
34810078500040
34810167600016
34810608900033
34811322600081
34811348100082
34812783800012
34813770400014
34814920400011
34815663900018
34816846900024
34819638700016
34820913100047
34822094800189
34822219100028
34824264500060
34826542200025
34827276600018
34829320000021
34830707500021
34831008700021
34832526700030
34834053000024
34835038000021
34836419100034
34836688100012
34837795300016
34838192200015
34840020100037
34841357600078
34842313800034
34845232700052
34845640100051
34845766400020
34845810000065
34846331600029
34846348000056
34848325600015
34848661400012
34850558700017
34851625300047
34853938800044
34854463600023
34855151600027
34858424400019
34858628000011
34860064400010
34861158300017
34863968300013
34865215700028
34866522500010
34867009200025
34867416901165
34867416906768
34868302000054
34868965400013
34869027200011
34870751400017
34871265400022
34874563900024
34875981200012
34876675900032
34878210300017
34879032000363
34879104700023
34882022600010
34883782400013
34883966300013
34884585000018
34884671800016
34886648400044
34886765600012
34887086600012
34888331500999
34888509600019
34888607800016
34889683800011
34890107500013
34890949000016
34895390200031
34896773800025
34896830600012
34899466600033
34901311000045
34901959600023
34901969500015
34902161800047
34903142700025
34903294600064
34905055900054
34906020200059
34907557200017
34907675200154
34908082000013
34908337800035
34909187600012
34909266800012
34910492700026
34911004900021
34912153300013
34913167200025
34913224100051
34915780000013
34916699100027
34917311200054
34917371600011
34918002600107
34918098400040
34918861500034
34919980200027
34922107700010
34925923400020
34926380600029
34928216000010
34930315600039
34931431000013
34933140500010
34935081900026
34936606200033
34937325800012
34939168000049
34939927900059
34940316200077
34940969800017
34941866500015
34942056200028
34943278100012
34945963600040
34951576700052
34951883700019
34951907400018
34955182000054
34955414700026
34956477300027
34957369100046
34958294000012
34958609900096
34962394200027
34962644000094
34963632400015
34963638100015
34964283500046
34964460900043
34965113300051
34966821000017
34966897000024
34968555200045
34969076800966
34970709100022
34971690200011
34972265200063
34973205700014
34973325300026
34973573800024
34973864100076
34975071100013
34976770700012
34984175900013
34988364500013
34988813100183
34989106900032
34989252100023
34989526800010
34989834600029
34990394800025
34990772500015
34991872200027
34992460500018
34993178200016
34993359800014
34994165800016
34998352800036
34998606700016
34999310500015
35000118600054
35003757800027
35005527300014
35005713900056
35006599100027
35008001600032
35008791200019
35009463700013
35009994100014
35010008700013
35014540500022
35014590000014
35015369800112
35015819200038
35020287500018
35020600900036
35020773400012
35021821000010
35022215400048
35022275800020
35022620500010
35025172400026
35025688900014
35026350500017
35027315700064
35029308000049
35033462900069
35034149100024
35035432000011
35035583000026
35035705900020
35036626600012
35037965700025
35038632200043
35039040700012
35039826900059
35041043700031
35041277100023
35043520200014
35043961800017
35044362800077
35045154800019
35046116600042
35046278400017
35048243600010
35049715200016
35050016100012
35050097100014
35050287800027
35051292700053
35052911100444
35056660000044
35056682400040
35056886100073
35059865200013
35060621600025
35061041600025
35061079600020
35063616300015
35063794800026
35064245000026
35065539500019
35066869500033
35067264800044
35068440300016
35069124200019
35069745400014
35069809800059
35071274100015
35071305300014
35071737700039
35072599000021
35074170800019
35075175600015
35075364600016
35075490900025
35076184700051
35076318100053
35077003800023
35077318000020
35077407100012
35079310500023
35079363400014
35079450900017
35080776400013
35080966100084
35081177400016
35082944600037
35083602900032
35083756300021
35085366900025
35086054000037
35086647100013
35087521700019
35087783300011
35088937400038
35090711900027
35092115100014
35092728100013
35094719800015
35095783300014
35096033200020
35096517400013
35097187500017
35097203000042
35098657600071
35099447100018
35099861300011
35102566300045
35102901200066
35103102600013
35103571200022
35104672700035
35104928300077
35107923100012
35108415700020
35109219200019
35111402000032
35113146100037
35113400200028
35114101500013
35114262500018
35114588300044
35116275500059
35116963600021
35118614300035
35119240600020
35120435900027
35121310300010
35122950500018
35123503100017
35126198700025
35128279300014
35131025500028
35131392900017
35134292800048
35136557200012
35137640500012
35138959800019
35140993300014
35141461000011
35144208207006
35144208207923
35144875800067
35147691600025
35149883700050
35149928000029
35150918700016
35151013600044
35153152000010
35153545500056
35154168500019
35156121200017
35156887800083
35156964500010
35157288800235
35157288800458
35159223300016
35159552500012
35160904500015
35162393900029
35162643700021
35164638500010
35165018900027
35165210200028
35166224200012
35166792800086
35168730600016
35169617400017
35170871400016
35171325000014
35171353201294
35171620400018
35175148200016
35175536800039
35178180200027
35178426900026
35182116000014
35183201900019
35183597000010
35183740600401
35183740601805
35183740602100
35184003800027
35185727100016
35187426800011
35187668500048
35189405000019
35190618500019
35191565700016
35191693700011
35192088900026
35192193700014
35196529800034
35196684100014
35196866400042
35197059500077
35198475200029
35198708600276
35200614200017
35200860100010
35203273400027
35204159400057
35208020400055
35208248100016
35209904800303
35211909300016
35212009100017
35212579300070
35213117100014
35213122100017
35215641800027
35215914900017
35215930500031
35217175500015
35217369400022
35217391800017
35218013700023
35218092100020
35218188700014
35218940100024
35219519200047
35221687302522
35221900000036
35222624500012
35222726800039
35225613500042
35225732300118
35225766100012
35225812300012
35226129100038
35227931900011
35228309700017
35228544900018
35230222800023
35232202800023
35232356200012
35233059100038
35233216700019
35233989900028
35234421200027
35234928600018
35238279000041
35238398800016
35240198800022
35240764700028
35242453500016
35243966500014
35245322900028
35246605600020
35247096700071
35247590900011
35247660000015
35248035400013
35248166700017
35248334101452
35248785400015
35248993400039
35249254000021
35250351000062
35253730200015
35254069400028
35255495000027
35255529600016
35257919700018
35258650700027
35258769500011
35260738600013
35262013200022
35262350800012
35264550100912
35264709300041
35265752200012
35266294400011
35267020200014
35267451900025
35267534200013
35268227200039
35268415300013
35268732100021
35268835200025
35269468100045
35271294700014
35271781300013
35272058500012
35272217700016
35272543600021
35273296000013
35273707600039
35275193700017
35275212500067
35276635600013
35277409500199
35277493900016
35279310300057
35279525600010
35280451200023
35281150900053
35282196100039
35282732300010
35283183800094
35285182800017
35286063900058
35286063901494
35286063903870
35286123100012
35287081000020
35287369900032
35291023600046
35291404800041
35293575300025
35295097600014
35296212000015
35296793900047
35297537900012
35297990000037
35299303400037
35299340600011
35301415200014
35301537300015
35302681800016
35302981200040
35303166900016
35304909100021
35305122000039
35306137700019
35306581600012
35307239000043
35307417200019
35307876900075
35309364400014
35309571400047
35309873400059
35310692500103
35310910100017
35311309500064
35313252500018
35315553400012
35317043400040
35319802100019
35321648400033
35323102000051
35323487500055
35324523600032
35324750500046
35324810700016
35325229900014
35325292700044
35326969900016
35327456600069
35327667800045
35328408600025
35328552100046
35328606500159
35329108100068
35330030400014
35330143500023
35330644200024
35330798600011
35331382800025
35331677100024
35332925300010
35333685200085
35333875900031
35334638000036
35334723000032
