34482910600014
34483174800019
34484135800015
34485030000015
34485076300014
34485562200090
34485772700095
34487284100012
34487642000052
34487913500046
34492062400048
34492298400028
34492632400015
34495386400024
34496592600019
34496690800032
34497958800011
34499649100017
34501732100026
34502197600013
34503159500019
34503941600333
34503941600424
34504692400022
34505550300014
34505902600020
34508358800300
34508617700358
34508617703824
34508818100010
34509899000038
34511698200025
34513048810966
34513048811782
34513048828794
34513051202218
34513442300028
34514727600041
34514809200025
34514887800027
34515036100029
34517622600016
34517743000021
34518610000037
34519370000019
34520206300011
34521852300024
34522538700033
34522778900020
34522973600052
34523344900023
34524802500040
34525689500037
34526184600025
34528087900049
34529020900013
34530173300019
34530198000024
34530430700027
34532786000028
34533631700010
34535088800045
34536766800091
34537026600024
34537413600058
34538396200015
34539363100063
34540415600746
34738062800037
34741335300017
34741365000024
34741870900056
34743152000019
34743477100049
34744765800100
34744889600022
34747023900018
34748701900015
34749291000018
34749514500042
34753804301194
34754248200018
34754952900019
34755284600011
34756742200030
34757679500012
34758529100029
34758597800013
34759684300016
34761261600016
34761554400017
34761869600038
34763676300018
34765978100012
34766484900028
34768056300025
34768744400013
34768753500018
34769136200011
34770439700012
34771625000019
34776046400029
34776117300033
34779645000034
34780163100024
