34482532800026
34482715900015
34483995600036
34484374300115
34484810600011
34485360100021
34486236200177
34489761600035
34490380200025
34494135600034
34494976300025
34495540600014
34496907600027
34499885100028
34500070700017
34500188700016
34501195100018
34502784100021
34503010000233
34503786500077
34504357400028
34506425700016
34506482800014
34506866200039
34506878700018
34507400900019
34507445400025
34507711900039
34508593000013
34508617702875
34508617703337
34508617703956
34508617705332
34508617706363
34509195300025
34510275000022
34513048810289
34513048811691
34513048814729
34513048817466
34513048820320
34513048822185
34513048823597
34513048824439
34513048824868
34513048825048
34513048829677
34515210200033
34516183000038
34517177100032
34519437700015
34519988900030
34520524900021
34521424100027
34521456300032
34522360600061
34523061900032
34524386900020
34525354600013
34527592900023
34528023400013
34528201600400
34528971400056
34529703000040
34532324000019
34534797500046
34535964000033
34738297000049
34740219000032
34742068900023
34742156200039
34742360000043
34744750000021
34745404300022
34745893700062
34746334100011
34747171600030
34747487600013
34749367800010
34749528500012
34750610700023
34750893900027
34751353300039
34753105500023
34753804300477
34753804300675
34758651300025
34759443400016
34760089200025
34760208800010
34760403500035
34761438000017
34764605100016
34766475700023
34771795100011
34775057200013
34776757600015
34777853200015
34779233500023
34779903300019
34780088000010
34780657200017
34781821300048
34782343700012
34783520900029
34783623100055
34786520600010
34788708500012
34789229100035
34789823100043
34789959300045
34792156100010
34793397000027
34793960500049
34794826700013
34794881200024
34795119600034
34796201100016
34796211000024
34796268000018
34796504800049
34797436200019
34797569000038
34797824900014
34797929600014
34797944500017
34800332800054
34800628900014
34801932400014
34801950600016
34802597400026
34803219400014
34803692200014
34805245700010
34805322400039
34807934400043
34811321800047
34811869600023
34812346400045
34812404100024
34812860400025
34819193300020
34819324400046
34820661600024
34820934700023
34822819800027
34825214900011
34825237000013
34828081900056
34828172600029
34830004700027
34833306300017
34833645400023
34833692600012
34834076100017
34835440800026
34838825700068
34839460200034
34840105000029
34840822000013
34841252900011
34842327800012
34843246900032
34845759900028
34846410800029
34847217600018
34850989400021
34852341600025
34853446200034
34854868600065
34854927000026
34857036700048
34859065400011
34860741700980
34862323200025
34864802300011
34864940100026
34865281900023
34865505100046
34865568900027
34866014300028
34866768400032
34867423500026
34867653700049
34867967100027
34869259100012
34869644400010
34869759000019
34873635600018
34874443400013
34875549700024
34875920000010
34876445700027
34878447100073
34880955900027
34881033400014
34882195000022
34882939100013
34888331500486
34888990800011
34889306600046
34891418500015
34891840000022
34891845900028
34891990300024
34892272500034
34892549600021
34892595900010
34892970400016
34896791000053
34897537600016
34898884100022
34899373400022
34899757800029
34900270900013
34900777300030
34902830800014
34903680600033
34904580700014
34906661300028
34906952600045
34907017700028
34907580400014
34908562100010
34908621500010
34909907700019
34911657400030
34913177100017
34913781000041
34914370100028
34914632400018
34915134000016
34916926800027
34918606400052
34920880100028
34928139400065
34929038700043
34929422300012
34930399000015
34931267800023
34932794000038
34933853300020
34936536100014
34937555000036
34937702800015
34939906300016
34943588300013
34944570000017
34944879500030
34945090800018
34946322400023
34946393500032
34948638100016
34948820500015
34949816200024
34950031400019
34950490200017
34950554500013
34951501500239
34951580900029
34957302200010
34957550600036
34959779900015
34959886200010
34960175700017
34960798600040
34960918000014
34961087300045
34963883300013
34963946800025
34964097900028
34965127300022
34968337500076
34968504000033
34969303600015
34969309300016
34969457000020
34971732200029
34973358400016
34973402000028
34977318400024
34979695300017
34980382500026
34980515000027
34986058500026
34986121100028
34987713400016
34988049200013
34988071600015
34989492300011
34989579700042
34990434200012
34990995200013
34993257400024
34994827300033
34994957800018
34995290300012
34996124300012
34999996100015
35000299400019
35000926200022
35001798400021
35002545800026
35002581300014
35002635700011
35003456700031
35003496300016
35004604100017
35004876500043
35004960700012
