34482101200012
34482106100019
34482375200011
34482515300010
34482943700021
34484047500026
34484737100129
34485443500015
34485672900019
34485709900024
34486218000041
34487410200017
34487785700013
34488351700015
34490309100033
34492383400024
34492717300031
34495161100013
34495993700014
34496251900015
34496444000046
34497143700035
34497341700050
34500602702069
34501146400012
34504316000042
34506692200039
34508617704350
34508617706850
34509809900012
34509881800023
34510457400016
34512326900028
34513048805859
34513048814596
34513048817169
34513048820551
34513048821633
34513048821658
34513048825188
34513048825394
34513048829057
34513048830618
34513553700024
34514082600016
34514221000037
34515954500028
34519139900046
34519888100087
34520861500020
34522038800028
34525269600025
34525982400018
34526063200012
34528117400028
34529652900018
34530186500043
34531339900015
34533341300010
34533428800015
34538442400023
34539160100381
34742099400019
34742156200054
34742431900023
34742440000021
34742725400011
34746270700030
34746978500021
34750131400020
34752977800016
34753140200050
34753191500010
34753804300196
34755952800018
34755997300016
34756438700046
34757764500018
34758624000033
34758957400024
34759860900019
34760954700018
34763257200033
34763433900027
34767213100013
34767504300033
34770027000031
34771274700034
34774628100059
34776459900010
34776716200014
34778456300020
34778468800017
34780698600019
34780742200014
34781220800010
34781980700012
34782470800031
34782919400013
34784759200016
34785326900095
34786102300039
34786202100024
34786715200055
34787424000026
34787940500053
34788387800014
34789145900047
34789206900019
34792965500020
34793128900057
34793179200068
34793312900012
34793504100017
34798291000098
34798426200019
34799226500046
34799359400063
34802344100010
34802645100032
34803944700019
34804434800228
34805816500310
34805966800031
34806475900015
34806601000045
34807303200040
34808599400021
34808984800017
34809682700012
34809689200016
34810712900028
34811966000010
34814723200014
34819239400040
34819693200035
34820771300432
34822246400037
34824496300040
34824596000045
34826963000029
34830207600032
34830273800011
34831574800049
34831822100028
34832912900061
34833434300020
34833515900011
34833825200037
34835203000020
34835429100018
34835860700060
34838177300046
34838711900012
34839453700016
34842778200035
34842802000013
34843935700073
34847119400020
34847233300015
34848476700010
34850256800028
34851843200011
34852746600018
34853882800032
34854846200020
34854972600027
34856059000021
34857225600017
34858285900016
34858478000038
34861712700017
34863066600033
34864032700014
34865567100017
34865795800024
34866909400057
34867313800015
34867416902189
34867491200020
34867644600035
34868565200011
34869154400012
34870285300022
34870816500017
34874154700023
34874384000020
34874823700065
34876747600065
34876943100027
34880104400028
34880987200024
34881823800027
34882370900020
34883268400024
34883530700060
34886086700038
34887170800015
34887263100018
34887533700019
34887756400032
34889232400016
34890632200014
34892317800019
34892433300019
34893283100038
34894231900024
34894246700039
34894986800023
34895038700012
34896026100033
34896341400027
34898959100022
34899922800011
34900657700010
34900888800019
34902695500097
34902722700058
34903038700014
34903169000028
34905476700034
