34482360400071
34483514500014
34485522600033
34485751100028
34485950900012
34486663700038
34487228800016
34489008200029
34490770400037
34492677900051
34495693300016
34495745100018
34496130500010
34496490300019
34497386200016
34498791200021
34498979300031
34499925500047
34500766000011
34501580400015
34501775000018
34503075300015
34505168400107
34505222900027
34505619600016
34506270700012
34507615200023
34508617705449
34508617705522
34508704300021
34511328600016
34512026500011
34512289900015
34512783100054
34512944900046
34513048813119
34513048822656
34513048823662
34513048824215
34513048826848
34513820000034
34515931300039
34518227300028
34518344600029
34518717300017
34518874200026
34520554600012
34521370600020
34523901600024
34524223400085
34524482600060
34524754800018
34525736400033
34527494800032
34527516800028
34528828600031
34529156100032
34529322900018
34531956000123
34531973500014
34532787800020
34533680400025
34536453300082
34536934200018
34537870700029
34538260000020
34540415600548
34540440400039
34540878500029
34712003200029
34740101000017
34740230700172
34740397400012
34740957500029
34743194200015
34745193200011
34745703800037
34746095800031
34746435600059
34749005400033
34749502000039
34749688700089
34751123000034
34751986000055
34752016500015
34752804400022
34753263200077
34753804302184
34755647400018
34756395900019
34757408900012
34762368800012
34763677100029
34765426100010
34765580500021
34767322000013
34768155300033
34769417600038
34769511600033
34771717500017
34771745600011
34772960000010
34774215700014
34774259500049
34774369200043
34775969800017
34778732700068
34780038500028
34780450200024
34781255400017
34782182900012
34783611600025
34785348300050
34786371400023
34786547900047
34786765700046
34787940500012
34788423100056
34788577400070
34788928900018
34789022000028
34790014400010
34791416000010
34791796500035
34792671902775
34792671903112
34793482000023
34793613000017
34793688200039
34793790600027
34793813600053
34794249200013
34796508900084
34797005500096
34797575700035
34798017900019
34798427000012
34799957500025
34801082800013
34805278800018
34806586300014
34807131700013
34807281000024
34807408900056
34807959100049
34808094600026
34808315500054
34809797300021
34809998700052
34812986700019
34816940000036
34820771300192
34821037800017
34821634200033
34821992400027
34822094800668
34823833800019
34825879900033
34826201500012
34826615600028
34826796400032
34827644500031
34828138700012
34828215300025
34828714500018
34829592400016
34830456900034
34833796500134
34835557900023
34836660000016
34836683200015
34837284800013
34838473600024
34839312500011
34840591100036
34840998800014
34841539900016
34841550600925
34841577900019
34844490200046
34845189900044
34846320900018
34847402400026
34848867700017
34849491500054
34849943500017
34849947600011
34850083600013
34853178100014
34853500600020
34853811700014
34854119400034
34854607800034
34857783400016
34858640500030
34859033200055
34860741701152
34861837200042
34864862700019
34865374200018
34866511800017
34866669400040
34867274200031
34867989500063
34868280800020
34870339800027
34871327200014
34871877600035
34872103600047
34872304000013
34872528400015
34872750400014
34873558000022
34874256000017
34874518300049
34877761600023
34878986800109
34881842800065
34882214900012
34882294100012
34884279000019
34885072800042
34885567700038
34886307700015
34888689600052
34892385500012
34892397000019
34893841600016
34893939800015
34894072700012
34894502300011
34894657500035
34894820900021
34895919800014
34896330700031
34897276100012
34898028500012
34898266100046
34898830400021
34899215700019
34899793300018
34902580900014
34904345500030
34905362900052
34905405600016
34905451000053
34906320600016
34908276800020
34910378800015
34913850300017
34914079800019
34914388300016
34917483900028
34917760000021
34918540500025
34918573600221
34922624100033
34922759500064
34923800600010
34924062200010
34924171100010
34924284200012
34925090200013
34925495300038
34926039800012
34927390400020
34929163300023
34932560500054
34934029900016
34934499400034
34936768000015
34938050100016
34940032500032
34941325200017
34945015500016
34945989100017
34946085700015
34946477600013
34946877700017
34948087100020
34948542500012
34949622400016
34949955800071
34951067700017
34951501500304
34951667400018
34955384200023
34960721800048
34961162400017
34961277000017
34962430400037
34962433800027
34964849300030
34964867500016
34965575300011
34968099100024
34968243500020
34971171300033
34971508600014
34972149800039
34973654600046
34974318700016
34975245100022
34975268300061
34976315100017
34977081800038
34977236800016
34977252500136
34977252500201
34977791200040
34977825800013
34978689700026
34980290000028
34981638900036
34981661100017
34981726200026
34982168600012
34984782200021
34985051100057
34985453900013
34985729200073
34986019700012
34987016200170
34987016200352
34990798000016
34992412600064
34992944800018
34993319200024
34993694800018
34993744100039
34994150000010
34994604600050
34994790300044
34996411400046
34996545900028
34997236400021
35004545600042
35006856500034
35007684000015
35007694900055
35008213700018
35010112700081
35013720400037
35013835000177
35013856600020
35014200600013
35017129400027
35017513900046
35017831500023
35017933900014
35018475000015
35018719100019
35021700600013
35022876300024
35022976100035
35023353200018
35023847300010
35024164200015
35024469500010
35024815900021
35025630100010
35026975900022
35027735600027
35028117600023
35029504400019
35030246900027
35030334300023
35031422500011
35032193100015
35032353100011
35032611200017
35037076300020
35041144300012
35041214400023
35041713500018
35042830600012
35043151600029
35045020100032
35045251200063
35046753600016
35046938300011
35047256900010
35047763400017
35048028100038
35049537000032
35051347900013
35051795900036
35051890800016
35053178600019
35054154600023
35057765600019
35057884500017
35059873600014
35060717200094
35060985500035
35061330300014
35061434300019
35062711300052
35063546200012
35064889500026
35066450400015
35066756400040
35067117800019
35068466800022
35068634100032
35068789300015
35069018600019
35070623000017
35072298900059
35072634500035
35073824100016
35074718400017
35075293700010
35076889100011
35077544100024
35078696800015
35079046500016
35081175800019
35081324200020
35082860400016
35086084700010
35086822000012
35087243800022
35087626400028
35088958000030
35090382900017
35090454600024
35090785300021
35091866000027
35092195300021
35094418700011
35094502800016
35095262800070
35096104100018
35097793000014
35101108500013
35101954200023
35101982300068
35102288400016
35102295900024
35102471600042
35103823700019
35104254400038
35105335000010
35108587300021
35109400800015
35110228000010
35111094500018
35113223800020
35113816900021
35114393800055
35115759900017
35116448801954
35117050100016
35118813100020
35119941900018
35120680000028
35121936500027
35123061000021
35126513700015
35127541700043
35128277700017
35130072800059
35131762300020
35132048600019
35132675600027
35137305500042
35137430100049
35137448300128
35139146100016
35141644100019
35141721700012
35142240700012
35142978200011
35144148000032
35144208200506
35144618200013
35145724700036
35146271800021
35146432600021
35147907600066
35151135700052
35151795800010
35152243800040
35153946500028
35154231100029
35154784900015
35157288800383
35158348900056
35159568100013
35160283400027
35160907800024
35161097700016
35162196600024
35162442400021
35166319000012
35167756200073
35169709900023
35170019000017
35170509000063
35171037100029
35171155100025
35171226000022
35171353200924
35171353201427
35171353201773
35171365600020
35172958700029
35173432200016
35174316600016
35174572400481
35177026800016
35177243900078
35178524100016
35179519000047
35179967100042
35180147700032
35180151900072
35180218600111
35180244200027
35183114400016
35183740601094
35184188700034
35186072100031
35187301300012
35188455600017
35189704600014
35190565800016
35192468300045
35192583900067
35193884000029
35194873200018
35198920700029
35199409000030
35199498300010
35200961700015
35201185200022
35202181000051
35203556200037
35204417600027
35205836600035
35206021400017
35207752300038
35208299400034
35212416800019
35213143700027
35213595800051
35214534600016
35215630100025
35215939600014
35216139200019
35216330700015
35217033600056
35217111000039
35217572300027
35217708300024
35219300700353
35219300700924
35219300701005
35219300701898
35219803000020
35220410100039
35221687303207
35221731900016
35221934900052
35223573300040
35223713500012
35224090700043
35224387700029
35225830500015
35226620900043
35226781900030
35226863500013
35227546500016
35227725500019
35227924400128
35229866500055
35230875300016
35230954600013
35231366200012
35232227500020
35233531900021
35233596200556
35234779300015
35234798300012
35236700700015
35236957300014
35237174400017
