34482242400042
34482250700036
34482982500019
34483594700013
34483792700021
34484987200033
34486304800023
34488435800021
34488921700016
34490935300031
34491735600018
34491764600012
34492638100031
34495124900020
34495959800022
34496028100022
34496933200016
34497431600012
34497891100024
34500229900021
34500906200026
34501096100018
34501272800027
34501838600093
34502813800021
34502984700042
34503642000015
34503851700016
34503941600861
34504047100046
34504155200018
34504366500016
34505056100025
34505389600014
34508617705159
34508617705183
34508617706066
34512707000018
34513048805404
34513048818415
34513048822037
34513048825006
34513048828687
34513048828778
34513048829610
34513048830162
34513644400055
34513932300017
34518123400013
34519659600018
34520423400032
34520482000046
34520561100022
34521283100027
34522860500019
34524186300025
34525628300010
34527178700029
34527561400013
34530199800018
34530636900017
34532407300013
34534691000036
34534977300019
34535912900011
34539160100316
34539973700039
34739123700018
34739734100012
34739758000015
34740125900036
34741001100220
34741752900042
34741848500020
34743095100025
34743506700017
34744203000024
34745045400116
34751103200018
34751207100031
34751768200014
34752874700012
34753804300311
34753804301608
34753804302572
34754096500048
34754979200021
34755973400012
34756086400055
34758800600010
34760418300041
34760613900041
34765114300013
34766583800046
34766963200189
34768202300036
34769156000010
34769767400062
34769838300028
34771276200017
34773186100014
34774049000029
34775855900053
34776851700034
34778351600011
34778626100011
34779168300027
34779179000020
34780562400058
34780907100025
34781308100044
34781564900129
34781676100014
