34482479200040
34483557400015
34484038400012
34488495200013
34489387000016
34489761600027
34490016200027
34490019600025
34490581500017
34490583100022
34492209100014
34493297500016
34495132200017
34495687500027
34496185900024
34497236900021
34498938900012
34499001500010
34499847100017
34500647200012
34506583300013
34506897700049
34507263100012
34507611100011
34508617704608
34508617706512
34508617707080
34508617707262
34509988100020
34510439200021
34511699000036
34512329300010
34512431700032
34513048811105
34513048812012
34513048817276
34513048822060
34513048827739
34513048829792
34513048829958
34513048830188
34513048830840
34513363100019
34513480300013
34513606300020
34515521200045
34516346300010
34517047600013
34518543300017
34519063100027
34520794800026
34522123800024
34522691400033
34524429700015
34525815600016
34527491400034
34528394900054
34529146200017
34530495000032
34535607500043
34536358400029
34538224600022
34539393800054
34539731900020
34540153300038
34605002400683
34738350700048
34740968200023
34741503600016
34741811300010
34741845100022
34743778200019
34744853200064
34745596600023
34746920700018
34749506100017
34750701400053
34753804300105
34753804301913
34755525200035
34756401500027
34756919600012
34757097000017
34758607500058
34758876600019
34759369100012
34759983900011
34760136100053
34760736800029
34762089000025
34764715800026
34764868500027
34766161300013
34766963200197
34768360900015
34771118600010
34771134300025
34771728200045
34772871900019
34773277800159
34773515100024
34774409600038
34775640500010
34779073500018
34780659800046
34780999800011
34781127500010
34781460000024
34784955600019
34785116400033
34786310200054
34786567700020
34786577600038
34790259500011
34791033300033
34791596900039
34792671901975
34792748500024
34795005700013
34795581700056
34799153100034
34799619100024
34799620900040
34800048000023
34803401800070
34804072600047
34804464500060
34807674600018
34808241300017
34808366800015
34808479900017
34809065500021
34809079600056
34809113300028
34811254100084
34815562300385
34815765200010
34816935000017
34818235300055
34818268400012
34819570200025
34819917500012
34821585600017
34821660700013
34821884300012
34822753900049
34823683700046
34824243900019
34826550500035
34827014100032
34829989200052
34831831200017
34833054900018
34834923400016
34835833400038
34837228500034
34839629200016
34839742300024
34840605900017
34842647900039
34843006700010
34849053300083
34851031400027
34853892700024
34854430500017
34855473400015
34857011000018
34857481500075
34857834500046
34860777100030
34863784400062
34864993000040
34865649700032
34866255200028
34866441800038
34866992000038
34868061200010
34868445700016
34868496000027
34869247600040
34871534300037
34872525000032
34873487200024
34873577000011
34873685100018
34874191900016
34875141300017
34878768000019
34879228400013
34880362800034
34880857700061
34881087000017
34881359300012
34882305500010
34882557100014
34883906900021
34885387000015
34885498500093
34886738300047
34886900900012
34888331501005
34888495800045
34888601100017
34889047600289
34889185400013
34889769500048
34892255000028
34892261800015
34892432500049
34894388700037
34894505600029
34896022000021
34897525100029
34899155500650
34899512700100
34900923300017
34901138700033
34902346500025
34902916500017
34903668100014
34906770200028
34906976500015
34907637200045
34914336200029
34916656100176
34917615600041
34917888900011
34918584300050
34919411800015
34920092300010
34920145900014
34921204300070
34921530100012
34922234900012
34923592900131
34924039000022
34924699100021
34925710500032
34927771500042
34928148500012
34929438900011
34929682200027
34930449300019
34931243900020
34931778400032
34934282400035
34935027200051
34936007300036
34937706900076
34937865300019
34939076500015
34941204900026
34941741000017
34942323600026
34943994300011
34944114700015
34948490700010
34949424500013
34949682800014
34951705200016
34952200300020
34952850500010
34956477300118
34956556400037
34956876600027
34957359200053
34957732000030
34957998700018
34958361700015
34959205500017
34959614800040
34960306800033
34960850500013
34961138400018
34963367700027
34964000300126
34964853500020
34965512600010
34965821100041
34967717900021
34969996700015
34970288600046
34971128300052
34971634000014
34973135600011
34974520800034
34976153600011
34978658200016
34979376000027
34982956400039
34982957200057
34983226100029
34984474600157
34986959400169
34987449500022
34987649000047
34988644000032
34989207500012
34989310700012
34989538300066
34990341900019
34990934100019
34991305300014
34992341700027
34993796100010
34994078300039
34997465900014
34998742000016
34999154700036
34999299000052
35003797400036
35004506800011
35004830200011
