34482479200164
34482930400049
34483206800045
34485288400016
34486316200048
34487477100019
34487693300039
34489490200040
34493220700022
34494007700029
34495442500015
34495843400021
34498438000016
34500417000030
34502809600013
34503344300010
34504195800025
34504851600016
34504857300058
34506732600016
34507383700063
34508099800031
34508617704715
34511756800054
34512629600010
34513048805776
34513048824421
34513048827135
34513048828190
34513066000169
34513708700010
34515439700029
34516922100024
34517956800059
34518714000016
34518757900015
34518889000023
34520680900013
34520865600040
34520890400010
34522851400021
34523718400022
34524164000035
34525766100016
34529958000067
34531677200028
34533801600057
34535506900013
34535581200024
34535875800018
34536184400011
34537215500019
34540728200044
34678019000010
34738709400043
34740150700012
34741929300019
34742468100018
34743667700046
34743773300020
34744301200013
34744366500026
34747966900124
34751095000038
34751522300027
34751897900013
34753804302432
34755725800014
34755932000010
34756421300028
34756624200025
34758671100058
34760792100017
34761177400022
34761435600017
34761446300011
34763077400011
34764131800014
34767373300049
34768036500025
34769760900043
34770014800013
34770827300011
34772824800019
34774446800021
34775037400055
34775470700037
34776714700015
34777068700015
34777599100016
34778759000012
34779502300022
34779824100035
34780339700046
34782470800023
34782742000071
34783026700097
34783829400036
34784810300045
34786160100073
34787625200011
34789807400021
34790540800030
34790590300048
34791806200014
34792652900053
34792671900704
34793001800010
34794388800011
34797390100015
34797576500038
34797610200025
34799433700025
34799944300018
34801819300014
34802540400081
34802583400022
34803341600028
34803541100035
34804385200022
34805884300031
34807666200017
34809464000011
34814031000023
34814476700012
34814739800013
34814965900016
34815382600014
34816744600015
34817399800017
34817633000028
34818748500019
34819054700011
34819299800022
34819337600020
34820614500016
34820771300234
34821264800011
34822231600039
34823731400060
34823934400016
34824767700019
34825482200029
34825840100010
34829535300018
34831240600047
34831476600059
34832452600014
34833856700038
34834201500016
34834682600038
34834796400044
34835100800019
34836603000024
34839101200013
34839236600020
34839867800014
34840061500012
34840103500061
34841015000091
34844956200027
34846354800068
34848019500067
34848139100020
34850843300011
34852584100014
34853099900047
34857704000028
34859226200011
34860540300016
34860542900045
34864090500017
34865733900019
34866477200012
34867416901249
34867416905117
34873502800071
34873546500018
34873732100029
34874207300045
34874474900022
34874784100016
34875991100012
34876154500014
34876557900035
34878547800010
34879349800026
34880660500013
34881050800013
34881421100044
34882220600010
34882362600026
34882583700027
34882923500020
34884607200034
34885861400038
34886443000023
34887309200095
34888019600061
34888467700280
34890282600026
34891120700010
34891723800027
34892160200028
34892498600014
34892858100027
34893189000050
34895097300019
34897423900017
34897712500023
34898661300019
34898947600018
34899155500742
34899155501997
34900017400012
34900389700015
34900434100088
34901234400017
34901268200036
34901312800054
34903533700014
34904088100022
34905539200071
34906680300025
34907529100303
34910698900024
34911259900023
34911677200014
34912093100044
34913328000017
34913490800012
34914252100039
34914791800016
34918238600053
34918594200019
34919860600023
34919997600011
34920055000011
34920079000039
34922085500010
34922319800012
34923503600010
34923624000033
34924453300015
34926320200021
34926549600043
34926701300010
34929154200026
34929634300024
34930620900017
34930664700018
34930884100031
34931930100017
34933106600010
34933529900013
34933609900032
34934247700024
34934324400027
34934572800019
34935183300018
34936033900015
34937087400019
34939821400024
34940003600043
34940811200010
34941679200019
34942331900012
34943891100027
34944165900027
34945029600018
34945615200025
34946882700036
34947783600028
34950537000040
34951377000074
34953051900017
34955983100012
34957933400013
34958029000014
34959496000024
34963221600025
34965187700012
34967303800056
34967771600020
34968364900017
34970140900030
34970647300072
34974147000018
34980062300010
34981152100013
34981623100014
34983384800014
34984151000010
34987016200030
34987040200022
34987151700034
34988125000022
34988342100043
34989503700050
34989540900010
34989772800037
34994081700050
34994786100028
34995760500042
34995760500166
34995887600428
34996501200058
34997388300052
34997973200014
34998983000055
34999001000036
34999950800014
35000054300016
35000422200047
35001261300013
35001632500036
35002877500012
35002956700020
35003063100013
35003794100035
35005039900038
35005633900012
35008486900014
35009187200027
35010906200025
35011643000025
35012048100022
35012309700031
35012938300013
35014445700024
35017683000072
35017996600022
35018260600011
35018338000012
35018410700034
35018631800027
35019501200058
35023306000028
35024350700034
35024808400039
35025898400078
35027440300020
35029756000012
35030157800018
35034047700024
35034137600084
35037557200012
35037864200309
35037864200374
35037925101140
35038363400010
35040158400015
35041030400041
35044495600030
35045960800021
35047553900010
35048563700085
35049651900017
35051072300017
35051329700019
35052037500014
35052094600012
35054231200029
35055386300225
35059551800027
35061541500048
35062513300029
35062998600679
35063470500015
35064211200014
35064263300027
35064431600019
35065612000010
35066263100018
35067533600019
35069033500061
35069141600019
35069257000046
35070654500018
35071115600017
35071645200015
35073156800019
35074358900029
35076374400017
35077118400016
35077305700012
35077670400016
35079528200036
35079593600011
35080050400028
35080158500042
35080445600019
35084435300028
35084867700018
35085549000040
35085832000012
35086724800030
35089721100032
35090471000018
35090548500016
35090988300018
35091254900044
35091330700012
35091838900015
35092344700048
35094076300021
35094146400041
35095272700021
35097430900022
35097602300019
35097664300014
35097728600052
35097768200011
35097940700102
35099443000014
35099876100018
35100320700047
35101665400011
35101686000022
35101780100017
35102252000024
35102890700019
35103861700061
35105223800117
35105329300038
35105961300049
35106154400026
35108578200016
35112451600029
35113162800015
35113762500023
35114842400044
35115943900055
35116067600026
35116574100015
35117073300015
35117870200020
35118246400021
35119276000046
35119903900014
35121860700023
35121961300020
35122282300020
35122716000014
35123200400025
35131803500018
35132876000019
35133701900019
35134060900020
35135543300019
35135951800013
35136044100056
35136571300038
35137467300017
35137858300048
35138762600010
35139063800010
35139584300029
35139644500055
35139890400067
35140932100012
35143987200018
35144066400016
35144208207980
35144208208095
35144568900034
35145702300023
35145789000033
35145854200021
35145878100025
35146582800033
35146830100012
35147091900017
35147950600021
35148070200031
35148161900036
35149668200011
35149806800029
35150663900175
35151441900057
35151986300044
35154894600026
35154932400017
35155007400048
35155579200222
35157202900012
35157471000031
35157534500019
35158405700019
35158666400010
35159165600027
35159181300016
35160043200014
35161267600053
35163475300013
35166417200035
35168008700019
35169351000015
35169861800011
35170678300039
35172252500042
35173285400010
35174283800011
35174639100025
35175395900011
35176475800014
35176750400019
35179423500017
35179611500035
35179876400327
35180517100060
35180979300026
35182063400043
35183107800024
35183646500028
35183740601052
35185681000012
35185880800014
35187651100020
35187871500017
35188484600020
35188604900011
35188874800016
35188886200015
35189309400026
35189628700015
35189826700015
35192523500050
35193703200016
35194392300034
35194481400026
35195017500049
35197197300018
35199357100014
35200218200017
35201029200030
35201683600442
35204939900020
35206944700071
35207869500041
35208442000046
35208723300040
35208848800015
35209324900014
35209813101223
35210356800031
35210644700035
35213035500055
35213064500018
35213353200015
35213593300013
35214060200033
35214351500026
35214552800050
35215137700038
35215516200014
35216420600042
35218374300025
35219146400010
35219976400015
35220686600027
35221687302712
35222928000040
35223410800020
35226874200017
35228921900045
35229230400016
35229631300021
35235695000019
35235735400054
35237214800036
35237351800013
