34484380000014
34484549000020
34484598700025
34485198500046
34485765100048
34485845100018
34485950900020
34488001800041
34489230200029
34489511500014
34489712900054
34491434600012
34491691100029
34492434500061
34493814700024
34494100000020
34496274100023
34496317800019
34497158500015
34498920700016
34501534100026
34501621600011
34502308900021
34502725400019
34504905000015
34510212300014
34510965600065
34511005000019
34513048810958
34513048825550
34513048825592
34513048825790
34513048826202
34513048826236
34513048830717
34513066000151
34513228600054
34513940600028
34514851400010
34514934800012
34515168200019
34515469400441
34516681300054
34518294300034
34519808900012
34520377200032
34521134600027
34521721000029
34526265300024
34526940100021
34528278400015
34529784000026
34529850900034
34530031300342
34531166600027
34531416500043
34531705100018
34532320800040
34533487400079
34535304900033
34535934300018
34537440900026
34537969700013
34538640300017
34539623800023
34540624300021
34540643300036
34575076400028
34702016600182
34738457000151
34738457001555
34739572500026
34739747300013
34741330400028
34743851700034
34744810200041
34747682200056
34748139200020
34749189600044
34750132200023
34751820100103
34752435700022
34752680800014
34753156800041
34753804300337
34754321700017
34755013900062
34755714200119
34758694300032
34759819500266
34761671600028
34761813400089
34765275200010
34766897200016
34768245200037
34768557000066
34769372300012
34769413500034
34769509000014
34770629300011
34773008700074
34773676100029
34778705300029
34779367100020
34779386100035
34782455900012
34784151200135
34785324400064
34785924100015
34786098300035
34786548700040
34787497600017
34787572600023
34787574200020
34787728400013
34791196800043
34791873200012
34792173600059
34792671900670
34792897000016
34793202200028
34793456400068
34793757500079
34798264700039
34800647900029
34801552000011
34801633800017
34807880900012
34810325000018
34810620400061
34812199700038
34812783800020
34812961000039
34812974300012
34813135000012
34813229100025
34813739900013
34816324700037
34816728900076
34816754500063
34819042200058
34820414000019
34820913100054
34820952900026
34821423000057
34822333000021
34825124000027
34825776700023
34826575200017
34826745100022
34828071000016
34829866200068
34831801500016
34832611700010
34833568800035
34834316100025
34835157800037
34835436600083
34836083500022
34836634500463
34841088700023
34842417700023
34845526200017
34845969400017
34846541000010
34847247300035
34847468500032
34847999900024
34849274500081
34850220400020
34850382200010
34852814200071
34852953800012
34854968400028
34855267000047
34855505300019
34855963400020
34857329600061
34858270100010
34858283400159
34858793200024
34862208500010
34862511200027
34862840500014
34863298500019
34864168900032
34865377500018
34867416905158
34867416906792
34869833300013
34869897800098
34869972900037
34874014300055
34875280900015
34876262600029
34878247500043
34878632800024
34879217700019
34879952900089
34879964400011
34880636500014
34882024200058
34882267700012
34882900300022
34883387200024
34883388000027
34885582600015
34885759000023
34886207900012
34886259000026
34886427300019
34887452000011
34887458700069
34887631900016
34887721800035
34887874500010
34888779500030
34889047600222
34889560800027
34890083800015
34890901100010
34890992000012
34892280800020
34894037000029
34895290400020
34895415700015
34897222500018
34897397500058
34898779300018
34899331200027
34901595800011
34904386900016
34904782900016
34908593600012
34909309600015
34909416900043
34909554700015
34909636200018
34910408300010
34913046800011
34913192000010
34914524300045
34915458300067
34916310500027
34918170100013
34920945200011
34921427000036
34921615000012
34922281000047
34923108400014
34926342600042
34926755900020
34929638400010
34932054900034
34932150500019
34933434200020
34934071100010
34934408500023
34934520700014
34934711200014
34934996900023
34937171600011
34937782000023
34937986700022
34938392700010
34938816500012
34939816400054
34940637100022
34941145400060
34942166900012
34942356600018
34944551000028
34944667400021
34945852100011
34946766200012
34946846200016
34947608500015
34948448500017
34948749600011
34949293400048
34949677800011
34950656800030
34951248300067
34951997500016
34952567500063
34955926000055
34958382300084
34959686600054
34960398500020
34961218400011
34961664900027
34961826400031
34966320300017
34967154500037
34968425800024
34968743400010
34969800100030
34969867000016
34970087200063
34973183600038
34973854200019
34974317900138
34974907700039
34975286500023
34976370600042
34977730000022
34979503900016
34980022700010
34980580400011
34980699200013
34980853500018
34981503500010
34982654500023
34982936600013
34985061000024
34985592400016
34985849800034
34988655600035
34989151500026
34990535600045
34992978600094
34994153400019
34994668100153
34994858800034
34995493300025
34995858700058
34996485800048
34996513700012
34996748900015
34997114300012
34997493101585
34997912000012
34998412000015
34998881600022
34998882400018
35000296000051
35000384400023
35000991600015
35002227300014
35004332900019
35006327700023
