34484403000025
34484815500018
34485164700018
34485505100068
34485844400021
34486494700025
34486584500020
34486634800024
34487285800024
34489498500078
34490381000036
34492698500047
34493848500069
34495584400016
34495831900032
34496242800019
34498579100021
34499938800046
34500224000017
34500484000012
34501014400045
34501858400028
34502523300015
34503465600040
34504396200033
34504623900041
34506613800040
34507427200013
34507693900015
34508617702818
34510532400023
34510938300025
34512775700010
34512944900020
34513048812723
34513048820932
34513048824124
34513048826731
34513048826970
34513048828604
34513479500052
34513608900017
34514505600023
34515232600012
34518369300026
34518648000017
34519618200025
34521916600013
34523219300069
34523364700022
34523747300011
34523854700011
34529914300023
34532911400010
34533093000024
34535509300013
34535903800022
34536232100027
34536314700017
34536946600064
34536992000011
34537175100024
34537547100058
34537718800015
34537873100011
34538729400019
34539160100373
34539564400015
34738457002207
34738457002488
34739401700011
34740821300010
34742028300025
34742454100014
34743773300012
34747240900056
34747378700013
34749688700105
34750999400013
34751465500021
34752336700014
34752479500023
34752814300014
34753003200031
34753056000015
34753268100017
34753475200030
34753658300078
34753804300162
34753804300568
34753804301285
34754646700015
34755523700036
34755899100019
34757960900020
34758068000028
34760886100014
34764476700043
34764586300015
34765460000035
34766295900035
34767023400066
34767685000030
34769239400013
34769706200011
34770219300017
34770761400017
34771260600032
34772162300010
34772857800035
34773326300011
34775146300014
34777390500018
34781846000011
34782194400019
34783570400029
34784412800020
34785130500024
34785877100012
34786381300023
34786959600010
34788808300024
34789451100067
34790917800019
34792220500013
34792671902973
34794947100010
34796065000039
34796808300027
34797205100010
34800606500042
34801303800057
34802794700053
34803168300041
34803439800035
34803615300024
34805155800024
34805591400017
34805649000017
34805888400027
34806431200187
34808610900025
34808671100028
34808790900027
34809085300014
34809188500023
34809229700038
34812539400026
34814179700046
34814867700027
34817943300027
34819428300050
34823287700038
34825789000015
34825879900058
34826270000035
34826599200043
34827233700075
34828195700053
34830410600159
34831684500018
34832088800038
34832436900019
34832531700017
34836370600063
34836634500471
34836747500020
34836955400012
34837096600015
34838373800047
34839313300015
34839603700031
34840754500030
34840968100049
34841227100036
34844265800012
34846053600033
34846054400029
34846302700022
34846855400020
34847129300012
34852293900019
34853592300018
34854241600014
34857648900028
34857983000020
34858336000014
34858450900023
34860113900036
34861277100058
34862107900022
34862432100041
34864352900038
34865779200043
34867416902213
34867416905794
34867416906198
34867659400016
34868208900019
34869026400018
34869868900018
34869945500013
34872005300027
34872905400026
34873626500029
34873871700027
34874332900016
34875308800015
34876475400035
34879679800018
34880210900010
34881513500010
34882080400014
34882932600019
34883306200063
34883914300016
34883991100024
34884312900019
34884884700011
34887762200012
34888172300020
34893638600633
34894910800016
34895379500021
34895519600046
34895786100019
34897351200026
34897380100098
34899155501815
34901550300023
34901636000035
34902027100012
34905520200015
34907555600028
34907748700024
34907826100014
34908447500038
34910266500016
34910295400014
34911916400011
34912473500045
34912771200025
34917371600052
34918515700022
34919472000026
34919921600137
34922092100010
34923132400014
34924204000021
34926115600054
34928076800020
34928738300021
34935174200011
34935656800015
34936168300015
34936823300020
34937132800015
34938053500014
34940482200026
34940600900028
34940941700020
34941400300021
34942156000047
34942802900020
34942875500152
34942875500269
34944800100017
34945337300012
34948133300012
34951489300024
34951501500270
34951523900011
34951650000015
34951703700017
34952090800063
34952489200016
34953736500042
34954690300031
34954941000026
34959147900010
34960262300010
34960472800015
34960949500032
34960991700035
34961332300014
34961656500017
34961708400091
34965042400048
34965821100058
34965827800032
34965855900019
34966602400014
34967069500015
34967725200034
34968718600024
34968889500011
34969792000016
34970082300017
34973332900016
34973687600062
34977110500013
34978895000021
34979488300018
34980607500017
34980618200011
34983739300074
34989983100011
34990675000014
34991088500012
34994013000033
34994221900016
34995269700010
34995769600041
34997482400022
34997670400032
34999987000018
35001198700012
35004463200015
35004487100035
35004702300055
35004735300015
35006820100457
35007014000016
35007875400024
35008323400012
35009867900011
35010529200014
35010691000010
35010892400027
35011061500027
35011070600016
35016331700018
35016878700017
35016994200025
35017613700056
35020858300046
35021024100047
35022651000021
35023261700018
35023480300020
35026370300026
35027868500010
35028506000025
35029575400039
35030710400017
35032004000032
35032065100010
35032288900014
35032617900032
35034763900014
35035222500030
35035401500017
35037864200424
35038859100025
35040506400022
35040574200015
35042007100028
35043697800034
35044129100019
35044316400024
35044495600055
35045842800140
35046199200017
35047054800016
35047182700013
35050083100010
35051205900022
35053249500016
35054735200012
35055310300036
35057962900014
35058466000012
35058565900013
35060405400014
35060577000022
35061560500036
35062998600927
35064774900026
35067525200042
35068719000032
35072090000017
35072650100017
35072830900013
35073138600016
35076489000017
35078114200012
35078290000012
35078389000022
35079068900029
35080912500015
35084017900021
35086072200015
35086270200015
35086779200011
35087305500023
35087772600017
35088169400029
35088899600054
35092128400013
35092757000050
35093411300027
35094775000039
35095933400011
35096459900087
35096629700011
35096838400031
35096989500019
35098178300011
35098753300022
35099928000026
35099960300037
35101754600042
35103188500012
35103419400016
35103831000014
35104405200014
35104611500017
35105526400011
35108855400016
35109482600028
35109489100014
35109953600010
35110710700010
35111082000013
35111652000021
35112867300016
35112982000046
35115885200050
35117092300020
35118124300038
35118464300010
35118479100033
