34482064200108
34484797500036
34485571300022
34485586100011
34486236200128
34491344700035
34491738000026
34493171200022
34494355000022
34494899700012
34495433400019
34495502600028
34495769100019
34499287000016
34500409700043
34501595200020
34502935900022
34504191700245
34504362400013
34504973800023
34505547900058
34508617702982
34510215600055
34512034900039
34513048814612
34513048815643
34513048821369
34513048822979
34513048823050
34513048823746
34513048827275
34513048827721
34513066000185
34514162600027
34514981900012
34515469400227
34518797500106
34519611700104
34519622400041
34520111500010
34520296400010
34520587600013
34521058700068
34524799300032
34525889100026
34526389100011
34526974000022
34529710500024
34530661700043
34531967700026
34533858600026
34535194400011
34535957400042
34536250300020
34538736900050
34540203600015
34540843900015
34637088500037
34717287600026
34738960300015
34740170500012
34740658900015
34740746200105
34740768600018
34741099500034
34741548100014
34743794900022
34746040400010
34748026100010
34748033700018
34750126400027
34751280800010
34752350800013
34753009900048
34753804302044
34753804302747
34753804303265
34755016200015
34755061800024
34759561300014
34759866600019
34762089000017
34762837200026
34763667200011
34765264600014
34765290100013
34765579700012
34765648000014
34765768600056
34766169600059
34768693300016
34769383000023
34769505800011
34769676700016
34771139200022
34771202800054
34772112800010
34772391800012
34773297600019
34774851900068
34776615600017
34776620600010
34777628800024
34781268700015
34781388300019
34781484000018
34782722200022
34783007700033
34783091100082
34784749300017
34785673400038
34786181700059
34787281400038
34788085800027
34790442700023
34792028200014
34792496100027
34798048400021
34798217500031
34798605100014
34798884200022
34800816000031
34800999400016
34801015800023
34801464800011
34802604800028
34803232700036
34803382000021
34804507100019
34804605300032
34809014300010
34811934800038
34812404100032
34814256300041
34814591300011
34815239800015
34815562300237
34817198400019
34818066200010
34820771300051
34821065900028
34822094800866
34822680400014
34823425300048
34823771000010
34824380900012
34826421900018
34829896900018
34831129100010
34833178600015
34834422700015
34834650300033
34835051300019
34835758300015
34839870200020
34841496200020
34843934000012
34845368900013
34845705200044
34846728300019
34847112900067
34847195400027
34847480000029
34848831300035
34849173900010
34849974000093
34850633800014
34850756700025
34851302900028
34852069300030
34852264000013
34852488500012
34853945300012
34854116000027
34854453700023
34854678900010
34855154000019
34855236500028
34855677000025
34858360000021
34858559700035
34858635500011
34858844300021
34858881500020
34860273100013
34861097300029
34861128600025
34863341300045
34864028500022
34866203200013
34867416900290
34867416902940
34867416904417
34867416904847
34867416905281
34867927500043
34868945600021
34870302600016
34870429700020
34872655500033
34873753700038
34874902900016
34875387200012
34876884700041
34879032000314
34879729100039
34880800700168
34881268600023
34881519200011
34883227000022
34883247800021
34883313800038
34885601400017
34887429800014
34887780400057
34888690400021
34890770000028
34891296500145
34892511600074
34892526400023
34892766600019
34894323400156
34894725000018
34896293700010
34896893400011
34897080700015
34899155501880
34899976400023
34905577200017
34905884200023
