34482692000011
34483959200013
34486236200078
34487737800010
34489290600019
34489699800061
34490138400018
34491945100049
34492183800019
34493090400018
34495489600025
34495979600014
34496484600010
34497093400016
34500602701681
34500962500020
34501908700021
34502539900022
34503331000029
34503781600021
34505921600035
34508255600019
34508617702362
34508617705860
34508617707627
34509113600019
34510368300057
34510790800039
34510852600012
34511331000022
34513048811931
34513048816476
34513048821039
34513048824652
34513048826616
34513048826921
34513048829297
34513783000013
34514115400012
34515508900062
34515889300015
34518128300036
34518243000032
34521349000021
34522500700011
34522602100029
34523449600015
34525629100013
34529815200033
34530384600025
34530550200022
34530688001003
34533728100017
34534737100048
34535022700053
34535978000011
34536043200016
34538323600030
34539735000017
34540288700011
34739138500015
34739731700020
34740230700123
34740230700313
34741234800026
34741439300012
34746667400012
34747267200018
34751298000017
34752043900014
34752371400017
34754557600014
34754569100037
34754867900021
34755194700059
34755399200095
34755884300020
34756402300013
34756776000017
34757155600021
34758089600061
34758117500044
34758223100655
34758225600033
34760271600180
34760326800017
34760395300014
34764001300012
34764719000029
34764776000029
34765226500021
34766913700056
34767129900027
34767706400037
34769274100056
34771440400014
34772809900016
34773810600025
34776615600025
34777245100048
34777312900015
34777471300072
34778089200035
34778561000028
34778808500038
34779231900019
34781038400110
