34481984200024
34482244000048
34483446000018
34483929500039
34483940200064
34485532500017
34486360000047
34486971400057
34487882200040
34487998600042
34488874800011
34491017900011
34493902000022
34495246000048
34495998600029
34496071100044
34496945600054
34497233600038
34497386200024
34497670900016
34497959600055
34498766400051
34499053600031
34499718400017
34502548000020
34504912600021
34505905900047
34506321800076
34507315900021
34507549300030
34507741600021
34508617700820
34508617705563
34508617707908
34509320700024
34511270000058
34513048800561
34513048806196
34513048808911
34513048809653
34513048826012
34513051201962
34513066000219
34513404300032
34525355300019
34526512800024
34528201600434
34529645300029
34531180700035
34531237500024
34533086400025
34533207600016
34533763800018
34535190200050
34536143000019
34536288300018
34537373200014
34539391200018
34540317400047
34540415600787
34540590600016
34738457000730
34738762300023
34739584000080
34741521800010
34742677700038
34743694100061
34743716200014
34745102300019
34745466200045
34746210300032
34747751500030
34747996600041
34752893700027
34753024800025
34754188000014
34754393600061
34755416400017
34756740600025
34757485700046
34758252000016
34759073900053
34762243300071
34762524600025
34763155800017
34767215600036
34767621500010
34768964800025
34770110400015
34771641700071
34772077300121
34774827900036
34776317900012
34776479700036
34776534900019
34777234500018
34777983700017
34778070200044
34778603000010
34781113500016
34783013500013
34783638900085
34783763500015
34785117200044
34786983600036
34787726800040
34792280900038
34792657800100
34792671901470
34794245000011
34798636600040
34800359100032
34801159400010
34802292200010
34804969300032
34805175600016
34806043500016
34807613400025
34808150600027
34809559700020
34810057900013
34810182500019
34811010700037
34811332500057
34811659100028
34812556800074
34813380200010
34813533600033
34816600000029
34817438400019
34818068800015
34818348400016
34818969700017
34821290300028
34822172200047
34824735400015
34825037400033
34827509000028
34830152400016
34830178900023
34830313200016
34831540900014
34831657100051
34832483100042
34832607500036
34833025900022
34833941700019
34834518200011
34834868100019
34835370700014
34839763900017
34839815700027
34841618100124
34841939100019
34844379700041
34845236800023
34847317400038
34847935300016
34848522800012
34849088900014
34849278600010
34849609200027
34849949200018
34850231100015
34850709600074
34853383700012
34853632700029
34856101000011
34857392400019
34860397800035
34861614500044
34863169800027
34864636500042
34865327000044
34865740400029
34867416900068
34867416900605
34867416903484
34867897000024
34868281600015
34869449800026
34872643100011
34873321300022
34873746100023
34874211500028
34874318800032
34875387200020
34875639600019
34876319400019
34876532200014
34876761700031
34877091800061
34879032000108
34879644200021
34882364200015
34883384900022
34883735200015
34886225100017
34887045200037
34887258100023
34887464500099
34889895800023
34889929500375
34890702300025
34891834300164
34892184200038
34899018500012
34901497700012
34902331700010
34902855500028
34903145000043
34904028700022
34905436100028
34906261200016
34906507800017
34906934400027
34907786700043
34908464000011
34909367400019
34909718800024
34911066800010
34916624900053
34917041500013
34917633900019
34918549600024
34918573600395
34920177200010
34921142500013
34924189300016
34924900300055
34924920100048
34925055500068
34925133000040
34929144300019
34929855400024
34931468200023
34932043200033
34932196800027
34932607400029
34932943300016
34936753200018
34937234200015
34937379500021
34937741600038
34938163200026
34938396800022
34939037700035
34940504300036
34941412800018
34942365700015
34943032200041
34944503100074
34945902400023
34946324000029
34946619300019
34946955100023
34949259500013
34949617401334
34949869100022
34950279900019
34950857200055
34951942100011
34956100100026
34958675000011
34959678300036
34962050000018
34962388400054
34963378400039
34964798200033
34964811300018
34965715500033
34966833500046
34968260900095
34968675800039
34969371300068
34969601300011
34970919600050
34973382400016
34976285600129
34977915700016
34980268600023
34980736200018
34981391500015
34981865800016
34982859000019
34985237600012
34985321800015
34985334100031
34986033800038
34986601200017
34987067500023
34988106000041
34989842900015
34992679000032
34994112000025
34994217700032
34997493101460
34998261100072
34998404700036
35001317300017
35001586300011
35002498000038
35005058900588
35005422700045
35005445800038
35006385500026
35006422600201
35007301100032
35008164200018
35008910800038
35008970200053
35010823900046
35011646300018
35012309700023
35013063900015
35016882900033
35017367000042
35019794300037
35023481100015
35024384600044
35025723400038
35026079000067
35026748000019
35026958500096
35028159800028
35029475700025
35029502800012
35032878700048
35033123700015
35035115100013
35035231600011
35036058200018
35036139000023
35036521900020
35037799000014
35039378100017
35041097300019
35044187900011
35046110900026
35046872400025
35047157900051
35047977000017
35051036800052
35051087100022
35052081300022
35052817000029
35054265000030
35054482100019
35056911700012
35057429900011
35059278800037
35059298600052
35059467700063
35059655700016
35059979100026
35059990800018
35060986300047
35062998600778
35063481200035
35064209600019
35064884600037
35067000600021
35068142500079
35071123000010
35071676700024
35073178200016
35073934800018
35074231800024
35076321500018
35077449300034
35077658900011
35077753800017
35079056400016
35080539600784
35080927300013
35082268000012
35082796000013
35084065800016
35084521000029
35085881700017
35086012800015
35086100100013
35087020000085
35088529900015
35089983700057
35090148400039
35092431200035
35092833900042
35094513500035
35094621600016
35094774300083
35097139600014
35097491100025
35098128800011
35098191600017
35098652700017
35098694900161
35099413300014
35100225800132
35101253900018
35101264600011
35102131600051
35102656200014
35103682700035
35103835100018
35104471400035
35104500000012
35104612300029
35104919200021
35106668300027
35107533800019
35107585800016
35108542800040
35109972600017
35110105000026
35110413800042
35112684200019
35114542000029
35115013100016
