34484499800205
34485103500016
34485326200014
34485645500011
34486058000044
34486774200027
34489922400036
34491220900014
34491959200016
34492343800032
34492580500022
34493993900015
34494973000024
34495276700012
34497957000027
34498612000071
34499061900068
34500870000014
34501913700016
34504375600013
34505375500012
34506237600016
34507871100016
34508617704129
34509837000025
34509923800023
34513048802401
34513048802757
34513048802765
34513048811089
34513048817458
34513048824751
34513048825204
34513048828448
34513876200017
34516948600031
34519514300010
34519658800023
34522987600056
34524640900030
34526755300013
34527653900037
34529106600032
34529849100019
34529957200023
34530022200055
34530893600052
34531195500032
34536331100084
34537366600022
34537502600027
34538394700016
34539063700022
34539340900056
34540783700060
34540816500032
34738457001951
34738594000015
34738808400027
34739227600023
34740230700222
34743927500012
34744544700027
34744933200035
34746044600011
34746118800125
34747411600022
34747544400019
34747716800020
34748208500029
34748948600022
34749676200035
34750156100026
34750270000037
34753140200027
34753804300469
34753804303141
34753804303240
34754952900027
34755568200033
34757941900032
34759176000058
34759906000022
34760844000017
34767419400027
34767556300014
34769149500019
34769310300017
34769566000022
34769834200057
34770242500021
34771859500049
34772117700033
34773255400014
34774281900035
34775769200038
34777551200010
34778893700030
34779698900015
34781755300048
34782181100044
34782237100097
34785500900010
34787008100010
34790440100010
34791563900012
34792362500045
34793318600053
34794639400033
34795588200019
34795680700015
34796164100037
34796420700034
34797164000011
34798971700017
34799326300024
34801176800010
34801243600021
34802168400033
34803491900012
34804417300071
34806684600018
34808485600031
34808793300027
34809070500032
34809329500015
34811283000024
34811445500044
34812472800042
34813471900015
34813660700010
34813716700048
34813984100046
34814278700020
34817410300013
34818297300027
34820183100024
34820623600062
34823182000021
34823777700027
34824151400010
34824152200013
34824713100025
34827223800067
34827480400015
34828240100028
34830023700032
34830661400010
34831573000047
34833095200022
34834728700032
34836305200054
34836395300020
34837369700047
34839455200031
34839463600016
34841752800018
34846355500014
34849234900017
34849291900025
34850878900016
34851199900040
34851398700027
34851542000019
34852688000086
34853758000022
34854046900031
34854052700036
34854657300067
34855961800023
34856932800019
34859678400028
34860576700055
34861656600017
34863564000025
34864592000011
34865043300017
34865390800015
34866756900019
34867402900023
34867416903732
34867416905927
34867897000065
34868662700012
34868666800024
34870462800026
34870568200048
34871022900025
34871845300015
34873289200016
34875959800017
34875988700022
34877340900035
34879002300074
34880480800015
34880692800043
34882464000026
34883875600016
34884265900016
34885103100016
34885769900014
34886482800010
34888502100017
34890902900038
34891903600015
34891982000012
34897172200015
34898266100012
34899155501336
34899155501351
34900588400011
34900611400053
34901321900028
34901980200025
34902845600011
34905001300011
34905229000013
34905285200069
34905293600011
34906359400023
34906579700012
34907540800022
34908357600042
34912631800014
34914760300022
34915341100039
34915465800034
34917211400010
34917688300024
34920904900023
34921522800058
34922124200028
34922146500025
34922456800031
34923247000014
34925804600011
34927142900244
34927145200048
34927642800019
34928400000024
34930359400015
34930748800016
34931097900019
34931411200013
34932082000013
34932648800021
34935842400019
34936603900031
34937624400027
34939684600017
34940247900027
34941170200021
34941561200010
34942531400011
34942573600015
34944657500012
34944780500020
34945613700018
34946267100018
34946434700013
34946708400027
34948681100012
34949884000033
34951106300019
34952211000015
34954796800017
34955434500026
34957050700021
34957392300019
34959313700020
34960102100018
34960271400033
34960626900034
34963408900016
34964760200060
34965438400024
34965524100033
34965524100082
34967910000025
34968243500012
34972850100066
34973344400013
34974046400038
34976413400012
34976681600012
34977785400036
34982925900028
34986122900038
34988617600016
34989352900058
34989638100028
34989732200013
34990064700042
34991974600017
34992596600013
34993396000016
34993745800025
34994779600018
34998001100010
34998957400018
34999906000040
35000094900015
35005890500034
