34484244800039
34484348700010
34485235500017
34492963300016
34495152000016
34498070100074
34498939700031
34501847700025
34501930100018
34502109100045
34503952300021
34504562900010
34505594100099
34507453800025
34507481900060
34508389300031
34508530200064
34508617705795
34508937900019
34510587800069
34510876500016
34512155200011
34512362400016
34513048800132
34513048813168
34513048813531
34513048824223
34513048829545
34513191600024
34513373000019
34513616200012
34513652700032
34513784800015
34514564300010
34517310800043
34517476700029
34517909700018
34519829500015
34521493600014
34521917400017
34522864700037
34523310000014
34524526000038
34524526000103
34526492300029
34526617500024
34526631600032
34527199300015
34527567100070
34528201600418
34528900300013
34529199100015
34529707100044
34529961400056
34530366300024
34530515500045
34530688000914
34531542800036
34532548400011
34532828000028
34535339500014
34535761000038
34537537200017
34537589300038
34538645200022
34538657700018
34538990200023
34539254200014
34738211100016
34738457002033
34738688000020
34738831600015
34742372500030
34742789000020
34743013400010
34743713900038
34745604800029
34746946200019
34746950400018
34749706700012
34751924100124
34753110500018
34753261600039
34753804301467
34754209400011
34754966900021
34755768800038
34756119300017
34756415500047
34756611900017
34756614300017
34759284200038
34760206200015
34760230200015
34760967900027
34761268100010
34761618700014
34761647600086
34762158300017
34766002900054
34767485500015
34767508400011
34769552000036
34772742200011
34775693400068
34776782400027
34776944000012
34778638600073
34778671700012
34779719300021
34780896600035
