34483393400047
34483736400019
34484489900031
34486024200017
34486053100054
34487059700012
34487205600066
34487480500049
34487761800019
34489540400053
34493217300018
34494342800047
34496254300015
34496556100022
34497407600012
34497580000055
34500602702002
34504946400026
34506485100016
34507441300054
34508617706108
34509404900029
34509725700025
34510195000011
34511350000044
34511415100037
34513048802823
34513048806824
34513048812038
34513048813127
34513048818746
34513048821443
34513048826673
34513048827200
34513048828711
34513048829388
34513048830055
34513048830824
34518144000040
34518399000018
34518639900019
34522055200045
34522934800056
34524189700015
34524393500011
34524661500057
34525734900042
34526384200014
34526561500012
34526660500020
34527024300032
34527676000013
34528843500018
34529600800013
34529846700027
34530151900020
34530666600065
34530753200035
34532941100010
34535384100025
34536488900021
34536708000016
34539267400015
34605002400402
34739085800038
34739557600015
34740722300093
34743052200032
34743197500015
34746311900011
34746766400012
34748713400038
34750455700021
34750808700025
34751603100023
34753942100037
34757923700053
34759778300054
34760104900013
34761815900029
34762007200020
34762054400010
34762608700022
34763848800010
34765544100017
34766641400011
34767015000171
34767925000055
34768663600049
34772158100010
34772174800023
34775626400029
34775749400013
34776499500010
34777046300011
34777187500015
34777293100023
34778274000026
34778483701893
34778893700048
34780794300035
34781126700017
34781420400017
34781927800032
34784554700046
34785089300020
34785299800017
34785731000036
34786007400025
34786809300043
34787981900048
34788046000030
34788765500053
34789208500023
34789848800023
34789928800034
34791219800038
34793755900016
34793757500061
34795041200010
34796109600018
34796301900026
34796478500039
34796749900034
34797337200019
34797812400076
34798366000064
34798552500018
34798798400015
34799433700124
34799698500011
34800841800017
34801849000014
34801939900016
34805172300040
34805622700070
34805735700017
34806046800025
34806113600035
34806246400022
34806580600013
34808929300040
34808951700034
34809734600038
34810966100028
34812799400062
34812884400050
34815536700025
34816297500026
34816866700312
34817725400060
34820771300408
34822744800019
34824479900022
34824619000014
34826187600018
34826837600061
34829680700020
34830032800021
34831777700020
34832760200010
34836807700023
34837145100025
34838002300021
34838729100019
34839801700015
34841550600768
34841550601014
34841550601964
34843215400014
34846750700029
34848874300017
34848931100020
34850259200028
34851241900055
34852336600014
34854417200029
34857999600037
34858168700012
34858369100012
34859140500041
34860744100055
34861886900013
34863727300015
34864412100025
34866617300011
34867416901488
34867416904078
34868638700013
34869273200012
34871288600012
34873058100033
34874020000053
34874351900012
34874757700057
34875258500011
34877662600056
34877947100021
34878696300010
34879020500010
34879032000082
34879229200032
34880195200014
34882368300019
34882719700016
34882724700019
34883752700012
34885414200018
34886679900060
34889202700023
34889919600011
34890164600052
34890766800043
34891446600043
34893811900016
34894191500046
34894784700029
34895103900026
34895566700012
34896541900057
34896574000031
34898781900060
34899194400052
34899293400011
34901916600041
34904408100066
