34482001400019
34482133500017
34482566600011
34482758900021
34483479100032
34483994900015
34484189500024
34484836100046
34486025900011
34486586000029
34486606600022
34487338500027
34488616300049
34489761600019
34490263000054
34490449500019
34491099700040
34491318100014
34491680400026
34492677900069
34495425000066
34496134700020
34499037900044
34499319100016
34500191100030
34500602700865
34501705700034
34503013400018
34505171800020
34508617703683
34508617704012
34508617707825
34511264300027
34512347500062
34513048807996
34513048816195
34513048823316
34513048823977
34513048828380
34513048829990
34513513100190
34514329100036
34515333200076
34515434800022
34517653100019
34517755400028
34518074900037
34518131700016
34518477400015
34520376400013
34520975300010
34521434000035
34522008100011
34523453800014
34524075800036
34526432900011
34527871700011
34527921000024
34529029000021
34529101700050
34529393000011
34529768300020
34529852500030
34530688000443
34530893600029
34531176500027
34532073300032
34532698700020
34533481700029
34535751100020
34536207300024
34537570300039
34537990300023
34539340900072
34738279800044
34738568400035
34747033800034
34750346800030
34750890500028
34751058800028
34751412700021
34751565200035
34751785600014
34753312700028
34753614600025
34753804300287
34753804302036
34754035300062
34754751500036
34755804100013
34756928700027
34757876700043
34757886600043
34757889000019
34758223100648
34760238500028
34760477900012
34761771400014
34762938800021
34763883500012
34765079800015
34765664700083
34767221400025
34767947400036
34770649100078
34770661600013
34773399000043
34775023400010
34776707100017
34777510800041
34777526400034
34777874800017
34781586200011
34781971600031
34782134000069
34782834500079
34783530800037
34784001900017
34784268400024
34785468900044
34785619700012
34785932400019
34786442300012
34788333200020
34788720000082
34789782900011
34792509100014
