34482667200018
34483522800018
34485405400022
34485472400012
34485564800020
34487046400023
34487441700019
34487449000016
34487775800070
34487977000016
34488356600012
34488363200020
34490215000012
34490861100025
34491306600074
34495766700027
34498436400069
34498668200062
34499683000016
34500065700014
34501642200015
34501826100031
34502178600016
34502908600039
34503017500037
34503426800036
34504242800044
34504648600022
34506771400039
34506970200016
34508354700033
34508358800060
34508887600015
34509888300027
34510719700013
34512088500016
34513048800629
34513048814240
34513048817268
34513048820825
34513048822771
34513048825253
34513051203125
34514717700017
34514789600012
34514969400019
34516524500043
34516890000016
34521507300023
34521844000013
34525018700019
34525178900045
34526313100038
34526607600024
34526898100015
34527311400032
34527321300016
34528389900010
34529576000010
34531237500040
34531694700026
34532468500055
34534215800010
34534923700056
34538401000038
34541003900043
34738457000060
34738457002595
34740006100011
34742991200012
34743391400012
34743585100022
34746164200014
34747970100018
34748923900017
34749215900012
34751353300062
34751935700037
34752140300019
34752282300025
34753804302192
34753874600012
34754349800013
34757007900025
34757795900039
34759832800024
34761131100015
34763101200015
34766337900027
34767758500015
34767883100020
34768979600022
34769271700015
34769488700022
34769610600025
34769647800036
34771124400041
34775788200027
34776037300014
34777000000037
34779764900014
34781435200063
34781576300011
34782581200014
34783173700031
34783546400012
34784062100036
34786459700013
34788412400038
34790453400018
34790909500056
34793404400020
34793518100011
34795029700015
34795029700023
34798325600061
34799226500053
34800673500024
34802316900017
34805037800028
34805346300066
34805732400017
34806073200016
34806644000077
34807018600013
34807066500016
34807653000016
34810658400017
34810692300033
34810761600073
34811083400028
34811164200016
34812455300044
34812476900012
34813647400015
34814833900016
34815052500015
34815116800062
34816237100028
34816255300021
34816457500014
34816938400024
34818889700030
34820478500052
34821858700023
34823877500020
34825311300065
34826198300020
34826369000011
34826921800031
34829365500034
34830410600175
34832589500038
34833973000015
34837234300049
34837857100056
34838998200029
34842203100024
34847248100012
34849343800017
34849680300019
34852107100012
34852271500013
34852989200013
34853506300021
34857374200023
34860110500011
34860702900025
34860741701160
34863595400038
34866237000025
34867416901744
34867416902999
34867463100018
34870124400025
34871439500038
34872489900029
34872752000036
34873105000152
34874102600028
34877026400037
34878765600043
34881824600012
34883537200056
34884518100018
34884595900058
34885565100033
34886003200021
34887826500019
34888465100046
34891728700040
34892747600047
34893081900019
34893706100029
34894025500204
34895390200015
34895702800015
34896740700027
34900189100010
34901591700017
34902990000033
34904480000036
34905459300026
34906510200015
34907332000013
34908257800015
34908405300033
34911594900035
34913042700025
34913734900057
34913789300021
34914485700027
34915207400010
34915613300010
34915721400017
34916454100014
34916860900064
34917608100017
34919828300013
34920749800040
34920984100015
34921540000038
34922224000021
34925597600012
34925601600024
34926798900011
34928292100031
34930112700016
34932620700025
34934529800039
34937149200019
34937771300038
34937941200035
34938016200041
34938182200015
34938637500019
34938699500022
34939058300012
34939414800010
34940218000013
34940860900031
34942276600015
34943074400012
34943745900010
34945538600012
34948428700041
34948685200016
34949848500037
34950907500025
34951379600012
34951861300030
34953990800054
34954358700035
34955419600015
34955720700017
34955858500031
34956184500026
34956223100044
34956243900019
34956960800087
34957325300011
34958507500014
34960420700010
34962286000014
34962451000013
34962601000053
34964186000037
34965103400010
34965636300018
34966236100014
34967464800036
34969054500018
34969256600012
34970232400014
34971221600010
34972464100064
34974196700013
34975515700022
34977669000019
34982666900013
34982905100011
34983013300030
34986004900023
34986461100026
34987016200238
34987821500012
34988749700015
34989987200023
34990838400028
34991971200043
34991983700014
34992459700017
34992816800013
34993686400017
34993744100013
34996905500012
34998236300138
34999753600017
34999836900046
35001969100038
35003607500017
35004626400023
35005014200016
35005697400065
35005722000039
35006126300017
35006498600010
35007524800020
35007608900035
35007656800012
35007777200035
35009209400019
35011126600010
35012134900020
35012519100014
35014189100019
35014207100090
35014862300019
35014908400013
35015474600027
35015487800010
35016591600015
35017699600022
35020540700017
35020580300017
35022717900016
35023073600018
35023678200016
35024488500041
35024634400013
35026041000013
35026052700014
35027279500039
35027490800028
35027605100082
35028012900015
35028305700288
35028318000023
35028425300019
35029964000036
35030888800055
35032672400019
35034463600054
35034994000048
35035885900055
35036503700018
35036546600027
35036864300051
35037183700013
35037311400056
35037697600014
35037864200226
35037956600028
35042866000012
35043086400024
35046154700019
35048726000027
35048783100041
35048957100033
35050800800041
35052032600017
35052710700030
35052798200036
35053318800016
35053679300036
35053930000011
35054841800028
35056292200038
35056711100017
35056847300069
35057808400054
35060312200010
35060537400015
35060548100034
35063107300086
35063375600050
35063813600027
35063971200024
35069552400016
35070316100017
35071288100019
35072415900016
35073345700013
35073465300016
35075121000062
35075198800022
35076574900055
35076730700019
35077194500044
35078504400024
35079161202380
35080539600719
35081560100017
35083753000020
35084770300013
35085042600015
35086704000015
35089076000068
35089791400023
35090210200424
35091500500010
35091639100179
35093963300011
35095144800074
35095656100020
35096568700055
35097566000019
35098425800029
35098984400047
35099196400015
35099270700082
35100373600037
35100615000020
35101999700011
35102397300024
35102441900019
35102820400045
35102946700013
35104873100043
35107629400021
35108351400031
35108623600012
35108813300019
35113818500027
35116448801608
35116448801962
35116448802671
35117144200012
35118259700010
35118544200024
35118908900029
35119427900011
35119553200012
35119811400016
35120421900015
35121937300013
35122868900037
35123603900019
35124715000060
35125030300051
35125604500011
35126064100011
35126194600021
35127406300012
35128798200026
35130012400010
35130638600050
35130977800055
35132705100089
35134636600047
35135620900012
35136482300010
35137221400020
35137907800022
35137941700048
35141316600015
35141379400048
35142159900017
35142560800012
35143815500035
35144038300013
35144062300012
35144129000019
35144208201546
35144208206230
35144208207741
35146321100042
35146681800033
35147215400019
35149728400015
35150158000010
35150814800043
35154080200011
35155136100014
35155288000012
35156202000021
35156456200012
35157516200026
35160937500016
35161795600013
35162238600016
35162979500011
35163940600013
35164609600039
35166045100029
35166650800012
35170882100084
35171353201617
35171801000025
35174572400317
35174820700013
35176275200019
35177951700017
35181363900017
35182825600013
35183540000018
35183674700011
35184208300013
35185557200225
35186404600021
35186700700046
35187819400015
35188187500048
35188936500059
35189208800011
35191956800029
35192690200047
35192885800015
35193362700074
35194364200055
35196110700023
35199511300013
35200529200052
35201235500017
35201640600014
35201683600327
35202371700015
35203445800013
35205004100073
35205934900113
35209281100012
35209813101256
35212282400019
35212726000029
35212737700013
35214883700029
35215168200031
35217446000027
35218498000022
35219300702144
35219371800017
35219845100028
35220292300012
35221687300518
35221687302613
35221687302878
35222300200010
35222603900068
35224943700083
35225002100016
35226286900030
35228068900014
35228479800035
35231751500018
35232743100016
35233226600019
35233332200027
35233573100043
35237650300012
