34482479200297
34483430400034
34483652300011
34485616600055
34485900400030
34488864900011
34490614400037
34490697900010
34492201800058
34494196800010
34495505900060
34496224600056
34496597500016
34496855700019
34497079300016
34497486000035
34499061900050
34500236400023
34500665400015
34502899700012
34502945800022
34503644600028
34504363200016
34504382200013
34505696400017
34506696300066
34506939700031
34508544300025
34508617703857
34508617704384
34508617707031
34509058300013
34509320700032
34510002800041
34512020800037
34512416800013
34513048802146
34513048816617
34513048827366
34513048827515
34513048827671
34513048828034
34513048829362
34513330000011
34513778000010
34514844900019
34515824000019
34516179800011
34516280400016
34517455100027
34517618400017
34517651500012
34518562300039
34518837900035
34518963300026
34519764400015
34519967300046
34521770700024
34522920700039
34522957900015
34523008000011
34523555000026
34523650900021
34524157400028
34524627600033
34524666400071
34525506100078
34525935200010
34526324800014
34526558100016
34528382400026
34529223900075
34530675700013
34530688000310
34530761500020
34530792000040
34531347200028
34535754500085
34536162000031
34536381600033
34537511700040
34538318600029
34538533000021
34655007200034
34704022200031
34738457002868
34739064300059
34741842800046
34741920200010
34742046500010
34742413700045
34742807000010
34744193300012
34745213800014
34747290400015
34747631900012
34748632600015
34748984100010
34749206800064
34749833900030
34750481300028
34753516300021
34753804301970
34754038700029
34757965800043
34759394900014
34759441800076
34761035400016
34762461100013
34763730800029
34764628300023
34768537200026
34770562600013
34770765500010
34770956000036
34771111100018
34772207600010
34772215900014
34772308200017
34773615900059
34774218100030
34776332800049
34776425000028
34776678400016
34776712100077
34776982000023
34777021600013
34777753400038
34779309300019
34779395200040
34781093900020
34782134000085
34782824600046
34783005100053
34783930000014
34785533000028
34786132000021
34788055100036
34789383600010
34791577900016
34793393900014
34794233600020
34795652600037
34796137700012
34796878600017
34797615100030
34797879300029
34800001900011
34800973900015
34801107300015
34801364000027
34801391300010
34801685800022
34803905800014
34805597100033
34805706800028
34806968300038
34808247000017
34811937100014
34812358900023
34812813300041
34813108700010
34813371100021
34816920200010
34819676700019
34821596300052
34825491300018
34826308800042
34827312900067
34829540300011
34830376900049
34831901300036
34832590300014
34834634700035
34834812900035
34835458000014
34836245000028
34837063600014
34837274900013
34839583100020
34839638300047
34840003700084
34840554900018
34844926500019
34845286300023
34845795300019
34846690500026
34847088100049
34849257000018
34850795500014
34851158500096
34853063500013
34855625900011
34856410500016
34856526800060
34858949000062
34859803800035
34862095600014
34862237400018
34863555800011
34864101000015
34864786800028
34865136500010
34867416900761
34867416901413
34867416901777
34867416906297
34867848300036
34869193200019
34870306700010
34873538200015
34876414300106
34877576800016
34877922400016
34881812100066
34882562100025
34883783200032
34884063800012
34887974300030
34888580700019
34888923900037
34889550900019
34891289000020
34891398900011
34891418500031
34891428400016
34892298000050
34893082700020
34893638600930
34894253300038
34894305100063
34894886000013
34895703600026
34897763800017
34898717300021
34901475300017
34906098800012
34906151500012
34907507700041
34908563900020
34910543700082
34911444700023
34913013800010
34915723000419
34917579400016
34917991100038
34918824300019
34919216100066
34920884300012
34921342100010
34921377700015
34921447800027
34921468400053
34921838800040
34922756100074
34922880900019
34924339400047
34924892200024
34926058800026
34926142000047
34926350900045
34927004100073
34930766000028
34930939300024
34931125800041
34931650500024
34932408700023
34932562100010
34935273200011
34935840800038
34936196400027
34936428100015
34939019500049
34939461900010
34940789000012
34941211400036
34941261900075
34941438300019
34941799800045
34942049700019
34942589200016
34946447900014
34946983300025
34948216600049
34950180900041
34950248400018
34950557800022
34950905900086
34952167400037
34952210200046
34953275400026
34954067400018
34955672000051
34958313800020
34958841800021
34959304600049
34961317400011
34961529400023
34962049200034
34962551700033
34965621500036
34969113900019
34969788800031
34973048100042
34973555500014
34973823700016
34973933400010
34974317900682
34974317900849
34974861600019
34974991100039
34976602200017
34981090300022
34981864100012
34982076100014
34984487800018
34984909100039
34987157400019
34987877700011
34987880100027
34987996500011
34988087200024
34993439800018
34995500500013
34995695300047
34997493101395
34997575500100
34998333800014
34999271900014
34999871600014
35000020400023
35001135900022
35005665100010
35005746900024
35009147600027
35010323000016
35010359400031
35011992100012
35012133100010
35012925000014
35013835000078
35014685800054
35015131200013
35015434000011
35015449800025
35017169000042
35017712700015
35018339800014
35018779500025
35019778600063
35019957600033
35020333700034
35021412800026
35021597600027
35022988600022
35024116200022
35024542900013
35024603900530
35025189800010
35026628400040
35026687000012
35030659300020
35030777300035
35030932400019
35032184000075
35032191500034
35035272000030
35037316300012
35037376700044
35038610800061
35039030800012
35040245900019
35040887800014
35041402500014
35041934700033
35042082400012
35042991600058
35043403100018
35043551700015
35043976600014
35044361000026
35048070300023
35049130400035
35049782200022
35051169700038
35051309900050
35052911100212
35053262800053
35053842700013
35055323600034
35055341800038
35055868000046
35055916700019
35060434400027
35060803000010
35061040800014
35061913600038
35062162900061
35062654500015
35063531400015
35064081900032
35064309400021
35064809300044
35065018000010
35065117000028
35065509800019
35066854700010
35067595500032
35068060900046
35068944400064
35069073100012
35072516400015
35072851500031
35073514800032
35075895900026
35077507800016
35079270100038
35083650800019
35083830600016
35084483300052
35085167100023
35085374300010
35085919500017
35086633100019
35087762700033
35089762500033
35091305900027
35091976700011
35092219100019
35092241500012
35093871800029
35094423700014
35095473100021
35097056200038
35097433300030
35097451500073
35100462700037
35101267900012
35101438600020
35101816300011
35101987200016
35101993000038
35102046600022
35103059800012
35106100700016
35107957900048
35108794500025
35109084000015
35110643000025
35113310300066
35118340500015
