34482041000019
34482154100044
34482531000016
34483056700014
34484005300021
34484096200023
34484259600019
34486934200024
34487972100019
34488237800013
34488440800065
34490770400029
34492341200037
34492910400075
34494368300039
34494702300042
34494936700017
34495246000030
34495899600011
34498566800039
34500730600011
34502155400018
34502282600027
34503108200018
34506444800011
34506445500016
34507816600021
34508297800049
34508617704087
34509141700021
34510711400042
34513048801080
34513048801130
34513048808572
34513048823894
34513048829156
34513048829784
34513048830642
34514249100025
34516542700039
34518090500092
34521574300013
34522909000021
34525112800020
34525156500031
34527866700026
34528296600018
34528337800080
34529598400024
34535078900045
34535670300016
34536385700052
34536595100028
34536786600042
34537478900039
34537544800023
34537821000016
34538150300027
34738161800029
34738747400047
34740461800030
34741191000065
34742321200013
34743685900016
34743696600019
34745238500011
34746599900063
34747589900048
34748445300043
34749415500059
34750140500018
34751214700088
34752580000012
34753804303174
34753905800029
34754263100010
34757232300017
34758206600051
34758270200036
34758480700023
34762213600013
34762430600010
34762599800013
34762785300018
34763517900018
34765444400020
34766089600015
34766750300051
34766907900019
34769621300011
34769835900101
34772695200042
34773906200037
34775098600015
34775986200019
34776669300019
34777471300031
34778732700050
34780600200494
34781076400030
34781105100023
34781497200027
34782178700012
34783415200014
34784044900032
34784992900018
34785520700028
34786784800017
34786919000046
34788917200040
34798066600031
34800513300015
34802986900032
34804173200044
34806106000037
34806232400036
34807742100017
34809644700027
34809998700227
34810194000016
34810864800034
34811079200051
34811377000013
34813386900019
34814354600029
34814836200026
34814885900013
34816001100063
34816353600017
34816866700304
34816986300027
34818025800025
34818108200044
34818500000018
34819216200017
34820835600025
34821249900019
34822736400034
34825141400010
34825208100016
34826668500018
34827049700020
34827808600015
34830122700032
34831182000024
34831218200051
34831778500023
34832727100048
34836313600048
34837062800011
34837216000013
34840651300021
34841550601485
34841550601824
34841618100108
34842871500042
34845093300026
34852009900048
34854012100020
34854923900013
34856357800023
34857393200012
34857651300058
34857872500015
34858193500015
34858517500030
34859469800022
34862250700021
34865130800010
34866331100010
34866897100016
34867354200026
34867416905133
34867540600014
34867776600027
34867886300013
34869718600016
34870496600020
34870572400014
34871288600020
34872150700013
34874272700012
34874350100044
34875170200013
34875199100038
34875392200080
34876680900019
34878292100053
34878441400016
34879767100016
34880555700017
34881982200019
34882146300018
34885361500022
34886231900020
34886291300012
34888008900050
34888035200037
34889027800016
34889171400019
34890036600017
34890685000055
34890847600073
34891796400010
34893268200043
34893398700011
34894099000057
34894433100019
34894517100026
34895880200012
34896220000021
34896815700019
34896866000046
34896983300048
34897159900025
34897670500023
34898066500015
34898416200043
34899155500098
34900397000036
34902326700025
34903237500025
34905268800026
