34482911400034
34484109300018
34484271100055
34485402100021
34493355100022
34494506800072
34496370700023
34497895200028
34498555100029
34500602700774
34500602701186
34501950900032
34505197300047
34505641000045
34506384600017
34507210200022
34508617705456
34508617705571
34508817300025
34508861100065
34510787400017
34511729500013
34513048808622
34513048819413
34513048824454
34513048826087
34513048826384
34513048826475
34513048826525
34513051202895
34513594100028
34513660000011
34513799600012
34514395200017
34518221600027
34518524300010
34522637700017
34525290200027
34528270100019
34530753200027
34531403300019
34531675600013
34532868600018
34533635800014
34533799200019
34534350300073
34535860000012
34537160300027
34537917600034
34538705400017
34539010800024
34637027300028
34674084800012
34739773900041
34741364300037
34743915000017
34744283200015
34746547800027
34747458700073
34748026100028
34749051800037
34749107800031
34749156500037
34749413000078
34752607100019
34753099000014
34753312700010
34754167400029
34758992100027
34759495400013
34760608900014
34769610600033
34772196100014
34773806400026
34773807200029
34773904700012
34774753700038
34779920700019
34781051700024
34781534200014
34783185100030
34783966400013
34785776500015
34786198100020
34787910800012
34789380200012
34789549200028
34790687700027
34791432700023
34793076000017
34794348200013
34795188100049
34796141900129
34799695100021
34800457300013
34800519000031
34800667700036
34800747700022
34801792200025
34805498200015
34806832100168
34806832100218
34808365000021
34808496300019
34809203200021
34810381300013
34812337300048
34812444700015
34813801700077
34814400700047
34815369300026
34816363500017
34816725500010
34817379000026
34818091000047
34818583600049
34820172400013
34820733300017
34821284600029
34821404000027
34822094800817
34822335500010
34822736400059
34826254400011
34826624800031
34830405600016
34831726400011
34831902100013
34834558800019
34835360800014
34835725200033
34836487800010
34836904200018
34837894400014
34838100500019
34838292000067
34838946100024
34839650800031
34840023500019
34841149700061
34841550600685
34842190000013
34842416900012
34842923400019
34844246800032
34844860600015
34847225900012
34847588000038
34847904900010
34848879200014
34850923300022
34850933200014
34852568400018
34852574200022
34854293700027
34856632400029
34857899800018
34859423500023
34859470600114
34859502600017
34859772500020
34866586000022
34867416905638
34868685800013
34869893700037
34869897800148
34869934900034
34870093100010
34871266200017
34872684500020
34874198400036
34876422600026
34877295500178
34878226900057
34880331300033
34881415300022
34882053100054
34882452500029
34882503500010
34882857500020
34883494600017
34883888900015
34886253300018
34886472900010
34888903100012
34891045600022
34891291600015
34893662600038
34895651700026
34896919700048
34897162300015
34897367800017
34900209700013
34900384800018
34900481200039
34901335900048
34901874700015
34906603500016
34907232200010
34907266000013
34907327000010
34907350200024
34907786700019
34907842800019
34908109100036
34908174500011
34908354300042
34908570400014
34908737900013
34908972200012
34911843000041
34911920600028
34913584800019
34916428500026
34917187600031
34918609800019
34919435700068
34920261400013
34921700000018
34923848500057
34926561100021
34926624700015
34929016300048
34929919800060
34930481600045
34932115800033
34933252800018
34933487000038
34934794800029
34934957100019
34936374700024
34937632700046
34937770500018
34938149100027
34939160700034
34939268800017
34939341300019
34942647800039
34945604600011
34946852000029
34948776900011
34952310000015
34953199600016
34955261200013
34955265300033
34956292600023
34957320400022
34958046400064
34958208000025
34958971300016
34961206900022
34962837000026
34963117600048
34963303200025
34964197700013
34964800600030
34966731100014
34968654300019
34970198700027
34970399100027
34974198300044
34974246000034
34975520700017
34975810200025
34978091600038
34978307600095
34980821200014
34981059800012
34981421000010
34982244500012
34983235200059
34984381300024
34985037000017
34986050200013
34986367000031
34988060900046
34990039900016
34990594300032
34993371300027
34995236600012
34995373700047
34996754700010
34997341200019
34997923700014
34998287600014
34999847600031
35000810800028
35000956900012
35001154000027
35001895800032
35002144000044
35003775000022
35003812100017
35003822000033
35003848500016
35004416000017
35004424400019
35006457200026
