34482419800024
34483112800022
34483656400023
34484897300014
34485909500020
34487372400027
34487755000014
34487856600019
34488451500018
34489526300020
34490649000059
34492298400085
34496808600019
34497403500067
34497511500041
34497591700024
34499646700017
34499862000019
34500190300037
34500715700083
34501712300018
34505912500012
34506526200023
34506558500027
34506872000027
34508375200021
34508617706025
34508617706587
34508617706975
34509541800017
34512083600019
34512635300043
34513048802773
34513048805743
34513048813184
34513048823860
34513048823902
34513048827325
34513048830253
34513081900013
34514835700014
34515259900022
34516945200017
34517624200013
34517703400021
34518064000020
34519515000015
34520177600019
34520187500019
34521077700032
34521296300028
34522787000010
34523395100077
34526905400051
34528374100014
34529351800048
34529578600015
34530530400023
34530688001052
34531170800043
34536099400049
34540722500027
34739194800036
34741160500012
34742744500015
34745621200013
34746992600021
34748139200012
34751474700042
34752888700016
34753325900011
34755109500016
34755553400028
34755665600010
34756756200017
34757598700016
34759386500012
34760133800044
34761822500036
34764453600026
34766376700023
34766513500013
34767249500038
34767372500029
34767420200010
34767568800019
34769853200012
34770973500018
34771154100032
34772251400044
34772939400010
34773209100025
34773742100045
34774520000019
34774802200063
34775096000010
34775208100039
34775277600018
34776930900027
34777542100014
34779559300024
34780455100021
34780600200536
34781065700010
34781286900043
34782779200024
34784121500028
34784426800081
34784668500035
34785055400028
34785177600018
34786359900036
34786754100026
34789577300039
34790255300010
34790892300019
34791423600018
34791853400020
34792463100018
34792671901801
34792671901918
