34482041000027
34484294300054
34486924300040
34487448200062
34489180900016
34489249200028
34490645800023
34491140900086
34491617600011
34492613400026
34493137300031
34495483900025
34495621400029
34497160100010
34497167600038
34498056000017
34499894300015
34500336200026
34502114100022
34503373200016
34504267500016
34505494400037
34506286300021
34506742500016
34506758100032
34507047800028
34508617701596
34508617707114
34510188500019
34510305500025
34510615700018
34510789000047
34511355900016
34511712100011
34512347500070
34513048801643
34513048824678
34513048825980
34513048828919
34513048829214
34513048830063
34513867100028
34513981000013
34515090800035
34515430600038
34515737400041
34516297800018
34516587200010
34517290200016
34518343800026
34518397400012
34519854300018
34520880500019
34522047900025
34522324200016
34522778900038
34523839800068
34524442000021
34524928800068
34527523400010
34528058000027
34529512500032
34530533800021
34530569200013
34530670800016
34531073400016
34531389400023
34533122700024
34535464100069
34536783300018
34738457002330
34741578800038
34744453100011
34745444900013
34746116200047
34746424000063
34746957900028
34746970200018
34747712700067
34753349900013
34753750800017
34753804300741
34753987600016
34755175600047
34755892600015
34758223100846
34758601800017
34758813900027
34759455800020
34761005700015
34761380400025
34761540300040
34763651600010
34764881800016
34765407100013
34765608400014
34765869200020
34765925200048
34766764400079
34767534000017
34767684300050
34768032400014
34768431800038
34768823600038
34769753400043
34770072600024
34772350400010
34774435100011
34775751000016
34778483702065
34778959600058
34779438000027
34781541700030
34783402000013
34784109000025
34784630500014
34786096700012
34787654200015
34787742500012
34788745700047
34789354700021
34789716700016
34789750600015
34793165100025
34795546000014
34798462700039
34799097000035
34801198200090
34801605600031
34803521300076
34803557700025
34803593200063
34803717700022
34804586500022
34805614400028
34806416300010
34806907100010
34807037600036
34807469100018
34807774400012
34807785000017
34808007800028
34808403900018
34808760200010
34809093700056
34809153900026
34809706400011
34812094000013
34813651600021
34813692000025
34815039200051
34815939300019
34816942600031
34817340200010
34818082900031
34820138500013
34820649100014
34820859600018
34826200700019
34826500000011
34826583600018
34828812700023
34832700800036
34832960800023
34833035800014
34834338500020
34837081800026
34837233500011
34838494200028
34839472700021
34841014300013
34841152100019
34841550601139
34841550601287
34842861600026
34844068600023
34847013900018
34847822300020
34849656300019
34850055400020
34851864800020
34852583300029
34853788700013
34855891700012
34858309700012
34858479800014
34862360400058
34864937700044
34866457400012
34866922700038
34867752700023
34867838400010
34868613000033
34868801100025
34868876300021
34868993600048
34870392700015
34873869100016
34874177800040
34874361800012
34874622300026
34876412700018
34876959700025
34877008200017
34877569300016
34877873900014
34878514800019
34879071800038
34881114200150
34881930100089
34882089500012
34884209700019
34884932400036
34887089000020
34888083200061
34888305900027
34889238100016
34889404900033
34891221300017
34894366300016
34894700300029
34895659000015
34895899200029
34896234100031
34898293500028
34898781900086
34899328800011
34901178300017
34901409200010
34902028900014
34903918000014
34904130100038
34904885000037
34905015300080
