34483185400015
34484603500014
34486020000072
34486047300026
34487847500039
34489328400028
34489395300036
34491805700029
34491821400026
34493953300040
34495243700061
34497483700025
34498458800014
34499809100013
34499974300018
34500553200063
34500553200071
34501088800013
34503043100026
34503772500081
34503941600770
34504233700021
34506309300016
34507106200011
34508257200032
34508637500010
34509656400017
34510603300011
34513048802716
34513048818787
34513048821344
34513048822896
34513048823555
34513048823969
34513051202010
34513051202671
34513166800039
34514207900010
34514302800057
34514842300071
34515229200016
34519606700010
34520123000017
34520243600027
34521410000058
34522863900034
34524222600016
34524440400025
34525552500015
34526544100021
34528699100012
34529055500019
34530639300058
34534681100010
34538715300017
34539460500041
34540914800078
34741879000023
34742235400089
34742440000013
34743165200010
34743474800039
34744516500108
34744836700016
34745392000014
34745933100034
34746460400011
34747013000019
34747255700011
34749432000034
34751888800016
34755080800039
34755568200041
34756295100025
34756664800015
34756871900012
34756947700057
34758217300014
34758324700049
34759525800018
34759674400032
34759775900013
34760382100021
34760536200016
34760664200044
34763143400037
34763191300022
34766776800019
34767495400024
34769142000025
34769655100022
34774302300041
34775051500012
34775161200040
34775411100024
34775454100014
34775855900061
34778306000010
34780559000028
34780933700012
34781581300014
34783261000013
34784034000017
34785084400031
34785187500018
34786270800026
34789879300042
34790303100016
34790853500037
34792671902767
