34483436100042
34483693700013
34486657900016
34486913600038
34487044900016
34488561100014
34489368000043
34490616900034
34492374300027
34493840200015
34496721100048
34497557800040
34498569200013
34500908800013
34501709900028
34502828600028
34503770900010
34504442400074
34506160000010
34506684900018
34507168200016
34507869500045
34508617702610
34508617704889
34508617708138
34508750600019
34508820700013
34508983300023
34509322300039
34510965600115
34511764200032
34512838300089
34513048812855
34513048823423
34513048827564
34513051203000
34514851400044
34515469400359
34516617700013
34518115000037
34518549000017
34520109900024
34521050400022
34523370400021
34524283800034
34524609400014
34525032800019
34525806500027
34526851000046
34528230500043
34530688000724
34532440400036
34532736500036
34533681200028
34536243800037
34537775800015
34539160100365
34539290600045
34539634500059
34540521100037
34540837100010
34565003000025
34738457002470
34739837200016
34742397200012
34742430100013
34743704800031
34744717900024
34745360700041
34746424000030
34748322400031
34750275900017
34750730300027
34752869700027
34753732600014
34754115300016
34755604500016
34756538400026
34757080600021
34757528400042
34757538300018
34761916500066
34762437100022
34763708400026
34763897500024
34763912200048
34765212500027
34765930200025
34766703200051
34766712300025
34767852600026
34775484800021
34775881500026
34776938200024
34778082700015
34778390400027
34778813500064
34780731500028
34782690100014
34784027400034
34787005700028
34788361300015
34790369200015
34790498900030
34792671902510
34793769000027
34797648200013
34798224100023
34798704200020
34798848700018
34799605000014
34800684200010
34801973800023
34803472900015
34803838100029
34804359700015
34804881000033
34805567400017
34807139000010
34807961700018
34808653900015
34808660400017
34809139800035
34810036300046
34810215300056
34810232800021
34810450600012
34812491800015
34813379400027
34813608600025
34814030200012
34814920400029
34815202600038
34815649800019
34816866700320
34817663700091
34818658600031
34819356600026
34819848200013
34820652500027
34820953700029
34821833000028
34822182100021
34822282900023
34823720700017
34824625700045
34825005100011
34825056400062
34825297400012
34828657600023
34829348100027
34831073100032
34832086200017
34832127400014
34832185200025
34834306200033
34837221000016
34838218500026
34839390100015
34839620100066
34840043300036
34841798100019
34842228800061
34843349100027
34843469700010
34845433100011
34845577500075
34846485000018
34847382800013
34847802500037
34848751300049
34850312900010
34852243400029
34852712800055
34852860500010
34854385100029
34855119300041
34855711700010
34856458400012
34860010700026
34860572600010
34863728100018
34865636400018
34866544900016
34867035700014
34867416902312
34867416903690
34867600800025
34868287300032
34869100700010
34870731600066
34872263800015
34872267900019
34873722200029
34876749200021
34877123900020
34877771500015
34878520500017
34879697000013
34879781200016
34880814800012
34881853500018
34882042400011
34883209800027
34884500900011
34885438100061
34886136000058
34886309300020
34886420800015
34888457800017
34888574000012
34888827200062
34889674700014
34891392200020
34891622200014
34891875600043
34892064600075
34892164400012
34898178800014
34898315600020
34898584700030
34899045800021
34899410400019
34899722200016
34901523000023
34903012200031
34905917000028
