34482479200230
34483226600037
34484721500029
34485682800019
34486275000017
34487061300017
34487075300052
34488088500035
34488140400026
34489064500015
34491834700032
34492327100011
34493676000026
34493689300033
34494783300010
34497089200032
34498957900018
34499096500032
34499267200016
34500568000045
34501555600029
34507058500012
34507429800034
34508617700846
34508617706454
34510804700019
34511332800016
34512874800018
34513048809620
34513048826830
34513051202937
34514336600036
34514713600021
34514905800017
34518446900020
34519026800010
34521174200019
34521859800018
34523045200012
34523868700023
34523922200010
34528831000013
34530688000690
34530688000872
34530688000898
34530996700015
34531321700019
34533693700015
34534006100018
34536216400013
34536451700010
34539902600029
34687054600014
34741214000027
34741745300029
34742794000023
34745564400018
34746079200034
34746257400026
34747702800018
34747755600034
34749840400065
34750819400011
34751005900020
34752018100012
34755344800049
34758259500018
34759878100024
34759924300016
34760038900055
34761216000031
34761351500019
34761365500062
34762401700054
34763706800011
34763875100029
34764410600028
34766842800019
34768287400016
34768643800032
34769242800019
34771597100011
34772771100074
34775110900021
34775623100028
34775654600086
34775891400050
34776430000039
34776551300044
34778219500049
34779103000013
34779665800016
34780600200593
34781214100039
34781403000024
34788633500012
34791642100030
34792317900019
34792724600020
34792985300021
34797387700017
34799310700056
34800253600046
34801104000014
34801638700014
34803719300011
34806007000086
34806522800044
34808737000022
34808888100035
34809664500018
34810072800040
34811767200017
34814871900027
34815172100035
34816812100013
34820609500021
34822094800684
34823494900017
34827586800027
34828140300025
34831067300085
34831148100033
34832176100028
34832363500022
34834640400026
34835995100087
34836949700022
34839099800014
34839385100012
34841196800020
34841835100022
34842246000025
34843014100039
34846691300020
34848836200016
34849491500013
34850229500028
34850823500010
34851373000039
34851766500025
34854469300040
34854723300026
34855233200036
34856698500027
34857149800040
34859019100030
34859103300025
34861074200010
34862297800016
34862597100018
34863256300022
34864849400055
34866643900016
34866921900035
34867416901264
34867416904367
34868964700017
34869011600036
34869152800023
34869272400019
34871516000019
34871606900011
34874323800068
34877299700030
34877397900037
34877616200011
34877882000012
34878180800020
34880192900020
34880424600018
34880880900027
34882299000019
34882860900019
34883571100014
34885183300015
34885579200084
34886761500034
34887598000040
34888459400063
34888862900048
34890267700015
34891376500056
34892645200023
34892720300011
34892758300024
34893037100029
34893638600344
34893848100044
34894783900034
34895578200027
34896052700011
34896070900023
34898011100010
34899840200047
34900096800017
34900388900046
34901181700013
34901397900027
34901422500016
34902419000010
34904892600019
34905139100069
34905532700051
34906017800044
