34482695300038
34484374300248
34484987200041
34485418700012
34485785900039
34486267700020
34486638900036
34488436600016
34488552000033
34488981100016
34488982900018
34489026400031
34490517900018
34493182900016
34494661100052
34495196700019
34496387100027
34496789800018
34496810200022
34499678000013
34500602700543
34503791500047
34503906900033
34504313700016
34506128700040
34508617704020
34508617705878
34510392300024
34511982000024
34512422600019
34513048805412
34513048808960
34513048811345
34513048818738
34513048825071
34513048826459
34513048830667
34515097300039
34515623600019
34515724200024
34518045900041
34520321000041
34521278100016
34522351500015
34522904100016
34523794500042
34526749600015
34528664500030
34528796500080
34529498700010
34529820200010
34530792000032
34531594900031
34531647500010
34531919800015
34532127700013
34532571600016
34535472400030
34540745600010
34605002400238
34740230700198
34742658700015
34743149600020
34743414400023
34744318600015
34744777300057
34745049600018
34745101500031
34746257400018
34746666600018
34746770600011
34747027000013
34748126900046
34748438800033
34748788600017
34752012400020
34753804302176
34753805000019
34759050700047
34759321200017
34759440000025
34761063600032
34765514400017
34766190200150
34766299100038
34766559800046
34766723000010
34766764400087
34766888100019
34767516700048
34767613200074
34768484700036
34769609800016
34770256500024
34770287000010
34772528500022
34773765200011
34774371800012
34774480700020
34776463100029
34778500800017
34780263900034
34780600200544
34781274500011
34781814800038
34782236300029
34782552300082
34783767600019
34784523200011
34785534800020
34788418100020
34788984200048
34791881500064
34792652900079
34792671902361
34792915000030
34794192400016
34795841500023
34796165800015
34797052700052
34799655500012
34802032200056
34803356400017
34803451300021
34804273000021
34806442900049
34806504600107
34806885900019
34808750300010
34809283400020
34809599300039
34809836900021
34809857500015
34811678100033
34814078100058
34814480900012
34814854500042
34814897400069
34815335400025
34816065600016
34816573900023
34817807000010
34821823100036
34823011100018
34823324800023
34824776800016
34826217100039
34826463100014
34827026500013
34827032300028
34827411900018
34829114700026
34830440300010
34832758600056
34833101800013
34834474800010
34836876200038
34840913700042
34841550601758
34842716200030
34844830900073
34846070000019
34849733000012
34850182600047
34850355800028
34850483800015
34855433800015
34857200900028
34858208100025
34858952400068
34860934800019
34861222700010
34861234200025
34861383700015
34862236600022
34862356200017
34863289400013
34864840300023
34865989700030
34867416904144
34867734500012
34868207100041
34868505800029
34868577700032
34869374800033
34869508100011
34869817600040
34869935600039
34870493300012
34870686200029
34871379300142
34871857800027
34872248900013
34874046500037
34875517400029
34876389700017
34877101500016
34877654300012
34878405900043
34878405900050
34879032000421
34880361000024
34880532600017
34882938300010
34883834300021
34888309100012
34888517900013
34888590600019
34889001300017
34892614800043
34893330000041
34893378900011
34893730100011
34894719300036
34894824100016
34894917300127
34898003800015
34898746200010
34899155502003
34899925100021
34900239400055
34900290700047
34900526400016
34900936500074
34902247500017
34902647600029
34902842300029
34904191300063
34905506100015
34905742200041
34908403800018
34910734200058
34911201100037
34911687100022
34913472600026
34914969000019
34915697600012
34915929300019
34915955800015
34916702300010
34917499500010
34917957200012
34918061200021
34918561100291
34920576500010
34921484100034
34921850300010
34925160300024
34926572800015
34926586800035
34928338200019
34928440600015
34929132800053
34929694700014
34929879400018
34929887700037
34930449300027
34931851900049
34933404500011
34935590900012
34936614600018
34937940400016
34937983400014
34939068200079
34939927900034
34940426900038
34945227600026
34946629200068
34946764700021
34947231600075
34947421300023
34948114300015
34948518500012
34948693600082
34951032100012
34951077600025
34955044200017
34956029200014
34956750300074
34958908500035
34958934100016
34959104000028
34959710400026
34961327300011
34961470100010
34962085600014
34962118500033
34962753900027
34963940100018
34965369100015
34966483900017
34967077800019
34968566900021
34968788900015
34970582200022
34970584800035
34970616800011
34970644000014
34970747100026
34973226300042
34974323700019
34975219600072
34975524900027
34976035500033
34977133700046
34977644300047
34977705200037
34978871100027
34979067500020
34983137000029
34983316000014
34983953000020
34984970300013
34985086700012
34986082500026
34986547700013
34988690300013
34988753900014
34990227000017
34990231200033
34993592400010
34994504800032
34994874500048
34995551800023
34995631800035
34998810500046
34999195000016
34999821100016
34999872400026
35000456000016
35002124200010
35003562200017
35003716400026
35004304800015
35007514900012
35007777200043
35008524700012
35009930500012
35010147300014
35010828800027
35012220600013
35013835000110
35014420000028
35015357300026
35016077600018
35017613700023
35017763000018
35018093100015
35018265500018
35020113300021
35020489700010
35020797300032
35021107400041
35021668500015
35021852500011
35022818500038
35023773100012
35024010700036
35024276400016
35024313500026
35024775500035
35024808400062
35025433000029
35028389100074
35029718000043
35034272100056
35034514600020
35035429600021
35038393100044
35039360900028
35040891000106
35041778800022
35044448500030
35045526700020
35045790900017
35047826900045
35048637900018
35049846500011
35051214100051
35051987200088
35051987200187
35052722200029
35053060600036
35053806200018
35054053000028
35054181900024
35057325900016
35058134400024
35059649000036
35059664900011
35060534100022
35060621600017
35062998601164
35063978700034
35064312800019
35064895200025
35065773000015
35065867000020
35065891000012
35065921500031
35067849600018
35068060900038
35069548200033
35071043000041
35072221100017
35072290600046
35072593300013
35072975200013
35075953600021
35076028600038
35076311600018
35076508700019
35076898200018
35077449300059
35078205800035
35080907500012
35081572600012
35082778800042
35083691200047
35084381900086
35085468300033
35087527400028
35088340100043
35089009100019
35089583500030
35090343100012
35090557600046
35092415500020
35093839500018
35094104300019
35094142300054
35094181100019
35096306200020
35096654500013
35097769000014
35098899400058
35099642700034
35100147400037
35105333500078
35106448000020
35106780600023
35107732600020
35107870400035
35108987500014
35110439300043
35111209900020
35112557000033
35113689000024
35115889400011
35116051000019
35116448802465
35117484200028
35117689600022
35118945100021
35122268200020
35123246700024
35123413300012
35124432200027
35124866100024
35125788600017
35125942900014
35126238100012
35127453500019
35129284200017
35132283900025
35132357100049
35135006100013
35136429400071
35138323700010
35138490400014
35139036400021
35139715300047
35142592100043
35143321400019
35144009400115
35144208206891
35144208207899
35144208208087
35145872400017
35146541400024
35148065200012
35148118900014
35149407500028
35149444800027
35149824100030
35150960900019
35151520000043
35151635600018
35152215600030
35152856700024
35152936700077
35153481300065
35157715000052
35158378600030
35158788600018
35158992400015
35159376900018
35160128100014
35160173700015
35160528200018
35160608200029
35164123800024
35164416600057
35164427300028
35164564300039
35170610600017
35170616300026
35172344000084
35172708600016
35174572400143
35175113600018
35176718100024
35179138900023
35179251000023
35179647900019
35179721200039
35180031300022
35180282200012
35180382000015
35180412500018
35180511400011
35181110400071
35182416400013
35182454500021
35182748000010
35183190400013
35183236500032
35183694500029
35184097000146
35184214100068
35184353700017
35184499800010
35184643100036
35185747900015
35185760200020
35185912900022
35189874700081
35190952800017
35191844600029
35192894000011
35193416100081
35194699100012
35194949000012
35195470600062
35195994500020
35196032300019
35196081000015
35196416800014
35198036200013
35200397400024
35201377500023
35205111400010
35205391200023
35207873700017
35208087300024
35208772000020
35209177100043
35209632500027
35209999800028
35210641300045
35212380600023
35212510800030
35212723700019
35212796300010
35213763200019
35214031300011
35214909000032
35215067600018
35215256500037
35216982500044
35217672100111
35218607600027
35220714600015
35222566800024
35222600500010
35224294500017
35224771200016
35229542200021
35230118800012
35233582200073
35235063100011
35235304900013
35235858400014
