34482725800015
34482872800016
34484097000026
34484338800028
34485654700015
34488627000018
34488957100016
34490320800017
34491479100050
34492642300015
34492880900062
34496275800019
34496832600019
34497422500015
34499333200016
34501992100013
34503206400015
34504670000026
34508617700101
34508617702529
34508617705191
34508617706116
34508651600019
34509667100044
34510254500018
34510326100011
34511195900044
34512288100013
34513048803540
34513048822359
34513048822664
34513048823357
34513048827358
34513048829693
34513048830584
34513158500019
34513187400033
34514611200023
34514649200011
34516798500018
34518175400028
34518545800055
34519526700041
34519848500012
34521755800039
34522315000045
34523033800054
34523112000014
34524897500202
34525288600014
34525662200092
34529049800012
34535559800011
34536565400010
34536625600021
34537719600026
34539423300083
34540371100038
34585009300054
34671061900013
34738457000144
34738457002835
34739287000015
34742405300028
34743179300012
34743664400012
34744432500018
34746073500025
34746924900010
34747885100020
34749646500050
34749673900017
34750039900014
34750494600026
34752477900019
34753804300246
34753804301483
34755317400041
34760099100025
34761854800015
34761908200014
34763587200083
34765535900011
34767109100051
34767151300039
34768230400014
34768542200011
34772535000024
34775517500051
34776984600028
34779820900016
34779832400039
34780957600015
34781568000033
34781619100022
34782526700029
34783640500030
34784765900021
34785151100019
34786042100028
34790024300028
34792671903310
34793687400051
34794214600031
34794848100028
34795333300015
34795638500038
34795675700012
34795742500015
34797300000016
34797509600046
34797802500034
34799281000015
34801178400025
34801279000047
34801713800028
34802007400020
34802559400014
34803347300037
34804425600025
34805857900015
34806739800035
34808100100045
34808935000014
34810603000011
34810755800010
34810851500019
34810959600026
34811885200022
34812908100017
34812965100025
34813651600039
34814419700061
34814884200050
34815129100013
34815228100039
34816127400041
34816891500018
34818297300183
34818391400038
34818577800035
34820847100014
34822352000019
34823004600016
34823335400011
34825531600021
34826435900012
34826972100026
34828462100029
34829783900022
34832056500016
34832397300019
34833526600022
34833687600027
34834179300019
34836848100043
34839324000018
34841550600636
34843582700012
34844405000010
34845265700045
34845755700018
34846377900036
34846384500035
34846957800036
34847539300032
34848164900013
34848635800016
34849313100034
34849391700010
34850530600012
34850683300014
34851176700025
34851868900099
34852248300067
34853195500022
34853905700011
34855443700015
34856187900027
34856401400010
34857617400018
34857687700024
34857714900019
34858967200016
34859184300027
34859308800035
34859700600058
34860336600017
34860342400022
34863116900045
34863939400033
34864806400015
34865209000021
34865448400016
34865677800019
34866476400027
34866513400014
34867416900175
34867416904284
34867501800025
34868527200018
34869513100105
34869673300024
34870030300053
34870097200014
34871283700015
34871398300016
34871852900012
34872343800043
34872494900030
34872829600032
34873265200014
34874178600019
34875178500026
34875650300069
34876200600594
34876325100017
34876515700014
34877180900020
34878216000041
34878234300035
34878549400017
34879684800011
34880179600015
34882444200019
34883276700084
34883375700043
34884595900041
34884950600020
34886737500019
34887623600020
34888146700016
34892323600023
34893014000010
34894754000012
34894773000035
34894849800020
34896600300041
34897105200017
34897140900019
34897967500017
34897997200018
34899512700084
34900705400019
34901694900035
34902868800027
34908094500018
34909794900037
34910159200039
34910612000059
34912298600012
34913310800010
34913796800021
34917048000017
34918678300032
34918718700019
34918910000010
34919063700026
34919213800023
34919816800024
34919911700012
34920873600018
34922594600012
34922800700028
34922896500019
34924221400022
34925450800014
34927047000033
34930697700027
34931069800015
34931254600014
34933255100036
34937577400024
34938398400011
34942599100032
34943375500015
34947972500013
34948120000013
34948422000026
34949257900025
34949813900055
34951838100026
34954429600016
34954700000019
34956026800014
34956572100025
34956581200022
34956903800012
34957127300045
34960658200014
34962908900039
34963662100014
34964701600022
34967652800012
34969076800362
34971593800016
34972442700027
34974401100017
34974740200015
34979222600012
34980082100010
34980873300043
34980977200024
34981382400027
34981853400027
34982523200037
34985905800019
34988612700019
34988681200016
34989409700014
34990289000053
34994081700043
34994467800029
34995760500125
34998751100012
35001224100013
35002658900035
35007009000021
35008958700017
35009070000013
35009405800038
35009563400027
35009798600011
35010600100026
35012028300022
35013439100027
35013485400024
35013541400042
35014271700015
35014739300036
35017269800010
35019706700019
35022817700027
35024609600019
35025775400027
35026103800037
35029632300016
35029710700038
35029959000025
35030022400010
35030094300031
35033766300016
35035223300034
35036614200049
35039221300020
35039659400037
35040271500014
35042199600033
35042818100019
35042889200011
35046142200023
35046167900010
35046282600016
35048701300020
35049440700058
35050689500019
35051194500015
35051264600034
35051707400018
35051944300039
35052005200019
35053727000018
35053879900031
35053927600013
35054449000021
35055003400028
35056010800028
35056625300034
35057987600029
35059551800035
35060473200056
35064722800013
35066301900031
35068859400026
35069551600020
35069739700023
35070214800015
35071092700020
35071513200022
35072010800025
35074928900152
35077557300057
35079235400010
35081047900021
35081245900013
35082134400016
35082552700020
35083007100022
35083251500034
35083807400010
35085934400011
35085981500010
35089002601658
35094828700023
35097144600033
35097947200023
35098336700011
35099270700090
35099690600029
35101345300011
35101394100015
35102109200017
35103412900012
35105571000021
35106031400025
35107360600011
35107473700047
35110030000018
35110250400013
35111117400022
35111819500020
35113133900035
35113185900016
35114151000013
35114193200019
35115629400016
35116262300018
35116549300021
35118614300084
35120813700080
35121795500027
35122646900028
35122793900086
35123342400040
35124645900025
35126745500027
35126825500046
35127252100011
35128399900016
35129798100018
35129987000060
35130070200013
35131456200023
35132147600019
35132200300028
35132247400013
35133130100033
35133954400014
35138061300015
35140542800027
35140922200012
35142570700012
35142905500038
35143823900185
35143823901225
35146169400611
35148634500090
35148655000061
35150420400014
35152740300056
35153014200014
35153821000029
35155081900012
35156151900049
35156347300013
35156517100037
35157748100010
35157799400038
35159765300010
35165384500088
35165551900038
35165813300043
35166896700026
35167098900018
35168158000012
35170607200029
35170625400023
35173297900031
35173526100015
35174572400341
35175314000026
35177119100019
35179152000080
35179499500016
35180068500056
35180218600137
35181269801293
35182273900014
35183115100029
35183740601870
35187760000020
35188401000015
35188940700018
35188959700024
35189522200021
35190355400027
35191388400042
35194191900026
35195202300049
35196655100027
35197668300042
35198153500039
35201495500368
35201873300035
35202507600022
35204704700019
35205530500010
35205579200050
35207691300040
35208443800014
35208544300021
35209759600055
35209813101272
35211320300033
35212987800018
35213525500037
35214754000020
35214961100050
35216341400027
35216625000014
35216687000019
35217943600014
35219300700106
35219300700510
35220354100052
35220928200016
35221516400059
35221976000019
35222149300039
35222921500012
35223176500046
35225771100015
35227528300021
35229511700019
35230068500026
35230414100059
35230674000023
35230971000015
35231002300077
35231956000095
35233850300019
35233887500011
35235031800015
35237092800025
35238781500017
35239720200024
35239875400023
35242804900014
35244638900012
35245433400017
35245541400057
35245580200046
35246618900011
35246903500013
35246904300017
35248541100016
35249113800025
35249508900026
35249745700130
35250529100026
35250700800014
35252745100020
35254016500037
35255056000010
35255676500019
35256496700029
35256741600016
35257236600024
35258654900011
35259201800043
35259388300015
35262257500012
35262652700019
35262671700016
35263362200126
35263806800010
35263879500018
35264137700010
35266215900040
35266240700019
35266701800019
35270734300013
35270912500012
35273378600078
35273715900017
35274574901070
35274701800468
35274701800682
35275120000747
35275296800045
35275361000026
35276917800026
35277371700017
35278119900018
35278523200013
35278643800023
35279048900012
35279934001040
35280006400029
35280121100017
35282618400017
35283327100013
35285583700113
35286063904308
35287609800026
35288100700012
35288487800013
35289418200034
35289976900017
35291031900024
35291827000013
35292075500019
35292883200018
35295331900048
35295338400075
35295738500011
35297041200081
35297043800029
35297598100015
35301189300016
35301851800038
35301898900015
35305750800015
35305780500015
35309744700034
35311329300024
35312413400019
35312575000011
35313488500014
35315026100488
35315292900033
35315675500038
35315961900017
35318633100024
35321590800016
35322084100020
35322669900018
35324250600015
35324353800025
35325245500012
35326679400067
35327106700350
35328201500034
35330750700023
35332257100020
35332433800014
35333364400022
35334320500012
35335158800028
35337690800011
35339077600014
35339632800018
35341055800012
35341755300016
35343033300016
35343243800011
35343769200026
35344046401247
35345433300041
35346672500028
35346732700022
35346899400010
35347865400018
35348650900014
35349042800037
35349855300018
35351612300018
35352839100017
35353644400030
35353676600036
35354006500011
35354589001643
35354891000010
35356163200012
35356832200021
35356946000010
35358173900029
35358800700016
35359516800025
35360704700027
35361721000029
35362089100013
35364796900040
35365666300021
35366026900013
35366522700032
35366941900874
35366941902532
35367098700018
35367377500014
35367447600026
35367546500010
35368140600032
35368258600030
35368488900028
35368872400015
35369627100017
35371269800011
35371844800015
35372019600024
35372125100018
35373335500088
35375998800028
35376105900024
35376509200013
35376624900026
35377221300016
35379469600016
35379997600108
35381828900087
35382842900038
35383974900044
35384205700013
35385361700028
35386016600076
35392809600034
35393452400037
35394816900035
35394945600019
35395183300030
35396689800010
35397573300059
35397628500018
35400001000018
35400427700050
35401101700010
35403365600019
35407269600066
35408259600033
35408266100019
35408294300011
35408789200015
35409342900018
35600000001082
35600000001307
35600000001497
35600000010361
35600000011081
35600000014344
35600000014592
35600000015735
35600000017297
35600000017517
35600000017814
35600000019173
35600000024000
35600000026422
35600000029546
35600000029672
35600000030823
35600000031877
35600000036147
35600000036728
35600000043185
35600000045101
35600000048707
35600000050664
35600000052892
35600000054115
35600000055470
35600000059129
35600000062661
35600000063539
35600000064123
35600000065433
35600000065465
35600000066617
35600000067224
35600000067878
35600000071233
35600000071521
35650113000039
36320045200011
37270041900016
37718015300035
37748700400022
37748921600038
37749654200020
37753667700042
37754377200026
37754400200043
37759312400011
37759765300056
37760252900010
37761733700011
37762216200040
37764177400015
37765409000010
37767379300040
37767391801181
37767818000029
37769072200014
37769365000014
37770837500045
37772966000011
37773270600025
37773380300011
37774070900136
37774108700060
37774645800027
37775476700012
37775561600036
37775685300042
37776153100013
37779318700024
37780213700036
37781043700022
37781625100021
37781630100099
37781754900043
37782122800014
37783073200048
37783966701136
37784974000032
37785064900056
37785424500018
37788123000017
37788220400011
37789375500035
37793254600023
37794881500057
37795097700019
37795115700041
37796315200022
37800049100035
37800602700114
37801470800119
37803193400011
37803690900018
37804080200027
37804750000442
37805340900025
37806408300017
37806688000014
37806866200030
37807074200036
37808972600038
37809472600023
37809582200011
37810315400027
37811613100020
37812922500017
37815170800047
37815845500014
37816445300011
37818160600013
37818547400038
37818826200018
37819583800024
37820068700010
37822465300048
37823000700023
37824599700036
37824747200012
37825327200165
37826730600033
37827198500012
37830432300017
37831812500010
37833482500023
37834602700014
37835712300017
37836053100016
37838302000013
37838516500014
37839891100636
37840054300021
37842946800028
37844884900018
37845035700017
37845310400119
37846210500040
37846254300034
37847034800012
37848723500038
37849456100012
37850011000077
37850696800023
37851621500035
37851745200041
37853728600023
37854679000049
37856594900021
37857425500014
37859168900062
37860678400072
37861724500121
37865147500014
37865285300011
37865316600017
37866493200043
37867006100027
37867064000010
37867090500017
37869783300028
37870267400854
37870760800022
37870808500014
37871830800018
37872380300011
37872676400012
37872697000015
37872762200011
37874084900021
37878537200038
37880213600010
37880386000014
37880603800022
37882406400026
37883267900047
37883356000022
37883521900031
37883683700047
37883730600034
37883776900017
37883805600018
37884636400024
37885182800020
37886672700076
37889001600066
37889394500022
37890936000018
37891348700013
37891731400015
37891983100016
37892162100025
37893169500027
37895491100012
37896219500061
37897933000016
37898630100018
37898936200017
37899637500093
37900647100013
37901647000013
37903467100022
37903557900018
37903876300015
37904466200037
37904481100014
37905694800019
37905847200018
37905924900068
37906643400026
37906843000022
37907942900013
37908894100040
37910776600014
37911134700074
37911477000033
37911524900037
37912290600025
37913174100033
37913212900014
37914373800027
37915866000017
37916221700010
37916308200025
37917945000026
37918136500014
37918753700020
37918995400017
37920469600064
37921218600025
37921658300045
37922336500014
37924470000017
37925436000041
37925829600027
37926387400016
37926706500017
37927385700043
37927650400022
37930273000013
37931179800019
37934789100010
37936826900039
37938190800035
37939166700019
37939323400016
37939389500014
37940124300025
37942496300013
37944724600024
37946277300035
37946347400013
37946396100092
37947403400020
37947621100030
37948493400029
37948524600027
37951858200018
37952778100049
37953380500105
37953523000013
37957093000022
37957584800013
37958790002543
37958790002808
37958790003632
37958790005751
37959751100029
37961028000024
