34482294500012
34487305400011
34489281500061
34489647700025
34489765700021
34489978600042
34491363700023
34491633300026
34494449100036
34495251000024
34495792300024
34496919100016
34497427400013
34497927300044
34498770600019
34499463700033
34499673100032
34500262000010
34501401300030
34501756000011
34502936700025
34503003500017
34503195900025
34504097600010
34505595800028
34505658400013
34505850700012
34505896000021
34506272300019
34508617700994
34508617703543
34508617703832
34508617704103
34508617707544
34509215900010
34509440300127
34511013400029
34512008300042
34512023200011
34512082800016
34513048816914
34514366300010
34515294600041
34515715000029
34518462600017
34518911200013
34519104300016
34519513500016
34520383000061
34522580900028
34523100500017
34524129300017
34526076400054
34527125800054
34527582000016
34530369700022
34530645000015
34530688000815
34531016300026
34534505200020
34534624100028
34534656300017
34712005700018
34738457002454
34738576700038
34739143500026
34739219300012
34739797800011
34739851300049
34740438600018
34740445100010
34740944300053
34744261800026
34744346700019
34745168400059
34746605400041
34747872900044
34750985300052
34751858100025
34752162700013
34752286400011
34755334900023
34755677100033
34756179700023
34756846100011
34757064000016
34760637800029
34760781400014
34761788800024
34762636800026
34762740800011
34766667900035
34766773500059
34766942600020
34767885600027
34768396300040
34770273000024
34770934700038
34771494100064
34772072400041
34773154900023
34773367700012
34775588600012
34776626300029
34780244900012
34780605100038
34780772900020
34784290800027
34784607300018
34784615600029
34785094300031
34786210400028
34786326800012
34787689800102
34789665600027
34791162000016
34792671900340
34792671902445
34792837600040
34793488700022
34794228600050
34794677400044
34795813400020
34796082500060
34797970000056
34798132600015
34799386700030
34799682900011
34799889000029
34800409400036
34800684200051
34801231100034
34802631100020
34802643600041
34804654100036
34807270300013
34808668700020
34809977100019
34811322600131
34816277700018
34817207300028
34817300600027
34818159500011
34818332800064
34819414300015
34824848500024
34825680100021
34828808500015
34829247500046
34829926400013
34831585400029
34833228900043
34834219700087
34834436700043
34834734500053
34835229500029
34837920700015
34838976800014
34839848800059
34841051500046
34841715500010
34842341900012
34845183200011
34846504800018
34847716700012
34850690800014
34852916500022
34853608700045
34854005500020
34855302500027
34858445900013
34859934100016
34860398600020
34860669000017
34861083300017
34861331600010
34866085300014
34866213100021
34866351900018
34866842700043
34867416904953
34867981200019
34869867100065
34871463500045
34872674600012
34873556400018
34874791600024
34877260900031
34877921600012
34878611200022
34879032000470
34879116100055
34879210200025
34880341200017
34881370000054
34881786700016
34883861600012
34886160000016
34886957900055
34888467700132
34889251400012
34891655200022
34891834300065
34892006700033
34892940700040
34893725100018
34894943900015
34895278900058
34895780400043
34896555900019
34896746400051
34898200000062
34898259600010
34900611400046
34900997700019
34902138600017
34902568400011
34902954600026
34903195500041
34905414800052
34907220700013
34907250400021
34908596900013
34909302100021
34909871500122
34909939000024
34910528800022
34910818300022
34911679800019
34912219200017
34913596200026
34913906300011
34916359200018
34916411100016
34918574400019
34919424100031
34920005500011
34921785100022
34922172100013
34923169600049
34927360700011
34927810100028
34928305100028
34928786200016
34928892800014
34929177300027
34930730600036
34931200900013
34932948200021
34935399500013
34936026300025
34936074300018
34938254900039
34939216700012
34939429600066
34940070500019
34941208000021
34941214800018
34942237800027
34942582700038
34943311000021
34944462000018
34944540300018
34945461100022
34946550000057
34946684700010
34947290200023
34947382700013
34947781000015
34948226500023
34950668300011
34950703800017
34951551000015
34952016300016
34953308300037
34953596300012
34953799300033
34954102900014
34955446900032
34956257900038
34957622300060
34959002600028
34959077800016
34959594200047
34960353000032
34962824800024
34964544000018
34964792500016
34965386500015
34966468000064
34967418400016
34967485300040
34967865600019
34970522800014
34972131600017
34973409500079
34974546300019
34974696600010
34974759200021
34975065300017
34976141100017
34978613700019
34980375900068
34980451800018
34980468200012
34981322000069
34981440000041
34981950800038
34983996900038
34984821800013
34986559200019
34987373700028
34990254400031
34990693300024
34991389700014
34992394600025
34993094100019
34995259800010
34995810800012
34997254700013
34997493101114
34998541600016
34998621600027
34999541500016
34999621500027
34999683500014
35002028500010
35002219000010
35002579700019
35002743900016
35003593700027
35004161200010
