34483139100018
34483861000014
34484093900013
34484374300255
34484374300545
34484805600059
34487593500027
34488032300029
34488598300033
34488620500022
34488915900036
34492170500028
34492733000029
34494053100017
34494426900010
34494858300036
34496814400040
34497558600019
34498114700038
34499696200025
34501594500016
34501729700051
34505836600047
34506791200021
34507041100029
34508055000022
34508617700705
34508617702966
34508617705472
34508617705597
34509726500010
34510095200034
34510779100013
34512042200018
34512107300018
34512533000026
34513048804662
34513048809216
34513048818928
34513048826947
34513048829529
34514433100054
34514745800029
34514842300030
34515345600057
34515469400284
34516178000043
34517009600019
34517045000018
34518024400013
34518759500011
34518993000018
34521584200047
34521986900012
34522893600042
34522926400022
34524127700036
34524399200012
34528201600319
34528723900015
34529008400044
34530278000019
34530688000765
34531696200033
34532344800018
34532888400019
34533145800074
34536639700015
34536719700026
34537885500026
34540443800029
34575076400036
34707040100042
34738181600029
34738457002579
34739807500023
34740633200028
34742018400033
34742183600011
34743322900023
34746175800018
34746193100011
34746367100011
34747346400043
34748287900066
34749744800030
34750559600010
34750745100016
34752676600014
34752849900010
34753692200011
34754168200014
34756061700016
34756786900040
34758637200042
34761419000036
34761656700017
34762078300055
34762439700027
34763449500035
34765409700018
34768719600027
34768721200014
34770652500032
34773566400125
34773817100011
34773828800013
34774711500025
34775068900023
34775515900014
34775533200017
34776879800048
34777521500044
34777536300083
34777758300092
34777787200024
34778391200012
34779104800031
34779697100047
34779737500016
34781339600020
34781569800019
34782117500010
34782139900016
34782265200025
34782866700027
34783008500010
34783092900019
34785233700026
34787539500019
34789480000056
34790134000021
34790204100016
34790560600054
34791874000049
34791956500072
34792362500060
34792670100017
34793261800023
34794025600014
34795119600042
34797823100053
34797838900018
34799996300015
34800450800035
34801791400030
34802754100054
34803063600016
34806627500010
34806961800075
34807736300029
34807972400012
34808468200023
34808543200048
34811352300016
34812111200018
34812597200011
34812694700020
34814230800017
34814292800012
34814482500018
34815337000021
34818897000035
34821159000016
34822026000031
34822094800932
34822618400045
34823277800012
34823307300033
34824704000010
34826078700034
34826670100013
34827156000057
34827513200010
34829265700023
34829482800036
34829567600038
34831629000058
34831747000022
34832415300025
34832786700019
34833426900050
34833580300022
34833581100108
34833735300018
34834372400012
34835644500026
34835707000013
34837340800031
34837883700028
34839848800034
34841381600011
34842608100025
34842803800015
34843615500017
34844398700022
34845742500059
34846075900015
34847150900011
34847622700015
34848242300020
34848700000021
34848735600043
34851293000069
34852218600017
34852549400046
34853070000072
34855518600017
34855984000023
34856089700020
34856399000012
34856864300020
34857630700014
34857958200019
34858382400019
34859353400012
34859760000033
34859983800037
34860155000018
34860554400017
34860741701194
34862231700074
34865514300041
34867416901694
34867416902601
34867416906321
34867811100025
34867989500071
34868464800044
34868976100024
34872367700038
34872799100047
34873057300030
34874635500018
34875457300023
34876786400013
34876885400013
34877011600070
34881705700014
34882702300022
34882910200022
34883629700070
34884595900033
34885155100021
34885295500015
34886644300024
34887345600076
34887854700028
34887942000043
34888331500429
34890162000073
34890308900020
34891140500051
34891165200017
34892179200027
34892687400010
34892738500024
34892917500068
34893890300013
34893996800015
34894182400016
34894827400017
34894965200013
34895090800031
34895844800014
34895870300038
34897426200019
34899155501641
34899836000047
34899980600063
34901679000074
34902627800011
34902923100025
34904015400016
34904446100029
