34482664900016
34483163100017
34485069800053
34485206600010
34485381700049
34486284200012
34487043100063
34488013300014
34488735100015
34488949800020
34489556000011
34493261100041
34493578800028
34496209700046
34497232800019
34499731700021
34499769700018
34501588700036
34502200800022
34502972200039
34503605700015
34504386300017
34505168400099
34506331700027
34506618700039
34508087300150
34508617700432
34508617702321
34508617704442
34508617705308
34509121900013
34510226300018
34510829400058
34510829400066
34510918500016
34511066200029
34512342600040
34513048801528
34513048806592
34513048811022
34513048818852
34513048822151
34513048824819
34513048827374
34513439900012
34513522200015
34514612000034
34517135900051
34517941000013
34522176600016
34522646800048
34523812500016
34525343900011
34526339600011
34529190000016
34530031300250
34530922300021
34531477700037
34535586100021
34535657000027
34535822000019
34540620100011
34738457002686
34740421200016
34741600000037
34742100000048
34743000100037
34743293200015
34745712900026
34748044400012
34748059200059
34750737800037
34750990300014
34752620400024
34752684000033
34752816800011
34753804302895
34753804303216
34758111800028
34758446800032
34759026700014
34759554800038
34760061100029
34760628700030
34761867000025
34765160600027
34765226500039
34766971500026
34768702200033
34770024700021
34771134300017
34771820700017
34773128300011
34774736200015
34775432700026
34775924300012
34775959900017
34776571100010
34776997800045
34778920800019
34780213400036
34781644900016
34783040800014
34783658700035
34784998600026
34786031400033
34786389600028
34787512200017
34787884500010
34788429800014
34790206600039
34790483100018
34790590300055
34791139800019
34792371600034
34792432600015
34792671902395
34793195800065
34793582700019
34794568500019
34794768100016
34795491900069
34796056900015
34797345500046
34797823100046
34799156400068
34801229500021
34801390500214
34804147600014
34804460300051
34805468500014
34808947500035
34809997900026
34810357300047
34810931500013
34811198000036
34812222700039
34813414900049
34816655400017
34816921000013
34818061300039
34818207200010
34820115300023
34820564200021
34820771300176
34821440400173
34822394200056
34824369200038
34825561300021
34826461500017
34829109700015
34830108600032
34831648000055
34833909400024
34834637000029
34837531200025
34837911600042
34838069200023
34838172400023
34838205200044
34839182200049
34840294200026
34841412900018
34842127200025
34843397000020
34845182400042
34845344000037
34850009100015
34850443200090
34851513100012
34853766300026
34855506100012
34856026900014
34858550600010
34860749000011
34860910800058
34861019700025
34863333000025
34863471800012
34866916900024
34866939100016
34868699900015
34871239900024
34872337000055
34874127300018
34875304700078
34875407800031
34875625500025
34876844100019
34877119700012
34878285500020
34878900900043
34880920300014
34881238900040
34881270200010
34881271000013
34881418700012
34882647000018
34882794000019
34883435900021
34884431700019
34884878900015
34885080100039
34885529700027
34885651900015
34885949700029
34887279700017
34887735800054
34888176400016
34890049900016
34890626400018
34890693400016
34892909200024
34893185800016
34894049500040
34895137700012
34896284600013
34898441000012
34898960900048
34899155500544
34901848100029
34904595500011
34904745600026
