34484499800213
34485160500016
34485567100014
34486346900047
34486775900039
34488003400048
34488210500010
34489860600027
34491050000018
34492734800013
34493625700015
34494128100034
34494264400073
34496163600018
34496783100035
34497191600020
34497638600054
34497878800042
34498005700048
34498717700013
34499637600028
34499835600010
34500740500011
34502166100078
34502296600047
34504062000030
34505609700016
34507219300039
34508264800055
34508559100013
34508617701414
34508809000013
34509536800014
34511253600023
34511444100016
34513048805735
34513048813135
34513048823043
34513048827002
34513048829982
34513085000018
34515311800020
34516081600061
34518027700039
34518583900015
34518709000013
34519138100010
34519503600024
34519630700044
34519733900012
34520472100012
34520867200013
34522653400021
34523200300037
34525508700099
34525531900039
34528469900054
34528661100032
34529054800048
34530924900026
34530966000032
34531993300015
34532494100029
34532511200026
34533464300011
34534588800027
34536699100015
34536842700018
34540213500031
34585009300039
34738054500025
34738186500075
34738204600014
34738635100014
34739482700013
34741912900015
34742671000021
34743688300016
34745189000029
34745256700014
34745303700041
34745793900028
34747938800014
34753329100022
34753804300576
34756623400014
34759936700039
34760501600075
34761040400035
34761313500057
34761378800012
34761753200044
34761850600021
34762776200011
34763115200035
34763816500022
34764138300018
34765212500019
34765763700018
34767015000213
34769187500012
34770798600035
34771060000037
34772072400017
34773054100039
34773242200014
34774003700036
34774281900027
34775136400014
34775925000017
34776271800018
34776891300043
34778534700027
34778654300012
34778959600090
34779475200050
34779924900029
34780600200072
34780600200197
34782068000010
34782237100022
34783177800035
34784744400044
34785025700010
34785956300012
34786186600049
34786565100025
34786705300014
34786739200032
34787233500018
34793713800035
34794048800096
34796684800017
34798075700046
34800262700019
34802875400011
34803610400019
34804434800541
34805031100029
34805070900024
34806130000011
34806307400051
34806431200112
34806994900017
34807433700026
34807981500018
34809071300010
34809524100017
34812910700044
34814032800025
34816194400023
34816866700353
34817663700083
34818220500016
34819137000025
34821371100032
34821647400018
34821874400012
34822168000021
34822394200072
34823839500027
34824330400030
34824727100045
34827950600037
34829597300013
34829697100024
34829866200050
34829881100012
34830027800051
34831286900020
34832444300020
34833786600035
34833955700061
34837565000028
34837854800021
34838049400065
34839672200046
34840996200050
34844846500016
34847660700026
34847801700018
34847866000015
34849887400034
34850880500010
34852562700017
34853237500014
34853441300029
34853659000048
34854231700014
34856224000013
34856875900016
34859045600011
34860376200033
34862062600047
34864476600019
34865525900011
34866229700038
34866313900023
34867416902775
34867416903450
34868862300035
34870910600010
34871668900016
34872165500028
34872692800016
34873856800040
34875121500024
34875826900032
34876078600023
34876382200015
34876560300058
34877032200025
34877187400057
34877664200012
34879032000215
34879032000298
34879041100022
34880718100014
34882061400025
34882141400045
34884369900011
34884424200043
34885679000012
34886510600010
34886792000061
34887046000022
34887211000021
34887578200016
34888875100040
34890104200021
34891454000011
34894600500041
34894605400015
34895722600015
34896245700027
34896743100019
34899155501385
34899155501955
34899159700017
34899397300026
34899750300043
34900455600016
34901186600028
34901781400014
34904009700017
34907395700020
34908208100010
34908982100079
34909499500033
34910620300079
34910898500020
34911480100021
34911816600066
34913574900027
34913787700016
34916984700010
34917331000013
34918843300024
34920230900010
34921500400038
34921927900032
34922252100016
34923215700033
34928327500106
34928432300087
34928533800019
34929188000079
34930106900010
34934275800068
34936280600011
34936811800015
34940197600015
34940302200016
34942201400010
34942584300043
34943616200029
34946008900015
34946071700029
34946171500022
34947576400016
34948792600017
34949170400095
34949617402241
34949672900014
34949819600063
34950124700028
34950948900044
34950963800012
34952091600025
34953493300057
34953571600014
34953887600096
34956295900016
34956457500026
34957566200011
34958501800022
34958780800024
34959058800076
34959631200018
34960990900032
34961272100028
34963222400011
34963822100029
34965092900012
34965137200014
34965337800019
34965405300017
34966902800020
34968755800016
34968898600034
34970549100018
34971615900018
34972934300021
34973373300019
34974559600024
34974894700018
34975041400048
34975350900026
34975405100010
34975705400011
34978562600012
34978923000019
34981258600056
34982189200024
34983253500117
34984594100021
34986791100027
34987243200027
34987859500025
34987942900026
34991041400045
34991499400018
34992389600055
34992482900022
34995079000023
34995670600031
34996029400016
34997134100012
34997336200016
34997551600080
34999277600014
34999344400067
34999544900015
34999868200018
35000209300036
35000909800012
35001480900015
35001901400017
35002953400012
35003181100010
35005821000039
35006338400027
35006372300026
35006682500018
35007299700033
35008517100014
35010175400041
35010561500016
35010685200030
35011645500030
35012285900019
35012488900022
35012595100037
35012706400011
35016143600018
35016185700049
35017121100013
35017229200012
35017436300035
35018074100018
35018407300038
35019525100029
35024497600022
35025093200026
35032748200013
35033540200029
35035773700021
35035962600016
35037147200019
35037362700016
35037750300015
35039965500041
35041394400074
35046777500044
35047192600013
35047498700012
35049024900041
35049987700115
35051796700013
35051811400037
35052975600016
35054046400012
35054664400013
35055267500034
35055850800015
35057672400016
35057998300023
35058946100010
35059830600024
35060839400010
35061198400013
35061882300016
35062998600877
35063510800011
35064348200077
35064774900018
35065222800049
35065384600013
35068179700048
35068322300019
35068978200042
35069166300032
35069425300054
35072030600033
35074848900019
35075568200027
35076558200035
35076969100014
35077897300015
35079929200015
35083272100053
35083478400018
35084220900024
35085756100053
35086168800025
35087562100012
35088275900011
35088954900050
35089002601062
35092576400010
35093404800017
35094326200054
35096334400014
35098114800025
35098119700014
35099485100045
35099798700036
35100005400053
35100183900072
35100490800023
35101129100017
35101142400022
35101224000021
35102845100018
35102901200041
35103757700035
35104029000071
35105038000010
35106134600018
35107378800017
35108443900022
35109348900018
35110189400019
35110436900027
35110497100020
35112238700019
35112596800021
35112688300021
35114255900035
35118044300019
35120331000039
35122505700014
35124781200016
35125668000015
35127674600028
35129933400067
35130273200026
35130730100017
35130891100020
35131115400022
35131245900032
35131275600015
35132121100051
35132776200024
35132914900022
35134843800042
35135107700018
35135565600031
35136488000010
35136808900048
35138956400029
35143110100010
35144159700017
35144208202049
35144208204649
35144208205075
35144208205315
35144208206446
35145694200017
35146072000037
35146591900014
35148853100010
35150266100025
35150645600018
35156960300019
35157007200030
35157232600020
35157402500034
35157462900058
35157952900022
35160267700020
35160631400018
35161634700016
35162716100018
35163476100024
35165351400015
35165747300010
35166528600016
35167263900017
35167583000068
35170997700026
35171353201922
35171929900015
35173548500150
35173944600018
35175378500028
35176913800071
35177860000012
35178389900013
35178704900078
35178810400013
35180157600015
35180555100055
35181269800360
35181627700021
35182227500019
35183525100049
35183624200013
35183958400023
35184815500013
35185636400028
35185749500011
35186899700021
35188504100035
35188780700011
35189713700011
35191729900023
35191787700018
35196316000046
35197377100014
35200262000016
35202017600017
35202108300022
35202608200029
35205944800014
35207354800021
35207753100015
35208004800015
35209679600029
35209886700026
35210189300019
35210815300011
35211639600024
35211803800012
35213179100027
35213186600027
35216469300017
35217156500026
35218565600035
35219300701039
35221749100013
35222519700016
35222593200016
35222601300097
35225555800012
35225864400090
35225913900017
35226770200061
35227143100061
35228180200061
35228732000019
35229241100027
35230028900027
35232302600042
35236417800017
35237207200012
35238218800048
35238223800025
35238357400048
35240296000012
35241841200024
35242726400028
35243218100084
35244061400019
35244602500012
35245304700016
35245792300022
35245804600013
35246188300022
35247222900017
35248334101353
35248334102096
35249142700014
35251229700032
35252468000027
35255232700012
35256669900018
35257172300019
35257543500016
35263341600024
35263431500027
35264026200015
35264852100024
35265040200014
35265880100043
35266805700032
35267469100022
35268702400021
35270259100053
35272043700016
35272561800016
35273300000017
35273941100788
35276872500017
35278773300026
35280203700056
35280239100032
35281129300013
35281703500103
35283980700018
35285944100011
35285982100014
35286156100020
35286727900031
35287340000027
35287430900011
35288265800045
35288357300011
35288693100034
35289212900011
35289802700151
35290172200012
35290424700033
35290662200019
35290947700031
35291725600021
35291853600033
35292023500012
35292605900044
35293923500011
35294348400076
35294724600026
35298361300014
35299742300012
35302043100022
35303123000025
35303525600042
35304338300028
35306048600019
35307148300013
35308470000023
35308848700023
35310354200018
35311149500043
35311922500020
35311942300013
35312521400018
35315434700044
35316110200010
35318650500064
35318825300051
35318975600011
35320216100017
35320467000015
35320624600012
35320705300011
35323000600010
35324356100027
35325241400043
35325851000018
35327498800024
35327767600022
35328399700016
35328519000024
35328564600025
35328653700025
35329182600025
35329536300058
35330446200016
35331391900014
35332379300011
35332486600022
35333743900031
35334111800035
35335013500011
35336513300043
35340920400032
35341220800020
35341385900045
35341660500023
35343471500036
35344046400231
35344546300139
35344626300017
35346718600014
35347945400012
35348244100022
35349342200029
35350701500033
35351138900028
35355913100183
35356793600078
35356840500024
35357224100027
35357267000027
35357849500015
35358261200027
35360374900022
35361082700084
35361246800028
35361358100035
35363026200015
35363391000016
35365474200017
35366784300018
35367053200012
35367772700011
35368062200019
35368102600012
35368130700016
35368884900044
35369702200021
35369717000069
35371268000019
35372684700034
35372939500023
35374084800042
35375122500015
35376289100029
35378665000013
35380048500099
35380086500027
35380088100016
35381355300016
35381805700013
35382102805133
35383313000027
35383387400020
35384437600049
35384896300016
35384948200016
35384983900058
35385474800012
35386604900011
35387669100018
35388422400018
35390853600025
35391093800011
35392368300026
35392648800035
35394066100021
35396444800016
35396827400012
35397332400034
35398380200037
35399529300019
35399591300038
35399933700010
35400613200022
35401929100021
35402025700011
35402407700019
35402597500013
35402754200050
35405563400019
35406206900027
35406805800016
35408442800086
35408678700034
35520069200026
35600000001839
35600000009363
35600000010785
35600000014826
35600000015609
35600000016185
35600000016842
35600000018944
35600000021756
35600000022453
35600000022845
35600000023907
35600000024299
35600000029244
35600000029424
35600000033591
35600000033785
35600000033947
35600000041961
35600000043554
35600000044698
35600000045732
35600000045764
35600000048626
35600000049080
35600000050065
35600000055830
35600000056118
35600000056942
35600000058305
35600000058841
35600000060163
35600000063313
35600000066022
35600000067918
35600000070031
35600000070527
35600000071297
35600000071418
35680157101245
35720005400124
36140279500021
36320031200033
37220104600011
37585034400157
37697101600013
37748270800056
37748417500015
37750080600015
37752607400028
37753329403183
37753329403423
37753354200025
37753489600040
37753666900015
37755833300029
37758449500032
37758611000019
37758629200023
37760985400015
37761547100085
37762355800022
37763491000022
37764109700037
37764525400014
37764804300018
37766810800030
37767098900021
37767110200012
37767391801793
37768234900016
37768933600024
37769024300011
37770508200016
37770547000013
37770835900015
37771381300022
37772356400011
37772505600016
37773606100021
37774459400039
37779303900027
37779327800021
37780146900026
37783126800018
37783966700500
37784666200015
37785438500079
37786197600209
37786828600057
37788567800021
37790168100033
37790285300037
37792593800013
37793787500039
37794158800016
37794464000012
37794925000015
37795460700059
37796429100019
37796607200045
37797464700028
37797582600027
37798262400019
37799840600013
37800407100015
37800720700012
37801470800093
37802890600014
37802951600010
37803300500018
37803642000016
37804109900011
37806982700012
37807925500022
37807962800012
37808677100011
37809040100019
37811411001198
37814252500021
37814854800043
37815065000026
37815408200010
37816135000053
37816663100028
37818192900027
37818540900018
37820180000067
37820254300013
37821957000017
37822648400012
37823010600023
37823827300031
37823997400447
37824134300037
37824987400033
37825305800010
37825408000013
37826478200012
37827243900027
37830273100013
37830539500014
37830595700078
37832261400033
37832677100011
37832966800131
37833121900055
37833331400011
37833614300664
37833962600020
37834436000029
37837315300014
37838044800035
37839675800047
37840970000010
37841521000012
37841756200022
37842286900024
37844059800027
37844273500031
37844359200019
37844561300052
37844574600027
37844713000014
37845714700031
37846305300017
37848762300050
37851366700022
37852332800011
37852410200019
37852551300016
37854160100035
37860207200019
37861165100019
37863283000022
37864074200037
37865192100017
37866268800035
37866276100014
37866681200011
37867111900071
37868618200049
37868795800017
37869453300043
37869591000018
37870042100019
37870457100017
37871907400015
37872513900018
37872620200013
37874056700060
37874097100023
37874196100015
37874658000018
37876229800024
37876875800039
37877101800058
37877981300013
37878750100014
37878861600019
37879299800015
37881089900088
37881880100011
37882166400018
37882617600026
37882714100011
37884531700015
37886249400010
37887360800053
37888214600020
37888823400556
37888992700067
37889395200036
37891162200066
37892219900013
37892509300015
37894835000012
37895368100012
37897565000037
37898688900012
37898935400014
37899447900046
37901199200011
37903107300073
37903456400045
37904428200018
37905665800022
37907520300024
37907902300022
37910864000028
37911214700010
37911274100028
37912343300011
37912646900020
37912679000011
37912996800010
37913390300037
37913908200018
37914175700029
37914443900013
37914512100016
37914757200018
37915151700016
37916120100023
37922131000038
37922640000024
37923590600029
37928632100011
37929425900013
37929853200068
37929989400012
37931015400024
37931111100023
37932626700042
37933074900027
37933718100018
37934398100013
37935050700016
37935875700019
37937034900068
37937413500026
37937771600012
37938746700028
37940137500025
37941345300026
37943219800040
37944640400046
37944991100013
37945421800064
37945736900013
37946071000013
37946732700027
37948636800044
37950099400015
37954160000019
37954391100042
37954805000051
37954972800028
37954977700017
37956357000033
37956564100030
37957023700014
37957774500019
37957888300074
37957888300132
37958310700402
37958419600032
37958665400020
37960022400016
37960187500022
37960197400692
37962171700022
