34482479200149
34482545000010
34483888300017
34483914700057
34484307300026
34484762900021
34486479800022
34486526600011
34487617200075
34490004800028
34490071700010
34492677900044
34493017700011
34494859100013
34494995300022
34496340000017
34498677300010
34500602701756
34503941600846
34506892800018
34507085800013
34508617700499
34508617700838
34508617701992
34509174800011
34509604400010
34510581100045
34511048000026
34513048806261
34513048806568
34513048823639
34513048825642
34513048827044
34513455500027
34514559300017
34515092400024
34515547700010
34517422100050
34520066100022
34521921600032
34524704300010
34525515200034
34526866800018
34527810500019
34528060600020
34528860900018
34530333300032
34531359700022
34532559100021
34533590500013
34534273700045
34536401200012
34540166500079
34541000500010
34738457002173
34738457002561
34742252900078
34743534900035
34744144600031
34744439000020
34745897800017
34746299600013
34747021300013
34747413200011
34747442100075
34749415500067
34751009100015
34751020800023
34753804300063
34754013000049
34755434700042
34757863500018
34759497000068
34759619900021
34759686800021
34761126100038
34761236800022
34761254100032
34766432800031
34766710700077
34766831100017
34767068900020
34767793200019
34769219600046
34772720800014
34772837000011
34773089700027
34774608300034
34776857400035
34777447300016
34778774900048
34779472900058
34780149000041
34780170600032
34780603600021
34780969100012
34783908600019
34784695800010
34788292000015
34789098000027
34789641700024
34791131500039
34792671901272
34792671902296
34792958000020
34793417600012
34795730000010
34796296100020
34798995600011
34801648600022
34801743500010
34801973800031
34802308600013
34805619300017
34806028600013
34806938600012
34808786700019
34808869100020
34809208100028
34810104900016
34811115400012
34811425700044
34811962900023
34812472800067
34812517000038
34813155800028
34814938600016
34815406300039
34816433600011
34816498900017
34817930000010
34819406900061
34820444700026
34820894300012
34821756300041
34821966800020
34821972600026
34823586200045
34824240500010
34824288400024
34824442700038
34824586100037
34824613300014
34825761900034
34827586800019
34828470400023
34829395200027
34832133200028
34832481500029
34832778400032
34832921000028
34833254500014
34834311200028
34834976200032
34835200600020
34835439000018
34835924100059
34837191500011
34841388100023
34841550601303
34842668500015
34843438200027
34843889600014
34845847200035
34847117800023
34850996900021
34851093400055
34851997600016
34853333200014
34853380300022
34854346300023
34855367800015
34855839600019
34856700900017
34857151400010
34858559700050
34858576100029
34859829300028
34860013100026
34860309300017
34862349700016
34865986300024
34867416901256
34867416901850
34867908500020
34868399600030
34868712000025
34868896100013
34868924100019
34869058700012
34869436500035
34870729000022
34870810800017
34871043500010
34871397500012
34872462600018
34873877400010
34876200600479
34876493700044
34876929000027
34878905800073
34879212800012
34879517000011
34881545700018
34881892300016
34885442300012
34886038800043
34886598100016
34887946100013
34889929500276
34890847600016
34891214800015
34892892000027
34893701200378
34894839900012
34895447000038
34895886900029
34897306600023
34897446000019
34897700000036
34898436000019
34898688600011
34899155500841
34899394000066
34900076000034
34900899500087
34901216100015
34901387000028
34903176500010
34903642600048
34903923000025
34904257200025
