34486890600027
34487010000130
34487673500012
34489112200030
34492924500019
34494079600040
34495588500019
34496564500015
34496894600014
34496982900011
34497412600015
34497655000048
34498416600035
34498764900029
34498791200013
34499059300016
34499398500011
34500122600025
34503056300018
34503781600013
34504038000031
34504839100055
34506618700021
34507026200067
34507121100022
34508617703451
34508617704517
34508617705530
34508617705894
34508731600013
34509644000010
34509922000013
34511516600026
34511637000072
34513048804167
34513048810545
34513048814505
34513048826442
34513048827192
34513513100166
34515072600031
34515406600020
34516217600019
34518461800022
34521152800038
34522836500044
34523027000034
34523758000013
34524722500039
34524897500178
34524924700023
34525386800011
34525609300047
34525612700027
34528350100012
34528368300034
34528408700045
34530892800026
34531213600012
34531440500035
34532753000019
34532939500015
34533718200025
34534536700014
34535610900016
34537489600040
34537680000065
34538166900034
34538276600029
34540749800038
34605002400063
34739498300014
34740230700131
34740230700289
34741001100048
34742610800010
34744102400036
34745346600026
34746097400012
34746738300019
34746825800038
34750700600026
34751217000064
34753109700033
34754625100013
34755525200019
34756368600018
34756424700018
34756713300066
34756916200030
34757105100023
34757293500042
34758223100382
34758765100014
34759379000012
34760896000022
34763484200012
34764665500055
34765819700038
34765847800024
34766791700012
34767967200019
34768435900032
34769813600012
34771085700058
34771917101244
34772012000034
34772646500060
34774799000021
34774890700040
34776491200015
34777121400017
34777164400049
34778140300014
34778810100017
34779379600017
34780820600010
34781507800139
34785316000013
34785589200035
34787059400079
34787894400037
34787897700037
34788050200039
34789786000016
34790625700048
34791011900010
34792286600020
34792671902213
34792881400032
34793836700021
34795046100025
34796742400016
34796989100014
34800714700039
34802011600011
34802317700051
34802504000034
34803771400014
34805031100037
34806945100022
34807335400014
34808576200022
34808838600027
34810854900042
34812373800026
34813768800050
34813802500021
34813872800012
34816811300010
34816910300028
34817369100034
34817605800041
34817659500018
34817798100027
34817800500024
34819169300012
34820759800023
34822040100015
34822394200015
34823984900014
34826848300024
34827392100034
34830520200023
34836961200034
34837173300026
34839070900049
34841854200018
34844301100039
34845260800014
34845395200015
34846911500029
34847426300012
34848223300015
34848574900017
34848632500023
34849020200085
34851807700022
34853224300022
34853269800035
34854763900016
34854804100055
34854925400020
34855448600012
34855608500036
34856184600018
34857650500047
34858345100029
34859145400015
34861784600012
34862250700013
34863872700019
34864851000017
34865382500029
34866053100024
34866540700014
34867208000028
34868932400021
34870085700025
34870279600015
34872336200037
34875629700027
34875851700018
34876996900042
34877010800010
34877512300022
34879527900028
34880429500098
34881109200041
34881997000016
34882806200011
34885223700018
34889112800020
34889132600020
34891082900012
34891127200014
34891799800034
34892698100039
34894189900018
34895352200011
34895692100038
34895796000019
34896233300046
34896906400024
34898041800019
34898206700020
34898847800056
34899155500221
34899155500676
34899868300026
34899994700024
34902025500023
34902464600011
34902948800021
34904102000059
34904441200014
34904713400011
34905880000013
34908068900020
34908198400024
34911243300033
34911929700027
34913145800011
34914785000011
34915123300021
34915906100028
34917545500014
34918096800035
34918327700012
34918942300016
34918954800010
34920677100025
34921316500013
34921774500026
34923317100017
34924184400019
34924716300018
34925264300037
34926433300023
34926444000083
34927044700023
34927136100033
34927485200012
34928736700032
34929988300018
34935271600014
34935711100013
34937873700010
34938155800015
34938191300020
34938498200022
34939281100015
34939298500017
34939439500025
34940614000021
34942582700020
34943125400060
34943942200024
34944016400029
34945836400016
34946384400010
34947395900014
34947666300027
34949486400011
34949943400018
34950585900018
34950767300169
34950973700020
34951341600017
34956952500018
34956962400068
34957358400019
34957813800019
34957863300019
34958797200051
34958853300019
34958933300047
34959902700027
34960337300011
34960661600010
34961090700017
34961375200071
34961857900016
34962083100017
34962649900017
34963663900024
34964725500018
34965093700056
34965117400089
34965742900024
34966393000015
34966514100017
34966744400021
34967420000028
34968704600038
34970175500044
34971565600048
34973514200029
34974203100017
34974317900708
34976442300019
34976639400028
34977834000035
34978171600049
34978771300040
34980486400230
34980562200041
34982415100014
34989036800013
34990441700012
34992857200040
34992938000047
34993940500016
34997493101528
34997493101551
34997832000027
34998843600037
34999036600032
34999144800011
34999356800030
35000440400025
35000970000013
35002198600012
35003152200021
35003429400016
35004395600019
35005058900406
35007146000033
35007813500018
35008692200027
35009954500062
35010061600027
35010719900035
35011275100028
35013464900051
35013670100017
35014628800013
35014674200035
35016908200012
35018204400023
35019546700013
35020311300021
35020525800014
35020661100039
35021135500010
35023223700031
35023706100014
35024603900696
35024636900010
35024825800021
35025406600052
35025763000086
35026529400024
35027246400032
35027248000038
35029215700012
35029512700020
35030267500045
35030553800026
35031966100012
35032729200032
35033957800022
35034600300014
35034749800015
35035971700013
35037493000021
35038276800017
35039047200040
35039459900012
35039618000035
35044074900017
35045018500011
35046661100018
35047262700016
35049151000029
35049584200014
35050309000010
35056567700035
35056590900032
35057670800027
35058329000019
35059424800014
35060250400077
35061280000036
35063153700023
35063363200038
35063395400036
35064160100025
35064183300016
35064670900039
35064817600013
35066783800022
35068242300016
35070429200019
35073242600076
35075391900041
35075528600019
35075715900016
35075950200064
35077898100018
35079457400011
35080274000018
35080327600012
35080928100016
35081143600020
35083429700052
35083728200028
35084743000013
35085026900019
35085175400035
35086962400014
35087536500016
35088924200011
35089750000038
35089796300012
35089876300031
35089886200015
35090331600072
35090331600080
35091639100104
35092392600017
35093112700020
35093800700027
35094616600013
35095409500013
35096678400018
35096701400019
35096834300011
35097221200053
35097563700017
35102152200039
35102652100010
35103118200014
35105028100010
35105435800012
35105664300031
35105682500018
35106349000103
35106614700023
35106808500015
35107263200018
35108529500019
35111988800011
35112838400028
35114224500023
35115241800023
35116845500019
35117395000020
35118715800024
35119766000043
35119845200010
35121465500026
35121565200014
35122621200030
35122891100035
35123377000038
35124459500036
35124798600018
35125965000031
35126354600019
35126436100020
35126630900019
35127201800018
35127229900055
35127468300017
35128895600011
35129251100059
35129343600017
35131547800013
35135075600018
35136045800019
35136878200030
35137610800087
35138213000018
35138220500026
35139572800048
35140572500026
35141411500029
35142234000015
35142350400023
35143529200021
35143823901126
35143883300011
35144208201561
35144208204219
35144208207816
35145416000018
35145771800036
35151260300017
35153002700025
35153459900011
35153481300057
35154700500014
35155320100010
35155602200033
35155988500022
35156575900021
35157265600012
35157288800144
35157288800391
35157523800016
35157986700026
35159679600018
35163540400046
35163740000018
35164251700012
35165540200011
35166238200016
35166966800011
35166976700011
35167382700017
35171353201526
35173862000035
35173878600034
35174572400184
35175191200020
35177033400024
35177682800011
35177747900012
35179434200029
35179876400525
35180867000027
35181985900569
35183510300018
35183740601177
35183740602316
35184161400040
35185211600018
35185456700077
35186962300014
35187550500031
35187695800015
35188182600033
35188543900049
35190023800012
35190630000048
35191407200035
35192262000049
35192980700011
35193325400028
35195351800013
35197842400023
35199122900037
35199212800014
35199740800015
35199823200018
35201683600111
35208571600046
35209098900018
35209771100019
35210872400035
35211686700032
35212204800049
35212648600013
35213507300042
35214142800065
35216284600047
35217240700020
35219430200027
35220555300030
35220576900016
35220869800014
35221770700087
35222340800019
35223553500015
35223769700037
35224021200022
35224216800024
35225355300023
35227569700022
35227773500010
35228130700012
35228250300023
35229405200050
35230649200013
35230750800015
35231415700020
35232117800019
35234936900020
35234972400018
35236723900543
35236756900014
35240279600010
35240718300016
35240829800052
35241170600067
35242444400037
35243883200011
35244181000012
35245285800017
35245768300014
35248334102245
35248334103011
35249842200026
35250673700019
35250699200051
35252056300011
35253321000014
35255889400023
35256481900030
35256572500012
35257643300010
35258016100011
35258145800028
35258249800015
35258757000040
35258967500011
35260947300041
35262043900013
35262145200015
35262191600019
35262763200016
35263460400016
35265802500015
35266889100018
35267076400013
35268305600043
35268833700034
35268846900068
35270326800016
35270535400012
35270819200021
35272374600025
35272939600015
35273436200010
35274355300013
35275887400023
35276353600039
35276775000016
35278085200013
35278402900030
35278714700045
35281923900018
35284166200047
35286063902211
35286063902740
35288428200018
35289528800038
35290187000027
35290525100018
35290580600043
35290770300016
35291231500012
35291457600017
35292074800014
35292106800032
35292612500019
35292781800034
35293575300058
35293992000018
35296864800019
35297865400098
35298182300037
35298952900024
35299012100027
35301075400011
35301468100012
35301591000022
35302676800047
35305296200019
35305362200026
35306606100014
35307252300023
35307430500015
35308096300013
35308400700031
35308804000012
35309879100026
35310483900041
35311838300028
35312366400016
35313190700019
35314279700011
35315087300043
35315480000026
35317263800028
35317471700028
35318139900034
35318181100012
35318835200028
35320508100014
35321178200050
35321243400032
35321509800016
35323301800020
35324295100039
35324327200013
35324873500014
35325532600012
35325678700014
35326543200016
35328745100036
35328757600014
35328876400049
35329708800026
35330450400023
35330940400013
35332629100047
35333575500024
35335143000015
35335324600013
35337237800029
35338373000010
35340010400017
35340096300099
35340597000016
35340799200018
35340975800037
35341092100046
35341735500024
35342610900016
35343864100030
35344042300013
35344046400413
35344046400843
35346687300059
35346754100010
35347176600041
35347844900039
35349285300026
35349355400037
35351368200032
35351763400021
35353416700013
35353557800036
35354675700025
35357738000010
35358384200011
35360243600019
35361075100011
35361466200073
35361908300010
35361979400012
35362821700039
35365527700047
35367296700034
35367653900037
35368992000018
35369440900015
35369517400014
35369517400204
35371129400010
35371426400036
35372549200014
35374287700015
35374953400031
35376626400017
35377847500015
35378452300022
35379251800022
35380745600010
35380846200025
35381715800010
35381949300019
35382102801744
35382104400198
35383432800034
35385783200011
35386092700022
35386157800014
35386190900474
35386935700015
35387265800045
35387711100024
35387864800016
35388513000016
35389916400019
35390607600016
35391484900024
35393056300021
35393135500013
35394462200011
35396694800021
35397846300019
35398686200012
35398782900010
35399920400020
35400918500019
35400935900010
35402297200021
35403498500011
35404143600032
35405713500023
35406742300021
35407138300013
35407175500038
35408440200024
35600000000060
35600000000254
35600000005196
35600000005448
35600000008297
35600000011595
35600000011630
35600000012445
35600000013075
35600000018926
35600000019416
35600000019425
35600000021210
35600000021427
35600000024249
35600000024839
35600000024997
35600000025923
35600000026148
35600000042938
35600000048892
35600000052234
35600000055862
35600000058828
35600000060131
35600000060217
35600000060226
35600000061293
35600000064015
35600000064696
35680071400020
35680157100163
36850081500932
37380132300016
37568013900140
37575046000046
37614035600027
37718044300063
37748708700019
37748902600023
37749676500019
37750025100014
37752086100024
37752708000032
37753283300029
37753329403571
37754728600015
37756235000019
37758424800019
37759400700017
37759995600028
37761090200472
37763727700023
37764813400064
37765117900022
37765331600010
37766413100044
37767391801595
37767764600020
37771946300012
37772370500028
37772928000042
37773519600026
37775685300059
37775877600027
37776854400068
37778238800013
37778548000015
37778837700010
37779175100011
37781968500050
37781995800036
37784005300047
37786918500043
37787323700020
37788283200035
37789247600013
37789591700039
37789902600019
37790111100023
37793349400066
37793971500050
37794192700016
37799091600019
37801578800011
37801676000027
37802131500015
37802231300019
37802283400014
37803094400029
37806161800054
37808166500028
37808253100013
37810166100049
37810870800017
37810910200020
37811062100018
37811170200015
37811556200035
37813132000053
37815733300022
37815847100011
37816346300029
37816683900035
37816815700048
37818686000011
37819342900016
37820219600010
37820581900188
37821632900011
37822598100018
37823440500033
37823722600014
37825345400011
37825659800053
37825901400017
37826179600015
37826271100013
37826289300035
37827144900019
37828312100010
37829611500025
37830570000031
37831131000015
37831151800013
37831939600016
37833625900015
37834817100018
37835070600032
37835302300013
37838191700012
37838503300030
37840066700010
37840629200011
37841233200017
37841501200046
37843128200011
37843699200028
37844435000045
37844782500019
37845861600034
37845912700072
37845993700017
37846028100306
37846976100027
37847010800010
37847621200022
37848273100023
37848612000058
37849827300028
37850692700102
37850828700018
37850839400038
37851483000041
37851820300039
37851871600014
37852587700023
37852953100048
37854742600023
37856393600228
37857892600040
37858024500017
37859726400050
37860846700015
37862823400031
37862853100014
37863132900018
37864099900033
37867934400028
37868712300034
37869123200011
37869262800027
37869834400041
37869988800038
37871100600015
37871325900026
37873073300045
37874843800017
37875464200015
37877230500025
37877432700019
37878049800028
37879589200017
37880365400037
37881550000038
37882094800016
37883181200037
37884529100020
37884531700031
37884668700010
37886802000041
37887435800013
37888789700023
37889749000025
37889929800012
37890651500010
37890800800022
37891580500014
37892515000252
37892766900218
37893077000045
37895817700040
37896470400043
37897485100016
37897807600016
37899529400014
37899911400010
37900383300017
37900524200027
37900529100032
37901995300023
37902986100026
37904276500014
37904378900021
37906002300015
37906839800039
37907560900014
37908693700024
37909287700024
37909533400015
37910026600012
37912156900055
37912949700598
37914552700121
37915249900016
37917088900198
37917945000059
37918558000022
37919386500019
37919799900046
37920251800013
37922490000017
37924356100014
37926533300011
37926623200014
37927372500026
37927586000011
37927808800016
37928755000022
37930829900013
37930879400013
37931024600010
37931507000035
37932221700017
37932866900013
37934071400037
37936844200016
37937345900013
37938591700016
37940361100013
37940691100014
37942054000039
37943415200011
37943531600029
37944307000022
37944801200011
37945893800014
37947624500012
37947714400032
37950421000038
37951470600017
37951861600048
37952504100032
37954033900023
37956422200014
37956531000057
37958167100011
37958790002113
37958790002196
37958790002857
37958790004259
37958790006049
37958790006254
37960520700016
37960965400023
37961646900126
37961861400042
37962182400026
37962319200059
37963434800047
37964183000037
37965720800011
37966377600043
37967732100067
37968573800021
37969143900010
37970591600052
37974534200020
37975214000036
37975334600046
37975697600013
37975848500013
37976972200024
37979939800019
37981441100011
37982006100016
37982114300011
37983057300018
37983414600019
37983490604034
37983584600013
37983673700039
37984293300028
37984748600014
37984752800047
37984765000015
37985520800045
37986405100014
37988533800051
37989507100049
37989556800010
37990306500017
37990403000010
37991118300018
37991377500027
37991491400021
37991949100033
37993506700015
37993939000025
37993967100010
37994033100034
37996345700021
37997754900052
37998413100035
37999347000028
38000614800015
38002280600026
38002343200020
38002504900012
38002736700024
38004493300014
38004576500019
38005149000072
38005318100034
38006053300011
38006148100012
38007353600027
38008680100012
38009528100024
38010081800018
38010320000123
38010355600045
38011270600011
38012986601012
38012986603976
38012986607472
38012986623974
38012986631035
38012986634328
38012986635598
38012986637842
38013338900011
38013973300014
38014135800024
38014530000022
38014884100022
38015594500013
38015779200017
38017983800012
38018685800011
38019583400011
38019862200017
38020570800023
38023131600627
38023245400013
38025351800084
38025519000049
38026440800010
38026529800022
38027399500023
38027961200010
38028607000038
38029880200022
38030831200012
38031052400059
38031313000037
38031503600018
38032204000045
38032502700015
38033510900019
38033599200018
38033680000020
38034316000046
38034363200010
38034599100018
38034654400014
38035082700032
38035132000011
38035209600024
38035702000011
38036036200012
38036756500013
38038685401255
38038685401495
38040970600047
38041366600112
38042087700017
38042600700031
38046713400017
38048176200017
38048189500023
38050440700012
38050586700016
38053016200037
38053818100039
38054325600032
38056375900014
38057091100012
38057301400046
38058662800014
38058758400059
38060190600023
38060826500027
38061045100052
38061148300054
38061248100024
38061702700020
38061949400012
38062233200571
38062233207055
38062372800017
38063594600011
38065210700018
38067641100032
38067869800016
38068529700042
38069426500048
38069809200042
38071537500016
38073306300057
38073843500060
38075297200014
38075319400014
38076631100019
38078076700014
38078541000024
38078904000017
38079095600037
38079244000063
38080456700010
38080590300016
38085537900034
38085579100014
38086058500013
38087133500028
38087286100014
38088869300021
38091435800011
38091477000017
38092857200045
38093446300015
38093712800011
38094643400012
38095407300017
38095791000017
38096239900016
38098283500015
38098326200029
38098329600019
38099935900041
38100028000051
38101256600034
38101441400027
38102520400011
38103269700017
38103709200016
38104053400012
38104368601882
38105379200028
38105577100012
38105824700036
38108417700017
38109033100038
38109051300015
38109761700058
38110509700038
38111065900012
38111475000031
38111631800019
38111805800019
38112056700031
38113388300011
38114069800014
38114292600017
38114631500019
38114916000016
38114922800011
38115206500011
38116492000013
38116646100024
38117467100010
38119364800015
38120136700012
38120225800012
38120228200111
38120327200020
38120720800012
38122044100020
38122737000024
38122962400055
38123931800037
38124437500014
38125745000019
38126996800057
38128786100011
38130261100045
38133698100034
38135260800016
38135857100028
38138211800010
38138978200016
38139493100012
38140149600090
38140642000053
38141180000018
38141873000028
38143324200025
38144766300018
38144887700013
38147291900012
38147684500221
38148573900019
38150787000024
38151585700088
38153196100013
38153555800013
38153977400020
38154351100012
38155214000018
38155991300029
38156058000015
38156204000018
38156812000038
38163688500034
38164530800028
38170772800014
38172317000019
38172525800010
38173172800014
38173779000018
38174493700016
38174748400016
38175324300033
38176226900029
38176729200018
38177096500030
38177547700015
38177575800018
38179982400028
38181007600012
38181064700010
38181521600019
38186222600010
38186530200016
38189527500042
38190686600011
38191645100036
38193373800019
38193531100013
38194111100019
38195656400011
38196049100227
38196181200025
38196543300034
38197544000011
38197644802407
38198548000023
38198847600036
38199737800496
38199950700027
38204755300013
38206650400020
38207336900037
38209299700016
38209364900012
38209505700032
38210570800012
38210993200030
38211551700015
38212051700018
38212461800010
38214633000016
38215210600029
38216385500051
38217227800014
38217605500020
38217849900036
38218318400045
38220210900031
38220447700014
38220517700043
38222037400013
38222461600047
38222987000110
38225401900013
38225510700015
38225996800933
38228159001398
38230221400012
38231465600010
38231744400018
38231756800048
38232759100022
38233194000017
38233404300017
38234348100018
38234433100014
38235690500044
38237210000117
38237691100014
38237799200021
38239172000036
38240528000019
38240658500010
38241190800199
38242815900075
38243214400014
38244688800028
38245430400017
38246269500042
38246424600018
38246689400013
38246992200019
38247153000065
38247811300030
38248441800019
38251807400036
38253619100010
38253626600069
38253826200017
38254039100044
38254279300015
38254573900015
38255013500018
38255433500036
38255519100016
38258228600029
38260203500018
38260321500015
38260420500015
38261763700022
38261966600037
38262004500015
38262283500025
38262871700011
38262952500025
38263026700021
38263503500027
38264298100015
38264382300034
38264757600018
38265406900014
38266873900032
38267555100594
38267817500011
38268181500017
38269989000036
38270106800019
38270580400013
38271837700015
38272723800018
38273603100016
38274259100011
38274416700018
38274723600018
38277256400029
38278378500019
38280003500018
38280598400012
38280675000073
38282162700025
38282609700034
38283523900015
38283525400022
38284155900018
38284541000028
38286221700017
38286873500012
38287156400011
38287722300026
38288279300021
38288988900012
38290094203547
38290094206524
38290964600087
38291500700019
38292929700010
38293420600014
38293632600018
38293715900020
38294087200031
38294221700011
38294281100045
38294834700036
38294966700010
38295488100084
38295986400010
38296333800019
38296769300039
38297216400018
38298007600014
38298747700017
38299015800034
38300069201911
38301363800010
38301858700014
38302003900012
38302787700018
38302898200031
38303151500018
38303946800012
38304167000027
38304335300010
38304583800018
38305165300012
38305342800033
38305381600047
38306784000017
38307518100016
38310304100026
38310509500020
38310989900013
38313982100011
38313987000018
38314446600018
38314907700018
38316411800010
38317465300030
38317930600022
38318372000028
38318887700021
38319237400213
38319828000026
38321544900018
38322288200052
38324324300052
38324561000019
38324951300029
38326785300083
38328299300013
38328808100045
38329081400029
38330959800043
38331483800053
38331660100020
38332009000012
38332135300047
38332168400029
38332268200014
38332444903119
38332444909181
38334448800010
38334510500027
38335094900087
38335459400517
38335459400715
38335602900017
38336081500021
38336567300011
38337020200020
38337365100025
38337716500022
38338628100018
38339242000014
38339435000037
38341603900014
38341869600019
38341918100011
38343832200059
38346912900019
38346916000055
38347509200037
38348796400017
38349344200024
38349551200014
38349776500321
38349930800187
38351139100013
38351749700020
38351811500035
38351813100024
38351947700020
38353240500024
38353639800019
38354327900012
38355582800045
38356819300031
38358726800012
38359311800029
38359824000026
38361276900034
38363561200013
38364788000046
38365360700044
38365861400011
38365985100034
38367067600014
38367148400038
38367846300019
38369285200015
38370379000030
38370387300117
38370639701468
38370639703399
38371634700018
38371967100018
38372337600034
38373854900013
38373959601367
38375176500025
38375212800025
38375598000018
38375670700089
38375756400018
38376054300025
38376491700019
38377641600018
38378104400011
38378376800013
38379409600057
38379624000018
38380346700026
38381541200036
38381952100063
38382897700025
38382905800015
38385090600090
38389122300059
38390064400014
38390343200011
38390540300010
38390582500014
38390605400044
38391365400018
38391369600027
38391569100034
38393291000037
38393398300025
38394368500024
38395247002355
38395443500020
38396013501828
38396050700028
38396517500045
38396831000029
38398202200030
38400141800019
38400545000026
38400602902270
38401351200023
38401447800018
38402355200019
38402687800031
38402838700023
38405239500017
38407295500030
38408203800017
38408764900016
38408926400012
38409376100037
38410233100012
38410294300030
38411439300166
38411691900026
38412484800019
38412610800016
38412645400030
38413772500014
38413936600015
38414233700029
38416457000028
38416923100030
38417984200016
38418009700055
38418491700019
38419213400011
38419940200023
38421794900013
38422068700014
38422480400011
38422624700011
38423096700018
38423321900011
38424991800036
38425597200018
38425654100036
38425948700013
38426600300019
38427134200014
38428182000033
38428592000011
38428673800016
38428860100097
38430709600022
38431173400014
38431903400011
38432255800014
38433452000028
38433595600049
38434719100023
38435341300816
38435341302648
38435523600017
38438761900032
38440287103018
38441387800024
38442444600019
38442501300016
38442984100040
38443111000038
38444073100022
38448807800039
38449504000063
38450606900028
38451744700023
38453828600038
38454644600020
38455958900047
38456094200300
38456094200821
38456921600078
38457195600042
38457703700029
38458526100017
38459212700011
38459328100031
38459461000014
38459487500013
38459897500025
38460259500017
