34483971700016
34486653800053
34486761900027
34487573700019
34488029900047
34489831700021
34490234100017
34490975900013
34492880900047
34494079600057
34498005700063
34500002000023
34501153000036
34501794100013
34502531600018
34502928400055
34503465600057
34504296400014
34505851500031
34506037000029
34507658200013
34507753100035
34508617702438
34508617702487
34508617705928
34508617707726
34508617707858
34508617708146
34508643300017
34510528200056
34510992000057
34512633800010
34512785600028
34513048803748
34513048815262
34513048822813
34513048823548
34513051202887
34513498500042
34514037000015
34514690600010
34516717500024
34517533500024
34517543400033
34519253800055
34520321000082
34522218600016
34523139300033
34524690400097
34527122500012
34527139900049
34528129900015
34529519000085
34529887100038
34530561900024
34531535200038
34532189700018
34533130000052
34537747700053
34539198100015
34539247600015
34540543500016
34738422400031
34738457001415
34740346100028
34750241100023
34750389800012
34751986000048
34752538800018
34752640200032
34753312700051
34753658300029
34756038500010
34756854500037
34759077000058
34759679300013
34761004000037
34764454400087
34764486600050
34764699400033
34766190200176
34766245400151
34766764400012
34768047200011
34772690300011
34774455900027
34775355000024
34775963100034
34776109000096
34776763400020
34777471300064
34777932400024
34778633700035
34779375400016
34781409700031
34781992200050
34782016900014
34782743800024
34782895600016
34784251000039
34785554600011
34785654400015
34786676600046
34786798800011
34787435600061
34787842300016
34788484300017
34790063100065
34790784200012
34791126500036
34792671900472
34792671901561
34797524500015
34797899100011
34797925400021
34798491600028
34798670500031
34799480800058
34800755000018
34801198200140
34801376400025
34801786400011
34802265800028
34803521300050
34804307600010
34808395700038
34809697500027
34809981300019
34811208700021
34811697100014
34812693900019
34814791900081
34814799200013
34815562300328
34818329400019
34821040200023
34821245700017
34821640900014
34824466600031
34824693500038
34825568800023
34827158600011
34830619200017
34835646000025
34839412300023
34840303100019
34841550600149
34841550601568
34841843500015
34843447300024
34843729400013
34845230100016
34849443600010
34850165100114
34850754200010
34850761700010
34850857300014
34852003200023
34852627800018
34853009800071
34853951100058
34854641700018
34856750400066
34856907000041
34858348500019
34858652000028
34859982000043
34860122000018
34860189900019
34861371200028
34862280400014
34862353900023
34862985800047
34864344600019
34864765200059
34864841100034
34865363500022
34866267700023
34867524000041
34867643800024
34869665900013
34869912500012
34871580600017
34872577100011
34873008600025
34875720400055
34877424100015
34877597400010
34879426400013
34879536000034
34879620200045
34880039200014
34880729800016
34881699200039
34882596900028
34883317900016
34884916700021
34887860400027
34888291100038
34888337200016
34888738100039
34888761300019
34889274600036
34889959200029
34890473100026
34890617300037
34891254400015
34891599200021
34891835000060
34893041300011
34893056100017
34894105500017
34895710100010
34896226700012
34896396800030
34896482600021
34897020300017
34897702600023
34897847900015
34900834200025
34901121300015
34902107100023
34903370400025
34903868700027
