34482479200057
34482479200263
34483037700042
34484427900010
34484806400012
34484878300017
34485910300022
34486022600010
34487287400054
34491438700032
34491683800073
34494278400010
34494820300023
34494943300017
34495554700015
34497002500013
34497223700012
34497905900021
34499925500062
34500064000010
34501283500020
34501615800049
34502776700044
34503465600032
34503476300069
34506279800029
34507743200036
34508617704251
34508617706793
34509651500027
34510002800033
34510361800012
34510725400020
34513048807871
34513048822714
34513048824686
34513137900058
34522498400012
34522499200031
34522520500011
34522571800039
34523708500013
34525452800044
34525469200022
34525800800019
34526235600016
34526351100023
34529574500037
34529904400023
34530388700011
34530688000971
34533364500058
34536283400052
34536764300078
34537238700018
34538141200013
34540584900067
34540696100044
34540956900026
34540970000019
34675007800021
34702016600216
34738457002827
34740294300018
34740504500019
34742000200029
34743456500029
34745295500011
34746614600011
34748510400041
34748662300015
34748826400040
34752859800019
34753328300037
34753666600030
34753775500022
34753804301574
34755579900043
34755781100036
34757250500035
34761916500017
34764510300032
34764868500019
34765236400030
34766670300058
34768271800015
34768417700046
34770022100067
34770250800016
34770736600014
34770852100021
34771011300015
34771686200029
34773410500013
34773969000019
34774492200035
34775423600011
34775754400023
34776478900058
34777204800018
34777615500074
34778797000032
34779649200028
34782052400010
34784440900024
34787080000021
34787162600029
34789637500016
34789712600012
34789947800015
34790075500047
34794304500018
34794407600038
34796258100018
34797415600049
34798076500023
34798683800022
34799556500012
34800039900041
34800589300022
34804019700017
34804257300041
34804340700066
34804680600017
34804965100014
34805272100027
34805774600011
34807014500050
34807146500010
34809574600064
34809812000010
34810036300038
34810333400044
34812552700013
34813312500024
34814474200023
34815541700051
34815553200057
34816302300032
34817617300048
34817898900029
34818078700015
34818083700026
34818674300012
34819340000036
34819804500018
34820771300150
34820828100108
34820932100010
34821934600015
34832671100051
34840859200023
34842064700037
34842801200036
34845123800094
34846054400011
34846141900015
34847117800031
34847734000015
34849742100019
34850128900030
34850135400016
34850430900017
34850568600017
34854210100020
34857318900019
34857602600028
34858735300064
34859853300019
34861000700026
34861320900017
34861387800027
34863685300031
34864727200049
34864983100016
34865031800010
34865591100017
34865808900019
34865959000015
34866745200018
34867160300010
34867416903476
34867416904946
34867596800013
34868646000026
34869500800014
34870044400022
34870204400028
34871121900017
34871836200018
34875495300027
34877589100024
34881230600010
34883203100028
34884340000014
34885684000023
34885825900073
34886790400131
34886844900029
34887550100200
34888467700199
34889339700011
34890089500072
34890946600032
34891259300012
34891620600041
34894097400010
34894340800024
34895382900010
34896567400016
34896841300057
34897982400037
34898097000019
34898264600013
34898987200018
34899790900026
34900143800036
34901553700054
34903530300016
34904720900011
