34483105200024
34483636600031
34485417900019
34485523400029
34485610900014
34485789100065
34486343600046
34487377300032
34490270500047
34491429600019
34491583000022
34493998800038
34494987000010
34495085200022
34495232000036
34496412700031
34497687300028
34498724300039
34499778800015
34501151400022
34501783400028
34503906900041
34503913500016
34504857300066
34508577300017
34511163700012
34512290700016
34513048817482
34513048822268
34513048824603
34513048825063
34513048829974
34514103000022
34514552800039
34517384300029
34517642400025
34517949300027
34519281900018
34520924100016
34521949700012
34523538600017
34525711700027
34526293500041
34526385900018
34527925100010
34528201600343
34529419300023
34529673500029
34531280500020
34531323300024
34535319700022
34539767300046
34540415600811
34738457002900
34739470200018
34743055500024
34745110600012
34746697100020
34747357100011
34747770500037
34748005500024
34749206800023
34750393000021
34750838400059
34753312700119
34753536100039
34753586600037
34754217700055
34755032900010
34755782900046
34756484100018
34756989900052
34758152200062
34758243900027
34758770100033
34760869700046
34761317600028
34762258100028
34762594900024
34763137600014
34765060800016
34765683700023
34767441800012
34767776700019
34768081100010
34770654100013
34771983300035
34772024500013
34772131800041
34772836200042
34773139000022
34774618200059
34775009300028
34776779000020
34778016500051
34778235100022
34780631700066
34782153000016
34785300400013
34785326900053
34790877400016
34791454100029
34791681900019
34792250200021
34792671900365
34792671901520
34793065300022
34793208900019
34794681600027
34796926300024
34799754600010
34800604000029
34800606500034
34801066100026
34801073700024
34803252500043
34806485800023
34808906100017
34809417800012
34810363100043
34810981000013
34811665800025
34812490000013
34814629100029
34814705900029
34815286900023
34818609900019
34818833500015
34820534500054
34821381000016
34822534300014
34822801600054
34825772600011
34826858200015
34826909300012
34827076000021
34828711100010
34831248900035
34831316400025
34832444300012
34832661200028
34833805400029
34837869600028
34838514700015
34839521100017
34840795800043
34841222200013
34841707200033
34841898900037
34845922300031
34847393500024
34847661500037
34848105200044
34849310700026
34851214600021
34853244100014
34853268000033
34853869500068
34856169700015
34856366900061
34856880900043
34858269300019
34859638800010
34859979600037
34860080000018
34863711700014
34863909700032
34865803000021
34867416903252
34867483900025
34868443200027
34869846500013
34871541800011
34871779400013
34874370900027
34874763500046
34875262700029
34876094300012
34876850800056
34877347400021
34878009900027
34879723400021
34879811700027
34880207500013
34880575500033
34881675200029
34883175100071
34885358100042
34886779700022
34887946100047
34890514200017
34890624900076
34890847600040
34891971300019
34892264200015
34893085000030
34893517200034
34893609700024
34896394300017
34896676300057
34896718300016
34897862800025
34898288500041
34901300300018
34901547900018
34902506400024
34903743200045
34903941200011
34904384400027
34905620000059
34907186000036
34909711300014
34910661700013
34912061800021
34915560600032
34915724800049
34917294000026
34917616400011
34917660200010
34920573200036
34920885000066
34923531700089
34924202400025
34926217000013
34926982900025
34927391200031
34928052900042
34929295300032
34931514300058
34933993700030
34934391300027
34935400100019
34936953800013
34937754900010
34938532800027
34940319600018
34940693400027
34940987000012
34943093400084
34944278000020
34946187100023
34947088000015
34947330600026
34947942800014
34949439300011
34950414200036
34951684900016
34952362100036
34952394400016
34952618600011
34952773900016
34955025100012
34955730600017
34955835300018
34956106800017
34956131600010
34956280100010
34956477300043
34956587900047
34957585200018
34958413600023
34959822700016
34961651600028
34962097100011
34962257100041
34962291000017
34962846100031
34962846100049
34963374300019
34965610800017
34966727900047
34966946500099
34969092500012
34969840700013
34970150800021
34970335500017
34970409800012
34973409500038
34975207100069
34975701300017
34976784800014
34977331700020
34978654100012
34980904600015
34980968100035
34981736100018
34982404500018
34983029900088
34983894600011
34983984500014
34985157600018
34985552800015
34988856000019
34989438600029
34989558100016
34992590900021
34993520500014
34995037800043
34995166500026
34996024500026
34997493101015
35000086500013
35000272100024
35000349700012
35003930100030
35004321200025
35005442500011
35005704800018
