34482713400059
34483297700047
34483313200022
34484244800021
34485726300018
34488127100029
34488900100055
34490726600011
34491516000016
34492189500019
34492822100029
34493052400030
34494788200017
34495400300028
34497421700012
34499177300039
34499410800019
34501898000010
34501949100017
34502098600039
34503010000043
34503236100031
34503346800017
34503698200022
34504169300010
34504829200022
34506428100057
34507146800010
34508084000050
34508617706488
34511611500147
34511648700017
34513048822599
34513048825873
34513048827960
34513394600037
34513877000010
34514032100018
34519695000017
34520289900018
34521226000011
34523904000016
34524747200037
34525190400016
34525486600048
34525607700024
34527292600014
34527296700018
34529933300038
34531044500019
34532399200015
34532701900013
34532928800038
34534260400054
34535962400011
34537584400015
34537990300015
34539474600019
34738457002124
34739745700081
34741245400022
34742620700077
34742778300050
34746118800034
34746265700011
34747136900012
34747353000017
34749502000021
34753857100014
34758653900038
34759879900067
34760162700040
34760644400029
34762291200082
34762614500028
34762820800014
34763409900035
34763714200030
34764710900011
34765742100017
34765923700015
34766302300039
34767109100036
34767840100055
34768105800017
34768432600023
34770815800014
34770917200014
34771043600028
34772044300014
34773568000030
34776298100038
34777237800050
34778868900011
34778910900019
34780349600046
34782030000015
34783185100014
34785947200024
34786248400016
34787113900023
34789396800045
34790113400135
34792671902841
34792749300010
34793016600025
34793373100023
34795172500022
34795323400031
34795400000084
34797115200025
34797183000018
34797346300016
34797742300032
34798451000037
34798816400021
34799368500010
34799643100016
34801660100018
34803096600025
34803207900017
34804120300038
34804434800160
34805895900043
34806144100039
34808115900058
34810861400010
34812242500047
34813175600028
34813193900053
34813757100017
34814232400022
34816035900017
34816135700036
34816142300036
34816204100043
34816537400011
34816866700445
34819400200021
34819435800035
34819995100016
34820985900019
34821106100018
34821209300010
34822094800940
34823002000037
34823928600035
34824311400017
34824915200011
34825070500046
34826098500018
34827369900028
34828839000019
34828877000038
34832903800015
34833388100020
34833465700023
34834704800020
34835568600067
34836859800010
34837750800026
34840236300017
34841356800018
34841550601410
34842755000010
34844065200058
34844710300022
34844736800021
34846484300013
34848228200046
34848323100018
34848809900048
34849249700014
34849639900018
34851804400014
34852646800015
34856605000038
34857473200049
34857601800017
34858062200028
34858564700053
34858850000010
34859296500050
34861101300049
34861283900012
34864568000037
34864774400013
34866003600057
34867416900621
34867416904169
34867416906164
34867664400076
34869834100040
34869897800080
34873185200029
34873350200010
34873850100025
34877330000010
34877502400014
34877584200019
34878308500056
34879222700012
34879864600033
34880801500021
34883527300023
34883872300024
34885728500020
34885943000087
34887137700027
34890067100010
34890565400029
34891372400012
34893236900021
34893638601029
34893944800026
34893948900020
34894184000079
34894323400164
34897009600023
34897353800021
34899155501823
34901447200113
34901555200012
34902370500040
34903445400018
34904520300057
34905041900028
