34482126900018
34482413100041
34483344700032
34485700800025
34492181200014
34495399700030
34497328400021
34498668200047
34499193000035
34501841000026
34502830200015
34504256800013
34504388900020
34504506600031
34504941500010
34506470300035
34508617706199
34508617706256
34508617706868
34512729400022
34513048800249
34513048810578
34513048826095
34513048829859
34514242600039
34514512200122
34515621000022
34516012100017
34516737300017
34519138100028
34520382200050
34520964700048
34522389500011
34525205000017
34526873400018
34527962400018
34527971500022
34530042000022
34530626000018
34530688001086
34531159100019
34532042800021
34532460200068
34533937800019
34534115000042
34535347800067
34536652000012
34537814500030
34538615500021
34539160100274
34738290500011
34738362200086
34738940500015
34740681100013
34741246200017
34741394000078
34744737700016
34745006600027
34746868800069
34750408600013
34753635100013
34753804300212
34753804301111
34754768900047
34755221800021
34760684000028
34763610200019
34764098900013
34764129200029
34764784400013
34766104300021
34766361900018
34766734700012
34767097800027
34767877300024
34770817400011
34771743100014
34772090600010
34772175500010
34773781900024
34773793400013
34775171100040
34775355000016
34776304700011
34777501700028
34781538300018
34782138100014
34785264200037
34785689000012
34786158500029
34787248300040
34787553600018
34788278900055
34788367000031
34788775400013
34788995800059
34789557500046
34789623500020
34790075500039
34790320500099
34790849300039
34790958200012
34791603300017
34792671900886
34792671901181
34792671902353
34792671902981
34793263400020
34794104900012
34794418300016
34794979400015
34795014900091
34796450400026
34797020400025
34799493100017
34801198200173
34801255000029
34801938100014
34803060200034
34807819700012
34808082100039
34811340800028
34811627800022
34812523800017
34813029500051
34813827200029
34814400700062
34815741300025
34816757800015
34816973100034
34817517500028
34820480100016
34821069100047
34821597100048
34821803300036
34822094800452
34826117300028
34826557000096
34827795500012
34828649300054
34830021100011
34830292800018
34831592000044
34832719800027
34833129900035
34836182500022
34836834100015
34836953900013
34837726800035
34838838000019
34842249400024
34842629700027
34843732800019
34846527900019
34846636800019
34846894300033
34847456000029
34847847000019
34847997300011
34848033600018
34848129200046
34849448500033
34849954200028
34851521400065
34851966100014
34852219400011
34852417400052
34853447000052
34855213400028
34855282900015
34855870100028
34856277800038
34858057200058
34858511800014
34859106600017
34860100600011
34860741700048
34863913900024
34864382600020
34865567100025
34866755100058
34867391400019
34867416903930
34868624700019
34872336200052
34876403600011
34876410100013
34876467100023
34877360700018
34878097400013
34878333300019
34879241700019
34880896500027
34882086100014
34883103300017
34885624600056
34887042900050
34887064300023
34887335700019
34887745700013
34888154100034
34888200200010
34888331500080
34888372900025
34891248600019
34891759200050
34892733600019
34893590900096
34895029600049
34895638400013
34895779600017
34896141800012
34896969200089
34897716600035
34897915400013
34898230700186
34899653900022
34902330900017
34904686200042
34905285200119
34905676200033
34908937500043
34910941300113
34911475100044
34913543400034
34913581400029
34913742200029
34914940100029
34917036500010
34919921600186
34920385100028
34920592200033
34920777900068
34921557400014
34921708300022
34921811500013
34922011100026
34923315500028
34924181000010
34924390700012
34926076000039
34926103200024
34927027200017
34928370500045
34929405800103
34930026900017
34930168900031
34930232300010
34930506000015
34930805600010
34931997000027
34932664500067
34932976300081
34933878000019
34933915000022
34935313600014
34936707800038
34936867000148
34936963700021
34937329000023
34938063400023
34940168700026
34940684300012
34941118100028
34942472100034
34944250900015
34944409100079
34946292900010
34946562500011
34947303300034
34948668800022
34948754600039
34949698400056
34950718600048
34950930700014
34951529600029
34952015500061
34953060000031
34954545900027
34956138100014
34956987100016
34959056200014
34959858100032
34961258000028
34961673000033
34962725700042
34963987200028
34964926900017
34965141400014
34965564700049
34966311200044
34966705500017
34969850600020
34970274600018
34970296900016
34971853600023
34973049900028
34973058000025
34973957300021
34974093600035
34974365800032
34974574500035
34976133800038
34976372200049
34978116100014
34979283800014
34979910600035
34980564800046
34982949900020
34983032300045
34983739300066
34984220300029
34984678200010
34986077500015
34986465200012
34987684700097
34988625900028
34989135800013
34989199400056
34989640700013
34991111500021
34991810200014
34993169100027
34993188100024
34993500700030
34994786100010
34995373700039
34997777700029
34999257800022
34999668600011
35001035100020
35001738000048
35001909700038
35002478200020
35002906200055
35005454000017
35006564500011
35006864900044
35013221300017
35015232800042
35015772300015
35018501300017
35018558300043
35019928700011
35023656800019
35024419000103
35024606200011
35024961100012
35025760600219
35028433700010
35029820400073
35032112100039
35032871200020
35032925600035
35034317400016
35035738000012
35041010600016
35041472800013
35041834900022
35042143400019
35043195300024
35044183800033
35044342000046
35045009400049
35045575400027
35045654700032
35048051300018
35048480400017
35048768200014
35049030600015
35051291900019
35052290000017
35052444300024
35053371700020
35054088600040
35054867300028
35055409300046
35055936500027
35057639300010
35059281200035
35059699500026
35060831100014
35060978000019
35062525700018
35062998600794
35064372200019
35064853100035
35065558500056
35066041100017
35066502200033
35068637400017
35069178800029
35069392500041
35072226000014
35072511500025
35074965100013
35075312500862
35078912900029
35079470700017
35082046000268
35084154000023
35084233200016
35084932900015
35085534200068
35085958300022
35086336100027
35087466500036
35089002601690
35089064600044
35091781100019
35092272000023
35092305800019
35092467600058
35093590400010
35093789200031
35093940100013
35095587800011
35096445800011
35098174200017
35098408400045
35102036700048
35102959000046
35103944100016
35105497800058
35106496900022
35106549500019
35106576800019
35106721000010
35107190700064
35107434900017
35107937100016
35113748400017
35115313500022
35115672400020
35115866200012
35116354800024
35116448800055
35116556800012
35117961900025
35118393400014
35118844600014
35120201500027
35123157600023
35124529500016
35125166500094
35125218400020
35127152300026
35129123200046
35129185100027
35133346300013
35133882700030
35134203500018
35134348800026
35135127500018
35136373400028
35137360000029
35138229600017
35138999400036
35139964700020
35140594900030
35141448700030
35141884300063
35141941100019
35142082300046
35143093900022
35143103600018
35144208201991
35146004300018
35146577800022
35148087600017
35148684000017
35148741800011
35148908300011
35149321800058
35150869200016
35153521600011
35153719600013
35157152600174
35157288800532
35157367000012
35157924800029
35158119400138
35159063300035
35159233200016
35160912800092
35161496100024
35162486100040
35163000900238
35163479500022
35163489400015
35165461100018
35165759800022
35166155800038
35167141700027
35167229000019
35169007800016
35170056200025
35171002500039
35171245000094
35171550300014
35173034600035
35175379300048
35175474200010
35176823900011
35179876400301
35180222800020
35181384500010
35184553200016
35185381700051
35188379800107
35189804400018
35190488300037
35191209200019
35193557200013
35194101800019
35194774200018
35195063900044
35195778200037
35196088500041
35196267500010
35197053800010
35198430700048
35199092400059
35199182300029
35200254700037
35200386700038
35201507700022
35201652100010
35202970600053
35203300500039
35203397100040
35203583600035
35203921800024
35203944000016
35204190900016
35205745900021
35206286300027
35207068400035
35209813100167
35209813100761
35210120800010
35210967200027
35212206300162
35212476200019
35214059400024
35214402600049
35215262300075
35217054200018
35217672100137
35217673900022
35217828900018
35219300701369
35220280800056
35222564300019
35223166600061
35223246600040
35223586500024
35225967500010
35226486500010
35226570600023
35227656200019
35228952400014
35229753500044
35231024700015
35231561800012
35231872900014
35232017000025
35232194700017
35232209300035
35237163700013
35237183500013
35237258500013
35239607100040
35240040200041
35240879300029
35242309900022
35246015800012
35247098300037
35248610400032
35248861300030
35249273000010
35249421500010
35250395700024
35251611600014
35251851800027
35252055500025
35252623000037
35253945600017
35254941400022
35254948900016
35255467900022
35256103900012
35256698800023
35257664900029
35258120100022
35258498100018
35258752100019
35258781000024
35260468000020
35262293000035
35264548500017
35265157400019
35265771200043
35266693700029
35267797500034
35268530900036
35268794100026
35269016800047
35271526200023
35272680600016
35273512000011
35273780300010
35274304100019
35274932900020
35275685200039
35276926900015
35277448300049
35277685000013
35278182700030
35278422700311
35279239400038
35279726000028
35279934001420
35280101300058
35280826500024
35281850400032
35282393400026
35282638200025
35282700000014
35283188700083
35283476600029
35284431000024
35284894900017
35286063903003
35286063903888
35287281600017
35288709500060
35289013100019
35289975100015
35290427000019
35291100200017
35291339600029
35291878300056
35292503600019
35293269300026
35294188400053
35294284100029
35294888900030
35296202100015
35298743200031
35299158200011
35299216800026
35300211600013
35300441900035
35300941800032
35303378000019
35303784900067
35305239200027
35305808400065
35305967800014
35308810700019
35310512500010
35312434000038
35312470400027
35312658400013
35313940500016
35314094000019
35314729100010
35314815800028
35315063400023
35315188900022
35315339800022
35315868600017
35316001300028
35316887500022
35317356000049
35317615900013
35319697500026
35321629400028
35322724200040
35322906500027
35323012100025
35324764600022
35325139000012
35325262000011
35325300800034
35326362700039
35329049700018
35329990200018
35330071800031
35330803400027
35331105300014
35331920500020
35332616800013
35334678600034
35335222200015
35335333700010
35335525800032
35337877100037
35339937100015
35340385000020
35341060800023
35341295000019
35341355200046
35342108400016
35342953300048
35343101800012
35343797300020
35344046400066
35344046400744
35344084500066
35344222100027
35346501600015
35346805100019
35347137800011
35347663300014
35348859600050
35349270500010
35350720500022
35351643800010
35353404300016
35353611300064
35353663400028
35354151900024
35355020500010
35356415600019
35358052500015
35359343700026
35360147900010
35361153600015
35361559400010
35362061000017
35362526200020
35363182300013
35363614500016
35363992500018
35366464200033
35366941900528
35366941901427
35367078900026
35367795800012
35368787400043
35370063600023
35370804300024
35371738200017
35372831400025
35373074000027
35373507900025
35374198600023
35374931000010
35375084700017
35375114200020
35378033100032
35379455500022
35380499000011
35381647300055
35382102804078
35382616700044
35382775100010
35383360100076
35383946700027
35384245300014
35384399800033
35384574600018
35385969700016
35386421800014
35387001700012
35387360700058
35388184000014
35388268100045
35388324200029
35389116100070
35389201100019
35389248200087
35390582100065
35392173700014
35392487100018
35392777500133
35393276700018
35394169300023
35394805200033
35395093400029
35395748300012
35395911700014
35397913100011
35398862900039
35400685000060
35400779100016
35401589300010
35401812900016
35401909300013
35403698000010
35404395200036
35404913200013
35405227600012
35405447000019
35405640000162
35407324900055
35407937800015
35408861900060
35600000002513
35600000002699
35600000003670
35600000004309
35600000005137
35600000005213
35600000005303
35600000008125
35600000008233
35600000010343
35600000011112
35600000011563
35600000011824
35600000013197
35600000016464
35600000021071
35600000022156
35600000022741
35600000023187
35600000024690
35600000025491
35600000026030
35600000027700
35600000027935
35600000028669
35600000030099
35600000030332
35600000031020
35600000033613
35600000035364
35600000037844
35600000041501
35600000042005
35600000042393
35600000043757
35600000045683
35600000049814
35600000051528
35600000051550
35600000052513
35600000052572
35600000052752
35600000052770
35600000053152
35600000054994
35600000056686
35600000058206
35600000060005
35600000061216
35600000062422
35600000064213
35600000064803
35600000065438
35600000066685
35600000068386
35600000068584
35600000070649
35600000071053
35600000071058
35600000072237
35600000072246
35680157103365
36350066100048
36620044200064
36670416100020
36780140400404
37380107500020
37558059400014
37704014200053
37748325000017
37750066500023
37750243000012
37751043300024
37751890700052
37752840100013
37753329403704
37753918400053
37755166800124
37755996800013
37757410800025
37758775300031
37758867800013
37759225800034
37760089500017
37760122400019
37762597500026
37762934000060
37765234200017
37767234000041
37767391800894
37767535000021
37767796800010
37771465400466
37771465400938
37771882000014
37772317600030
