34482383600038
34483165600089
34484374300289
34486961500015
34488736900025
34489724400010
34492581300042
34492840300031
34494747800014
34495789900026
34496588400010
34497463900025
34497933100040
34497970300016
34498210300014
34502078800021
34502312100014
34502899700020
34503136300012
34503670100026
34503941600028
34504312900013
34506278000035
34507491800037
34508023800057
34508243200013
34508617700473
34508617700515
34508617702297
34508617703816
34508617704400
34508617707312
34508617707940
34508939500023
34511284100035
34512127100018
34513048800769
34513048808135
34513048812491
34513048821351
34513048824264
34513048825840
34513048825923
34513048827713
34513048828570
34513048830782
34513524800028
34514663300010
34515300100010
34515450400012
34515752300019
34516289500014
34516377800045
34517744800056
34518218200021
34518442800018
34519267800026
34519512700013
34521675800010
34521735000015
34524056800013
34525898200015
34527032600019
34527526700028
34527729700015
34528190100065
34528549800019
34529159500071
34530928000013
34532899100012
34533092200039
34534048300014
34535388200011
34535823800011
34536685000013
34540174900022
34738654200018
34739883600028
34742131500032
34742865800012
34744696500019
34745537000010
34745960400034
34746915700049
34747772100026
34751010900015
34751491100044
34753879500019
34754563400037
34754959400021
34757458400012
34760910900025
34761972800020
34762519600014
34762641800037
34763015400016
34763476800035
34766004500084
34766763600018
34766987100035
34767130700028
34767361800018
34769029900016
34769449900026
34769931600035
34770142700010
34770318300025
34771519500025
34771534400011
34772876800024
34773923700019
34774393200027
34776313800042
34778080100028
34778467000031
34778732700076
34779362200023
34780719000025
34782027600025
34783660300014
34785464800024
34785609800038
34786919000012
34787111300036
34789829800042
34790781800020
34792344300027
