34482800900029
34488926600013
34489445600013
34490569000055
34490686200018
34490992400039
34492573000014
34493736200020
34494245300020
34494647000046
34494656100018
34498648400014
34499420700050
34500451900038
34500602701228
34500602701517
34501335300080
34502879900012
34502886400022
34503197500013
34503377300036
34503935800014
34504596700014
34505749100010
34506073500015
34508256400021
34508617700960
34508617702115
34508617704459
34508617706272
34510107500058
34510963100027
34510963100043
34513048804183
34513048808978
34513048813739
34513048816740
34513048823241
34513051201913
34513472000019
34514183200021
34514529600058
34516261400027
34517165600035
34518510200026
34519033400010
34519612500016
34520091900016
34521315100078
34523270600019
34524649000014
34524685400011
34526891600011
34528504300013
34529308800026
34530879500011
34532440400044
34533828900019
34533852900018
34535867500022
34536181000053
34536669400031
34537883000128
34538187500011
34539259100011
34540415600753
34592005200023
34738457001308
34738457001662
34740245500021
34740385900023
34741122500035
34741352800014
34742254500025
34742413700060
34742983900017
34743075300074
34744436600012
34748357000037
34748499000036
34748948600048
34750468000021
34753804302754
34754431400011
34755022000029
34755663100013
34756052600035
34756755400014
34756854500078
34758223100309
34759374100015
34761990000017
34762043700025
34762991700050
34763085700022
34763506200057
34764275300029
34764728100083
34766080500024
34767124000021
34768669300057
34771193900012
34772107800025
34773298400039
34776718800019
34777278200038
34779594000043
34779901700020
34780016100056
34780127600010
34780475900012
34780600200064
34780649900013
34785061200024
34785159400015
34785543900035
34787819100050
34788358900017
34788575800016
34789616900013
34789941100016
34790767700012
34792671900332
34792671900845
34792671903245
34793074500026
34793875500050
34795600500016
34796081700018
34799071500018
34799412100015
34799936900056
34801051300011
34802092600013
34803056000026
34804370400017
34804914900019
34805298600018
34806797600046
34808076300017
34808659600015
34808684400035
34809224800031
34809808800043
34810278100013
34811730000049
34813823100017
34816058100016
34816228000088
34816805500013
34816844400019
34817270100016
34817297400019
34817450900011
34820169000024
34820771300226
34820771300572
34821598900024
34822526900037
34822787700043
34827749200073
34829263200018
34831613400017
34831783500034
34832364300026
34832603400041
34833076200017
34833570400030
34834341900019
34835498600013
34835572800026
34835700500019
34837189900017
34838056900015
34838443900025
34838951100018
34839021200077
34839833000087
34839953600021
34840525900030
34841550600271
34841985400024
34842311200039
34842523200066
34843935700123
34844004100013
34846196300020
34850509000046
34852698900010
34852903300055
34853053600013
34855269600026
34857740400026
34858829400010
34858927600024
34860613800033
34860880300014
34860906600017
34862152500024
34863255500028
34866065500013
34866423600026
34866716300102
34867416901827
34867461500029
34868391300035
34868747600039
34868864900048
34869646900017
34873208200030
34873242100022
34873675200018
34873950900050
34873986300036
34874770000022
34875086000028
34875596800016
34876109900012
34877014000054
34877503200025
34879032000496
34879061900020
34882159600031
34883117300011
34883961400016
34884584300013
34884687400017
34885823400019
34887449600014
34892087700019
34893638600872
34895354800016
34899782600030
34899897200072
34901741800022
34903653300025
34903935400015
34904922100048
34906083000016
34906522700010
34906837900107
34906837900230
34908387300035
34908986200016
34909389800022
34909595000037
34909984600017
34910563500024
34913775200045
34913961800012
34914881700019
34915934300020
34917233800023
34919465400019
34919790500012
34920803300010
34921140900033
34921398300027
34922569800019
34923057300033
34924693400013
34924745200023
34926702100054
34927305200010
34927533900050
34927914100031
34929152600029
34930031900010
34930985600012
34931608300022
34932683500015
34932913600015
34934567800057
34935278100018
34935946300016
34936054500025
34936458800062
34936867000122
34939907100050
34939967500058
34940003600027
34940398000015
34940986200027
34944441400016
34945539400016
34947292800010
34948510200041
34949896400023
34952737400012
34952995800069
34958970500020
34960139300029
34961516100040
34961553400014
34961937900010
34961996500024
34965433500034
34968893700037
34968990100016
34970070800010
34970710900030
34970713300014
34971795900028
34972503600025
34972519200018
34972593700057
34973162000028
34973465700027
34976123900046
34976383900017
34976464700013
34978290400016
34978774700022
34978828100021
34979211900019
34979674800011
34980831100022
34983062000010
34983382200019
34984057900016
34985231900012
34987123600049
34987557500012
34988216700027
34988562400032
34988788500029
34988951900014
34989210900019
34990013400017
34990129800035
34990460700026
34991984500066
34992845700028
34993836500021
34994225000037
34997290100046
34998272800025
34999011900027
35000280400010
35001804000013
35002407100010
35002813000044
35004198400096
35004352700034
35004650400055
35005058900349
35005177700018
35005500000011
35005697400057
35005844200020
35006422600169
35010438600015
35012516700022
35012625600030
35012750200010
35013003500016
35015859800028
35016239200020
35017454600043
35018680500064
35019018700046
35019502000028
35020912800023
35021186800020
35021369000018
35026899100014
35028059000059
35028115000028
35030177600075
35030546200011
35030592600072
35030914200023
35031089200053
35033007200017
35035759600062
35037864200283
35039205600015
35040502300010
35043145800032
35043193800074
35044784300011
35044875900018
35045260300029
35046080400031
35049361500073
35049388800035
35050095500017
35050505300032
35052009400029
35054740200049
35056127000041
35056767300016
35056925700198
35057064400012
35058282100012
35058509700016
35058729100021
35061466500023
35062759200040
35064807700054
35065366300012
35065691400016
35066303500037
35066668100027
35068091400032
35068628300010
35069281000020
35070128000017
35071148700032
35072863000012
35074672300039
35075232500034
35076321500026
35078209000012
35078896400020
35079571200024
35080140300030
35082407400024
35082470200020
35084297700018
35086438500066
35087952400014
35089825000047
35090149200024
35091542700016
35093488100029
35093928600042
35094612500027
35095378200025
35096019100079
35096367400022
35096459900020
35097929000011
35098250000026
35099464600023
35099697100015
35099927200049
35100722400030
35105659300020
35106243500026
35108197100019
35108395100027
35110079700023
35110236300014
35110333800015
35111273500029
35114350800015
35115260800029
35116401700037
35116448802259
35116497500010
35116604600026
35116764800028
35117543500020
35118467600010
35118650700015
35118903000015
35120457300015
35120752700042
35123272300038
35124131000025
35124885100062
35125114500097
35126423900069
35129040800027
35130004100016
35131284800101
35132971900014
35134027800016
35134228200032
35135172100011
35135414700024
35136259500016
35137198400029
35139732800011
35140359700112
35141602900012
35141673000015
35142417100038
35144208206396
35144208206834
35146399700012
35146649500386
35147594200014
35148887900013
35149630200016
35152177800032
35153690900010
35154429100039
35154701300018
35156585800013
35159209200016
35162623900062
35162894600011
35163179100016
35164896900019
35164933000013
35165204500011
35166691200016
35166693800029
35167301700023
35168100200017
35169290000019
35170666800057
35171353200544
35171353201054
35173236700013
35174842100085
35175131800020
35176774400052
35177456700066
35179876400376
35179888900033
35179986100031
35183073200027
35183740601599
35183775200010
35184583900080
35185015100041
35185048200016
35187388000022
35188441600055
35188648600056
35189035500016
35189573500022
35190873600017
35192403000023
35194813800018
35196108100012
35198034700014
35198188100029
35198709400015
35198930600037
35199612900018
35199939600028
35201175300014
35204591800021
35205051200040
35205075100010
35205551100013
35206327500023
35208540100011
35209096300013
35210794000046
35211235300037
35212003400033
35212206300139
35212886200021
35214025500048
35214521300018
35215407400012
35216975900029
35218508600019
35219300700866
35219300701682
35220348300024
35220352500014
35222484400014
35222595700021
35222869600014
35223216900016
35223616000045
35223943800018
35224274700017
35224638300066
35225265400012
35226568000038
35228435000035
35236573800025
35237920000012
35237938200026
35238898700013
35241952700010
35243263700044
35243751100152
35243804800014
35243930100024
35244101800046
35244454100010
35244507600024
35244943300015
35246016600015
35247544600014
35247933100048
35248334100587
35248334103409
35248790400026
35249501400040
35249794500027
35251268500012
35251338600040
35251512600014
35251909400036
35252266800065
35253365700057
35255586600016
35256901600012
35256986700026
35258153200020
35258568100047
35259330500019
35260197500027
35262819200028
35263103000033
35263859700018
35265172300012
35266834700011
35267593800018
35267625800010
35267657100040
35268820400010
35269335200036
35269446700015
35269838500015
35270091800019
35274574900403
35275383400022
35276901200068
35277705600057
35278243700029
35278449000034
35281143400013
35281308300032
35281411500015
35281896700023
35282243100057
35282975800023
35283375000024
35283635700074
35283833800015
35284009400010
35284179500029
35285806200024
35286489600019
35286869900021
35288290600055
35291616700013
35292468200011
35293301400032
35295445700037
35295904300014
35296843200034
35298903200037
35299446100031
35301934200024
35302102500021
35303714600019
35303787200010
35304153600114
35304352400019
35304951300016
35305057800015
35305454700016
35306444700066
35308412200012
35308799200015
35310055500013
35311398800037
35311621300029
35312922400013
35313822500027
35313911600019
35314022100014
35314443900018
35315904900025
35317255400084
35317757900011
35317898100018
35318022700012
35319899700010
35325110100013
35325993000017
35326510100017
35326511900019
35326712300019
35327106700111
35327106700160
35328940800026
35330440500015
35330523800688
35331073300038
35334174600025
35334605900010
35335409500021
35335550600018
35338021500072
35338323500010
35338385400018
35338477900016
35343754400060
35343901100050
35344046400314
35344046400553
35344046400991
35344046401536
35344676800015
35347118800030
35347209500010
35347260800028
35348861200014
35350118200045
35350787400025
35351391400021
35351986100010
35352220400067
35353372200016
35354728400037
35356730800013
35356738100036
35356753000046
35357830500024
35358626600010
35358912000024
35359453400011
35361181700019
35362791200036
35363497500018
35364653200013
35365958400026
35366417000027
35371562600019
35372096400017
35372643300041
35374060800024
35379535400029
35381395900023
35381691100047
35381697800012
35381711700024
35382022800024
35382248900012
35383629900050
35384042400058
35384129900012
35384986200019
35386566000016
35386846600015
35387141100024
35389043700034
35389275500011
35389384500068
35389631900079
35392933400012
35393347600064
35393878000015
35395210400019
35395929900036
35396874600092
35398032900026
35398061800030
35398474300016
35400135600014
35403654300024
35406306700012
35407043500053
35407221700012
35420043800027
35480104500023
35600000001776
35600000003436
35600000007595
35600000010172
35600000014006
35600000016793
35600000017733
35600000020572
35600000021828
35600000022309
35600000022318
35600000022520
35600000027345
35600000029041
35600000029721
35600000033299
35600000033749
35600000036494
35600000037579
35600000039527
35600000039829
35600000041312
35600000041335
35600000043572
35600000045755
35600000048711
35600000051794
35600000059827
35600000060320
35600000061577
35600000062017
35600000068241
35600000068570
35600000069916
36280042700035
36780140400214
37180024400019
37568013900116
37717069100036
37748589100016
37748834100027
37748887900018
37748939800018
37749168300019
37749281400027
37749500700058
37749638500065
37750608400013
37751421100061
37751696800015
37751981400018
37752689200031
37753329403027
37753703000019
37754003400024
37755063700021
37755327600041
37759481700035
37759569900044
37759879200010
37761099300018
37763728500067
37764941300087
37766807400026
37766840500022
37767391800084
37767391800167
37770062000018
37770744300026
37770752600010
37771683200011
37773935400068
37774070900243
37774078200026
37774265500048
37774506200010
37774953600027
37775189600020
37775253000024
37775336300011
37776086300011
37777157100017
37777852700020
37778244600035
37779056300045
37779546300019
37781006400016
37781062700010
37786261000047
37786404600026
37788969600029
37789000900014
37789078500076
37789867100013
37790052700021
37790129300052
37790541900125
37790621900011
37791706700466
37792151500013
37792399000024
37792465900016
37793011000012
37793915200056
37793990500032
37795322900020
37795859000012
37796862300019
37797259100020
37797377100019
37797893700011
37798361400019
37799694700026
37800460000011
37802639700018
37802824500017
37803155300068
37803469800027
37804532200062
37804750000855
37806053700024
37806271500065
37806275600218
37807390200017
37807497500087
37809134200014
37810037400016
37810128100012
37811914300022
37812156000015
37815085800017
37816467700023
37817532700014
37818236400018
37818392500015
37819203300033
37820180000398
37821432400022
37821554500047
37821740000019
37821769900032
37822875300034
37823006400024
37823523800011
37825691100017
37826748800013
37827612500028
37828134900035
37829128000014
37830785400034
37830868800019
37831033800017
37831521200027
37832026100019
37832170700028
37833017900037
37833426200011
37833666300018
37833859400013
37833985700013
37834225700029
37834405500017
37834767800039
37835728900016
37838045500022
37840158200028
37841585500014
37841648100018
37844963100019
37845247800019
37845487000031
37845785700167
37845849100016
37845905100017
37846028102534
37847876200016
37849160900012
37850319700048
37850670300024
37850678600029
37850881600030
37850897200015
37851643900031
37853476200026
37854100700019
37855215200027
37855603900022
37856100500018
37856328200037
37856624400059
37857707600037
37858260500010
37859614200042
37860067000012
37862502400021
37864212800011
37867717300049
37867900500017
37867951800027
37868217300018
37868568900010
37869392300013
37871804300078
