34485483100015
34486119000074
34487141300037
34488714600027
34489242700016
34489300300014
34491341300037
34491753900035
34496118000017
34500602700592
34500602701608
34500602701822
34501121700022
34502584500016
34503081100029
34503941600275
34506523900039
34507891900031
34508617705274
34509481700045
34512219600016
34513048825469
34513048826319
34513048826665
34513233600024
34513586700033
34515072600049
34518020200011
34520134700019
34521220300011
34521373000012
34522481000027
34522766400033
34522870400010
34524507000015
34525674700014
34526581300013
34527226400010
34527978000026
34529085200010
34529179300031
34531237500073
34532205100011
34532634200028
34533269600052
34533457700029
34533958400061
34534141600039
34535175300016
34536743700026
34537814500022
34538455600097
34539619600015
34540415600480
34540415600571
34739674900017
34739763000026
34740363600017
34740583900015
34741377500086
34742413700037
34744507400037
34746253300022
34747443900010
34747781200015
34750681800017
34751484600042
34753804300824
34753804302598
34755129300017
34757249700050
34758223100473
34759556300029
34762034600010
34763327300011
34765901300051
34766663800023
34767015000130
34768693300057
34768793100027
34769577700016
34769833400047
34770170800021
34771073300010
34771484200023
34771917100832
34772715800011
34772738000037
34772772900019
34775684300020
34776444100023
34779116200014
34779783900011
34780039300030
34780600200049
34781205900025
34783466500015
34783702300030
34784388000027
34784672700019
34785215400041
34785478800028
34786222900015
34786492800010
34786540400029
34789900700020
34791271900015
34791961500018
34792671901322
34792671902312
34793257600023
34794427400021
34794751700012
34796278900025
34796680600023
34796896800078
34799386700014
34799393300048
34800635400016
34802354000019
34802930700025
34803299600053
34805111100014
34805644100010
34809176000028
34810277300028
34810541200038
34810589100017
34811001600022
34812260700032
34812646700037
34816066400028
34816314800011
34816508500013
34817515900014
34819487900014
34819848200021
34820178100062
34820314200073
34820529500010
34820948700027
34821427100010
34821734000044
34822300900013
34822393400012
34823424600026
34824661200025
34828708700020
34829589000019
34829717700019
34830185400041
34830560800013
34830588900019
34831657100077
34832166200010
34833348500012
34835684100042
34836704600011
34837982700010
34838203700029
34838727500012
34839154100045
34839392700010
34840941800012
34841690000044
34842343500067
34844070200028
34844146000022
34844969500017
34845196400020
34845351500028
34845715100010
34848653100018
34849290100031
34851158500104
34851460500016
34851990100014
34852618700011
34854830600029
34855204300013
34855682000044
34856031900033
34856105100023
34856235600025
34857414600042
34857981400016
34859334400024
34861433000028
34862909800024
34863941000037
34866228900019
34867305400014
34867694100027
34868678300013
34868808600035
34868912600012
34871380100036
34871718200052
34876487900014
34876663500091
34877533900016
34879032000306
34879685500032
34880284400020
34880816300011
34880933600038
34881975600027
34882991200016
34883998600026
34884537100023
34888126900024
34888364600039
34888757100035
34888921300032
34889588900049
34890183600026
34891291600023
34891834300099
34892913400016
34893717800021
34894307700027
34897321500026
34897669700071
34897726500019
34898053300049
34898325500020
34898781900052
34899155501609
34899215700027
34899425200016
34901863000039
34902733400045
34903134400022
34903341500051
34903759800019
34903946100067
34904510400024
34904790200029
