34483235700026
34484549000012
34486236200201
34487795600021
34488108100022
34488532200018
34490477600012
34493425200067
34493529100015
34493875800010
34494521700026
34494529000031
34495864000015
34496743500050
34496889600029
34497303700015
34498413300050
34499523800054
34500257000017
34500269500012
34500602701145
34502489700018
34502546400057
34503025800023
34505058700020
34505314400035
34505457100012
34506924900018
34507858800026
34508617704673
34508664900026
34510011900014
34510489700011
34510744500040
34511643800028
34512449900012
34513048803318
34513048814174
34513048814836
34513048824579
34513048827093
34513048830394
34514601300015
34515605300018
34516278800037
34516298600011
34517486600011
34520298000016
34520537100023
34525850300019
34526190300024
34528792400012
34529359100037
34529410200016
34529799800022
34530688000880
34531333200040
34532681300028
34534513600013
34538199000026
34738243400020
34738600500024
34739079100015
34740948400032
34741511900051
34744150300013
34746286300031
34748764700013
34749406400038
34751587600048
34751817700014
34753804303182
34753804303273
34756497300035
34756921200017
34758751100028
34759613200022
34760366400025
34760921600069
34761602100064
34761745800026
34762874500015
34762906500017
34764072400014
34765869200012
34766145600017
34767023400017
34767594400016
34768174400012
34770252400039
34770949500027
34771895900021
34775349300019
34775491300023
34776258500045
34776405200028
34777537100029
34777698100016
34780470000065
34783211500013
34784596800028
34784622200045
34784766700057
34788904000031
34789154100018
34792671900456
34793472100023
34794342500038
34795426500075
34796082500078
34796664000026
34798719000019
34800644600192
34800684200028
34801354100027
34801511600018
34801744300022
34802669100041
34803603900025
34804254000016
34804855400011
34805462800014
34805640900025
34808267800023
34808740400011
34810197300017
34810354000012
34813562500039
34814077300022
34814752100028
34814777800024
34815138200036
34816866700247
34816866700288
34817803900023
34820148400014
34820400900024
34820500600011
34820902400010
34822277900012
34822742200014
34822949300013
34825712200039
34828315100044
34828497700140
34829719300057
34830410600027
34830665500047
34832182900015
34832947500043
34834033200017
34834796400069
34835787200020
34841814600026
34842513300033
34843208900012
34843670000036
34843876300024
34844148600019
34847401600022
34848962600054
34849520100041
34852084200017
34852221000031
34853940400031
34855241500070
34856556500010
34856823900019
34858906000030
34859221300014
34859365800043
34859469800048
34860084200010
34860674000010
34861038700014
34864686000026
34864747000015
34866197600020
34866506800014
34867274200023
34867416902734
34867902800012
34868339200016
34869727700054
34872574800043
34874227100011
34874772600019
34874972200024
34876384800028
34876679100019
34876943100035
34877592500012
34877649300051
34878379600066
34878832400013
34878926400028
34886168300012
34886910800012
34889204300012
34889743000024
34890997900042
34891249400021
34892129700019
34893668300021
34894970200016
34895405800023
34895688900029
34898734800029
34898781900037
34899351000018
34900785600025
34901756600028
34906208300010
34906250500020
34907732100025
34908036600025
34908268500034
34912253100024
34913667100022
34914210900025
34916459000011
34917852500011
34918294900017
34918548800096
34922496400016
34923144900035
34923663800137
34925618000028
34925704800018
34925788100012
34925988700108
34926115600021
34926598300016
34927430800015
34927801000013
34928454700016
34929619400047
34930618300014
34931380900023
34931964000026
34932735300018
34932903700031
34933350000016
34936755700239
34937020500016
34937504800015
34938244000015
34939277900055
34939410600026
34939517800040
34942521500010
34942704700023
34945095700015
34947158100034
34947927900011
34948569800014
34950083500013
34950140300019
34951491900019
34951542900018
34951916500048
34952097300018
34954643200023
34955442800012
34955811400048
34956880800035
34957966400013
34959387100016
34959564500038
34961965000063
34962426200011
34963658900021
34963781900013
34964135700018
34964723000011
34965936700065
34966636200018
34967528000094
34968588300010
34969182400016
34969263200020
34971389100019
34972147200034
34973428500191
34974978800023
34975271700018
34979547600036
34980856800019
34982054800015
34983702100022
34983764100019
34985289700108
34989302400027
34990053000016
34991157800012
34992272400027
34993740900010
34994149200010
34994543600013
34994668100161
34994703600019
34994755600057
34994787900038
34996916200115
34998124100012
34998448400031
34999063000098
34999774200029
35000677100025
35001926100048
35004427700027
35004526600078
35005807900012
35011229800020
35012370900023
35013252800018
35014540500030
35014550400022
35014812800019
35015371400059
35015825900027
35017217700031
35019554100015
35019871900014
35019956800030
35020297400050
35020766800012
35022415000051
35022630400029
35023253400023
35024603900639
35025960200026
35027659800041
35031989300029
35032437200019
35034268900071
35036642300027
35037223100018
35037247000020
35037661200023
35037861800010
35038101800026
35038669400011
35039117300035
35040049500015
35041562600042
35043893300045
35044127500020
35046010100115
35046670200049
35046916900030
35046940900055
35047237900014
35052614100014
35052865900013
35055667600020
35057391100012
35057475200027
35058705100029
35058938800023
35059055000074
35060012800010
35060136500041
35060166200025
35060234800095
35061307100017
35068353800028
35073917300010
35076904800033
35077259600010
35079161200970
35079550600038
35082031200014
35082154200023
35083697900020
35085088900030
35087111700015
35087912800048
35088323700082
35088862400011
35089505800039
35091705000014
35092207600012
35093027700024
35093239800026
35094207400013
35094935000036
35095505000041
35095932600017
35096836800026
35097125500046
35098060300012
35099142800029
35099270700124
35100035100020
35102787500019
35102919400013
35103121600028
35103562100017
35106765700012
35107310100039
35107858900014
35108132800038
35109591400062
35110706500028
35112883000020
35113629600040
35115275600026
35119038400013
35120748500027
35121808600012
35124765500019
35125798500017
35126477500013
35127008700023
35128116700020
35129286700022
35129690000019
35129878100011
35131622900050
35132640000022
35135198600010
35135238000023
35138043100012
35138252800013
35138685900018
35138869900057
35139780700014
35140045200048
35141756300027
35141835500019
35142177100061
35144208200373
35144208201215
35144208204227
35144208205117
35144208206305
35144208207311
35144620800016
35147223800010
35147667600033
35152874000019
35154362400016
35156323400019
35157708500027
35158341400039
35159402300027
35161041500017
35162697300025
35162888800023
35163758200039
35163770700016
35163797000010
35163962000019
35164173300024
35165963600036
35167789300023
35168370100038
35169241300047
35169590300028
35169696800012
35170018200022
35170256800012
35175132600023
35175935200039
35178274300170
35178468100022
35179903600022
35181135100037
35181157500023
35181583200032
35181817400028
35182966800018
35182981700037
35185810500015
35185821200027
35185908700014
35186257800017
35186769201100
35188554600017
35188677500011
35188931600045
35190414900017
35190845400017
35192023600012
35193578800015
35194164600017
35195194200025
35195605700019
35197177500033
35197289800016
35197834100011
35198697100015
35200350300013
35200533400011
35200607600017
35200661300017
35201108400014
35201114200028
35202693400013
35202743700016
35203679200146
35204135400049
35204255000033
35206519700019
35206825800016
35208645800044
35209813101066
35210314700026
35211551300025
35213633700024
35214012300030
35214604700019
35214712800032
35214772200024
35215189800017
35215661600083
35218035000030
35220519900016
35222257400019
35223132800027
35223219300024
35223831500027
35223953700025
35224158200134
35224210100066
35224296000016
35225620000069
35226078000031
35227564800017
35227821200068
35228858300011
35232244000038
35232399200011
35232671400016
35234552400040
35235906100038
35235948300018
35236867400011
35238614800055
35239526300044
35240829800045
35243941800026
35244176000019
35245429200108
35246403600016
35246465500021
35246503300012
35246659300030
35247624600017
35248334101957
35248754000044
35248857100030
35249410800017
35251385700024
35251532400049
35251954000046
35252212200014
35252600800011
35252726100015
35254257500019
35256179900029
35257704300016
35259819700015
35260157900043
35260619800021
35263144400010
35263490100016
35263709400017
35263812600032
35263849800027
35263987600015
35265708400021
35265989000011
35266137500019
35267548200017
35267666200039
35267830400036
35267936900012
35268940000013
35269018400044
35269974800021
35271121200014
35271902500012
35272554300016
35272905700013
35274701800435
35276171200012
35276405400016
35276570500012
35276646300090
35277088700011
35277436800018
35278874900021
35278943200015
35279833400046
35281286100032
35281561700019
35282738000069
35284258700011
35285021800020
35285201600018
35285803900014
35285847600042
35286094400045
35286968900013
35290316500038
35291341200032
35293503500043
35297375400018
35297642700018
35299616900012
35300648900010
35301217200030
35301285900024
35301617300026
35303237800054
35304023100022
35304037100018
35305105500013
35306474400066
35306590700019
35307678900042
35307935300010
35308379300011
35308570700043
35308955000019
35310411000088
35310836800013
35311714600020
35312288000027
35312495100016
35314174000053
35314637600051
35315262200026
35316398300037
35316823000012
35316943600022
35317273700010
35317709000043
35318783400018
35318785900239
35319882300034
35321848000013
35325180400038
35325331300012
35326873300022
35326915200016
35327614000038
35328496100029
35329203000015
35329554600025
35329997700010
35331843900067
35333202600015
35334789100015
35335626400039
35335683500010
35335970600036
35337652800017
35338593300018
35338639400020
35339229300018
35339447100034
35339718500029
35343248700018
35345684100058
35346643600030
35348315900011
35350904500053
35351166000014
35353021500014
35353143700013
35354150100378
35354321800047
35355531100037
35355913100423
35360264200012
35361003300022
35361541200288
35362665800010
35366300800046
35366941902771
35367072200019
35367370000020
35367522600040
35368161200027
35368360000012
35369444100034
35369950700011
35370816700013
35371025400015
35371074200035
35372722500016
35373120100011
35374123400036
35375314800033
35375876600029
35375943400015
35376797300012
35377257700048
35377773300026
35378075200021
35378369900062
35378973800013
35379618800053
35380072500015
35382102803666
35382102804417
35382102804870
35382522700021
35384964900010
35385285800011
35386244400026
35386601500012
35387939800124
35388452100017
35390192900052
35390287700110
35393059700029
35394724500018
35395624600014
35397108800078
35400055600010
35401862400024
35402118000014
35402986000013
35403058700019
35404105500048
35404568400025
35406763900030
35406798500011
35408972400042
35450022502245
35600000004331
35600000005240
35600000007798
35600000009750
35600000014231
35600000018764
35600000020982
35600000025031
35600000026846
35600000028911
35600000029753
35600000029942
35600000030828
35600000032218
35600000032902
35600000035288
35600000037088
35600000042384
35600000045287
35600000045633
35600000047140
35600000048432
35600000053508
35600000055740
35600000058134
35600000061400
35600000063359
35600000065861
35600000067076
35600000067602
35600000067954
35600000069259
35600000069286
36780140400412
37708044500226
37728046600071
37748690700019
37749164200023
37749413300012
37751208200019
37752306300016
37754036400017
37754252700033
37754548800019
37754794800010
37758110300019
37758258000017
37759041900026
37759461900019
37761811100027
37761857400026
37762184200014
37762793000078
37762957100011
37765808300011
37766894200024
37769067200011
37769351000010
37769461700038
37769590300098
37770133900014
37770260000018
37771536200028
37771628700018
37776093900027
37776123400022
37776387500012
37777173800012
37779340100060
37782627600018
37786073900012
37788720300026
37791031000012
37793961600019
37794505000021
37795584400016
37795833500046
37796704700038
37797745900017
37797963800048
37799434800011
37801665300073
37802236200032
37803103300012
37803320300035
37804025700032
37804750000269
37805095900048
37805307800036
37806133700028
37806251700032
37808298600019
37809114400014
37810846800018
37811593500017
37811782400029
37812847400483
37814284800019
37814507200039
37814507200054
37814983500019
37816588000014
37816772000044
37817216700041
37818504500028
37819701600017
37823247400023
37823997400892
37824304200017
37825196100041
37825652300028
37827275100025
37827387400016
37828030900014
37828226300037
37829728700013
37829880600019
37830004000037
37830393700023
37832751400014
37833952700012
37835725500017
37838697300010
37840326500010
37842537500029
37843258700020
37846348300016
37846604900012
37846609800027
37847002500248
37847295500012
37848275600020
37848483600028
37849366200027
37849577400010
37851659500014
37851967200018
37852937400027
37853310300024
37854455500014
37854682400012
37855488500012
37856420700025
37857131900045
37857630000032
37858514500014
37858573100029
37859205900042
37861070300159
37861070300597
37861920900539
37862045400017
37865288700043
37868316300018
37869411100048
37870596600018
37871297000037
37871787000018
37875506000043
37877125700045
37877173700020
37879959700018
37879982900015
37880039500014
37881544300015
37881663100014
37884311400018
37886273400019
37887331900016
37887870600027
37889074300016
37889079200013
37889837300014
37890516000024
37891046700018
37891608400015
37891634000045
37895281600015
37895894600014
37896055300105
37896989300023
37898457900029
37898568300077
37899948600038
37901659500033
37902772500025
37903929000018
37904261700017
37904474600061
37905406700028
37906175700017
37906209400030
37906749900028
37906885100029
37908071600036
37908079900032
37910535600016
37911076000012
37911856500025
37913416600717
37913529600018
37914096500037
37914148400012
37914558400031
37914871100045
37915568200014
37915859500015
37915966800035
37916501200020
37916644000014
37917074900012
37918136500030
37919598500013
37919635500059
37920213800010
37920253400010
37921188100014
37923067500017
37923825600018
37924070800014
37925494900017
37926006000015
37926078900019
37926296700035
37927455800046
37927512600017
37927580300011
37931666400018
37933156400052
37935696700016
37935950800015
37936501800066
37936946500230
37936946500297
37938336700016
37938392000020
37940606900037
37940911300022
37941334700020
37942143100022
37942714900016
37943162000010
37943904500020
37944112400029
37944976200010
37945606400011
37946434000023
37947182400035
37947474500088
37948020500010
37948372000023
37949189700011
37949644100013
37950565400010
37951003500015
37951769100042
37951852500041
37952205500027
37953752500063
37954423200018
37954568400035
37955997400017
37956852000041
37956958500027
37957069000022
37958270300029
37958494900018
37958790004754
37958790006155
37960748400019
37961895200012
37962181600030
