34486623100014
34487673500020
34490067500036
34490306700041
34492921100011
34493637200046
34494259400047
34494665200031
34495944000019
34496424200020
34496429100043
34496996900031
34497687300044
34498259000038
34498266500087
34500177000014
34500524300026
34500989800023
34503474800029
34506988400012
34507147600054
34507182300032
34507665700021
34508364600017
34508614400028
34508617700853
34508617705209
34508852000019
34509316500057
34510307100048
34510476400112
34510605800026
34511321100022
34511353400027
34513048814877
34513048820866
34513048825170
34513048826509
34513048827242
34514524700010
34516384400029
34517057500020
34518002000058
34518066500035
34519070600019
34520900100048
34521188200039
34523878600015
34524164000019
34524311700073
34524496600023
34524577300022
34525906300013
34526577100021
34527807100013
34527832900015
34528071300016
34530917300036
34531360500015
34531600400018
34531683000016
34532002200030
34532177200013
34532960100016
34535183700017
34536136400010
34538063800048
34538831800049
34539733500026
34540676300010
34738753200042
34740250500015
34745177500022
34748404000014
34748646600076
34749555800020
34752560200020
34752648500011
34753024800033
34753901700033
34753942100029
34753942100045
34755186300058
34755249900027
34755917100025
34756314000016
34759111700010
34760498500015
34760820000031
34761501500026
34762753100010
34766791700038
34768970500064
34770081700021
34770190600013
34771202800047
34771984100012
34772559000058
34774654700012
34775439200087
34775480600029
34775728800159
34776215500021
34776490400012
34776779000012
34777091900053
34777674200012
34777826800040
34778078500031
34779502300030
34779951200046
34781435200055
34782089600046
34783091100058
34783353500011
34784735200015
34784938200838
34785085100010
34788612900050
34789316600012
34790406200010
34790503600062
34792671901546
34793337600027
34793636100026
34794078500038
34794134600012
34794659200016
34795610400025
34795891000023
34795908200012
34795983500039
34798554100064
34799106900084
34800491200047
34801390500230
34801499400019
34803612000015
34804172400033
34807005300015
34808114200013
34808806300022
34813365300058
34815476600011
34816975600015
34817211500019
34818179300079
34818759200020
34821616900022
34824534100014
34825178600045
34826036500021
34827160200024
34829258200031
34829386100012
34830381900018
34830410600126
34830660600040
34834838400010
34835427500037
34839204400015
34839885000027
34843223800015
34843988600022
34844158500018
34844287200027
34844471200122
34845317600029
34847103800078
34850310300023
34851293000044
34852198000014
34852362200036
34852927200026
34853298700016
34854352100010
34854946000015
34858437600035
34859071200033
34860045300032
34863572300060
34866292500018
34866649600016
34867067000044
34867070400017
34867299900029
34867416903401
34868860700046
34871034400014
34871124300017
34871369400035
34871432000069
34872046700029
34874360000010
34874579500016
34876192500018
34877235100048
34878073500018
34878126100022
34879097300013
34879270600031
34881453400023
34881732100022
34882277600012
34884582700016
34884644500024
34886598100024
34887528700016
34888012100010
34888710000017
34890990400024
34891142100033
34891829300013
34891885500027
34891916800024
34892205500184
34893130400037
34894483600017
34896158200023
34898476600017
34899133200043
34899995400012
34900234500016
34901111400031
34901440700010
34901799600050
34901928100022
34902121200056
34903287000017
34903607900011
34905451000095
