34484541700015
34486140600017
34487418500038
34488380600038
34489761600167
34490437000030
34490492500023
34490876900062
34491632500022
34492777700013
34496386300016
34498668200054
34499479300034
34499758000016
34500602701327
34503091000029
34503130600029
34504008300023
34504142000018
34504961300069
34505590900021
34506001600044
34508617703212
34508617705027
34511611500196
34511678400025
34513048803409
34513048820460
34513048824298
34513048824918
34513048826350
34513048830303
34514373900018
34515584000019
34515774700022
34519401300032
34520648600051
34520760900024
34521478700011
34521825900017
34522549400011
34522588200025
34522705200015
34526318000027
34528734600034
34529898800014
34529973900044
34532170700019
34532594800031
34533306600016
34536086100016
34540494100014
34540627600021
34738186500083
34740282800037
34740662100016
34740706600013
34742204000027
34743832700020
34745017300013
34745306000027
34745411800014
34746016400028
34747302700030
34749580600023
34753355600036
34753949600013
34754092400011
34754270600036
34754288800016
34755986600038
34758316300014
34758422900046
34759314700015
34760205400053
34761913200017
34762282100010
34763688800013
34764845300020
34766589500053
34767130700036
34768632100022
34768725300026
34769809400062
34770880200090
34771336400011
34773077200048
34775114100057
34781769400016
34782198500046
34786262500048
34787671600031
34790241300017
34790820400022
34792401100013
34792671900159
34792671901660
34792671901884
34794654300019
34796093200023
34797392700028
34798178900030
34798203500011
34798899000011
34800127200049
34801516500031
34802959600015
34806029400025
34806051800035
34806777800038
34807191100039
34807692800012
34808667900019
34808973100015
34809245300011
34810551100029
34812130200015
34813542700022
34814360300010
34814520200035
34815562300096
34816033400036
34817327900012
34821028700010
34823333900053
34824228000025
34825105900013
34825425100021
34826646100048
34827391300056
34828765700020
34829044600031
34829053700011
34834198300016
34834204900015
34835126300010
34835571000065
34835600700016
34835655100054
34836088400012
34837259000011
34838015500013
34841994600036
34844594100027
34845022200016
34845525400030
34847112900059
34847987400029
34849033500018
34849555700012
34851744200045
34851932300011
34851949700021
34853087400026
34854826400020
34855971700015
34856624100017
34857589500027
34858392300043
34858992000019
34859514100014
34859967100065
34860441400014
34861046000027
34862500500064
34864772800016
34865969900014
34866291700049
34866484800010
34867416901272
34867416901553
34868626200075
34868777300021
34871536800018
34873182900019
34873976400051
34876141200017
34876340000010
34878245900013
34878427300016
34878590800016
34879022100025
34879032000280
34880302400010
34882269300019
34882441800035
34882652000010
34882942500019
34883070400014
34883589300044
34885321900031
34885418300020
34885515600025
34886036200014
34886626001624
34888032900068
34888207700012
34888647400017
34889490800014
34889575600024
34890695900013
34893132000025
34894355600020
34895619400032
34895955200046
34896680500031
34898088900011
34898438600022
34898920300016
34902157600039
34902666600033
34902744100014
34905451000046
34906496400019
34907096100017
34909625500022
34913660600010
34913710900030
34913786900088
34914066500036
34915377500037
34915584600034
34918412700018
34923070600047
34924770000033
34924876500027
34926407700018
34929969300029
34931978000012
34932949000040
34933338500038
34933560400014
34935073600055
34935367200034
34935552900034
34935612100070
34937916400024
34938961900025
34939697800026
34940053100027
34940975500015
34942070300044
34942368100015
34942872200020
34943243500015
34944294700025
34945067600086
34945811700026
34946373700016
34948164800013
34948547400010
34948702500018
34950145200024
34952123700033
34953382800027
34953921300018
34954305800011
34954676200015
34956155500013
34958079500012
34958385600019
34958385600035
34958404500042
34958609900021
34959756700024
34960014800010
34960692100055
34960718400018
34961081600036
34961107900063
34961948600021
34963013700025
34963134100030
34963454300061
34964186000011
34964656200042
34964977200010
34965300600016
34965933400032
34967074500018
34967105700017
34967382200020
34967751800012
34969737500021
34970445200011
34971509400026
34972483100020
34972790900021
34975149500020
34976200500040
34976718600027
34977850600015
34979417200016
34979521100029
34979855300013
34980431000044
34981017600017
34982181900019
34984116300042
34984312800019
34985213700026
34986112000039
34986250800026
34988021100025
34988655600076
34989465900011
34989548200033
34990260100047
34991054700026
34992672500038
34994124500012
34995040200033
34997493101478
34997540900039
34998921000035
34999616500016
34999653800014
35000297800012
35000587200048
35001224100161
35001762000021
35004198400112
35005059700045
35006495200038
