34484324800016
34484859300010
34485461700018
34490633400018
34491014600069
34492224000025
34492272900019
34495026600017
34495462300015
34496231100017
34496627000011
34497290600061
34498264000023
34498486900026
34498507200059
34500443600076
34500611800011
34502847600041
34502947400201
34503060500033
34504372300013
34506880300062
34507740800036
34507829900046
34508617702750
34508617702784
34508617702917
34508617707288
34508617708062
34508698700046
34508746400011
34512019000011
34512875500013
34513048811576
34513048818365
34513048821922
34513048823027
34513048827549
34513048827978
34515615200018
34516342200032
34517058300016
34518159800011
34518952600022
34522019800039
34522840700028
34523014800032
34524589800027
34527295900015
34528087900023
34530688000492
34530837300025
34532074100019
34535013600015
34535234800014
34536797300012
34539423300075
34738457000110
34739139300019
34739769700017
34740704100024
34743257700018
34743436700038
34743484700021
34748056800018
34748648200032
34748666400019
34750865700025
34751117200020
34753564300063
34753613800022
34753686400015
34753804302283
34755506200020
34757151500043
34760082700013
34764002100064
34766190200135
34766700800051
34767085300014
34769628800047
34769833400070
34770456100039
34772164900015
34774640600029
34775164600121
34777063800018
34777282400012
34781224000039
34781391700056
34782140700025
34782756000058
34783455800012
34784090200014
34787979300045
34788164100059
34788273000026
34789477600025
34791069700015
34792429200019
34792671901215
34794407600020
34798921200019
34802004100011
34802796200102
34802884600023
34803295400011
34803521300068
34806222500019
34808214000024
34809856700020
34810283100016
34810399500018
34811888600038
34812234200010
34813160800021
34813482600026
34813793600012
34817686800027
34818491200056
34818876400024
34818915000017
34819593400024
34819788000035
34824513500077
34825231300054
34829097400024
34829163400015
34829547800013
34829786200016
34830318100013
34831438600056
34833121600021
34833499600025
34834509100022
34834603200017
34837965200020
34837999100014
34839861100049
34839978300011
34840003700043
34840727100041
34841212300021
34842336900027
34846865300087
34847834800058
34848968300022
34849129100020
34849616700019
34849923700025
34849934400029
34850058800028
34850908400029
34851245000027
34851255900058
34852833200011
34853805900018
34854128500014
34854579900044
34854781100037
34854804100048
34857116700041
34857441900019
34857572100033
34857941800016
34857961600015
34858065500028
34858544900039
34859303900046
34860035400016
34863770300029
34863965900062
34865017700028
34867416904052
34867479700017
34867732900040
34871932900016
34872055800066
34872169700012
34872828800039
34873587900036
34874171100025
34877549500057
34878119600046
34878151900080
34879310000010
34879651700012
34879898400020
34880091300017
34881114200101
34881560600010
34881581200014
34881897200013
34882499600048
34882727000011
34884709600016
34885214600011
34886315000010
34886697100016
34887853900025
34888893400018
34889611900016
34890263600052
34893667500019
34894023000033
34894267300024
34894880300088
34894900900016
34896663100031
34898718100032
34899155500866
34900932400022
34900994400019
34904019600025
