34483927900033
34484229900051
34484374300453
34484702500014
34484873400010
34485688500019
34485795800013
34486670200014
34490871000033
34494146300012
34495089400024
34495394800041
34496423400068
34496798900015
34500602700956
34500602701947
34501723000029
34502098600104
34502388100013
34503572900044
34503620600026
34504831800017
34504927400037
34505185800024
34505857200016
34508249900038
34508617702214
34508617702958
34508617703741
34508617704616
34508736500028
34511543000018
34513048806105
34513048810677
34513048814570
34513048816559
34513048817599
34513048825881
34513048826749
34513048828893
34513051202226
34514885200022
34515745700028
34518797500114
34519491400015
34519526700074
34519768500042
34519799000020
34520883900034
34521341700024
34521621200018
34523839800100
34524373700011
34524637500041
34524968400035
34525861000020
34526005300029
34526704100035
34529554700037
34532186300044
34532783700018
34534568000010
34536516700070
34536933400023
34537965500045
34538239400046
34538636100017
34634062300021
34738457001233
34738457002264
34739360500022
34740045900025
34740230700164
34740472500017
34740732200010
34740954200037
34741296700015
34742138000044
34743255100039
34744888800052
34747035300025
34747363900024
34747499100010
34747918000023
34748558300012
34749802400012
34750538000027
34750882200025
34753093300030
34753804300378
34754253200010
34754818200026
34755118600013
34757394100023
34757731400011
34758860000036
34759441800027
34760283100013
34760896000048
34763308300048
34763476800027
34763540100040
34766375900012
34767071300044
34767094500018
34770502200015
34771611000015
34772354600011
34772701800017
34775343600042
34775823700015
34777272500029
34778959600074
34779142800019
