34483762000048
34485431000028
34490685400023
34491190400011
34491580600030
34492625800015
34492727200023
34493648900022
34494683500065
34495059700023
34495146200029
34495600800033
34497559400013
34497859800011
34498105500025
34500206700014
34500232300011
34501392400013
34503643800058
34504094300010
34505846500013
34507027000011
34507500600022
34508617706132
34508981700026
34509972500037
34511869900015
34513048807889
34513048818894
34513048821815
34513048822417
34513048824249
34513048824413
34513048828372
34513051202028
34513674100013
34513955400017
34514022200034
34515415700019
34516261400019
34518105100011
34521332600050
34521765700013
34522105500030
34522845600025
34525304100031
34525788500011
34526711600076
34530596500013
34530688000567
34530789600026
34531572500019
34532911400028
34533149000010
34535839400038
34539137900020
34540633400085
34738457001803
34740147300041
34740227300044
34743400300047
34743753500052
34744270900015
34744320200044
34744513200017
34744641100048
34745538800020
34745586700031
34745722800018
34747787900022
34748740700129
34749872700044
34749939400026
34750469800023
34752860600028
34753032100012
34753312700077
34753804301624
34753804301814
34754629300015
34755878500049
34757493100023
34758548100034
34758699200039
34759532400018
34759775900096
34761707800022
34763536900015
34763660700017
34765253900011
34765629000066
34765897300016
34765951800018
34770394400012
34770860400017
34772603600028
34772934500020
34773168900019
34775037400048
34777316000028
34777662700015
34778396100027
34779430700012
34779648400090
34780208400033
34782134000044
34782147200011
34783058000077
34784168600012
34784244500020
34784342700019
34785501700070
34785627000017
34786808500031
34787910800020
34790534100017
34792523200022
34792671902551
34793660100025
34794269000012
34797296000012
34797946000065
34799712400024
34800124900021
34802746700011
34803842300045
34805358800011
34805450300068
34805720900028
34807192900015
34807869200012
34808029200025
34813447900016
34814774500023
34816178700018
34816258700045
34816866700114
34817047300014
34817215600021
34818985300081
34819397000012
34820254000020
34823293500018
34823757900019
34824963200020
34824998800018
34827433300015
34828129600023
34828840800027
34831348700012
34832113400010
34836125400017
34836475300015
34841205700039
34841436800053
34841969800017
34843362400015
34843800300017
34843986000035
34845803500022
34846495900017
34848001300013
34848246400016
34848853700096
34849127500023
34855569900027
34858346900021
34862018800022
34863158100041
34865340300025
34865803000088
34867416900373
34867416902874
34867416905398
34867512500036
34867695800013
34868778100016
34869267400073
34869402700015
34869406800035
34869884600030
34870498200043
34871240700033
34871332200025
34871379300167
34872079800019
34873021900014
34873880800040
34874280000066
34876052100016
34876129700012
34877062900015
34877343300019
34877650100036
34878910800027
34880029300030
34881119100017
34881439300032
34883272600031
34883320300030
34885884600028
34887406600015
34887550100028
34888360400012
34888374500013
34888401600018
34888891800029
34889442900037
34891618000014
34892594200016
34894116200029
34894339000024
34894498400031
34895733300027
34896182200015
34896903100023
34897139100019
34897525100037
34897639000032
34898035000022
34899528300010
34899987100034
34900472100016
34901830900022
34902660900033
34903156700028
34904154100039
34904689600024
34906556500013
34906784300046
34906837900446
34906908800020
34907951700026
34908192700049
34908410300028
34910609600028
34910951200047
34912586400018
34913410600021
34915723000393
34919331800020
34919913300019
34920344800015
34921666300071
34922479000023
34923657000017
34924761900019
34927128800012
34928469500039
34929567500020
34930419600018
34931108400025
34931449200019
34932274300031
34934147900021
34934274100049
34934499400026
34935111400021
34936948800029
34938679700014
34941378100031
34941729500038
34941756800012
34941850900015
34942212100039
34942274100018
34942800300017
34943195700027
34943679000019
34944846400025
34947822200012
34948617500020
34948757900022
34949094600010
34950693100055
34952674900016
34953270500010
34953479200024
34954331400018
34954562400018
34954876800010
34955519300011
34955981500015
34956547300023
34958248600016
34958483900022
34958795600021
34958880600019
34965434300012
34965844300016
34966669300016
34967595900036
34968343300016
34969200400022
34969953800014
34970400700039
34971640700037
34971756100022
34972566300026
34975274100026
34976370600026
34976524800035
34977209500056
34977505600022
34978238300013
34979388500022
34979957700011
34981410300017
34985021400033
34985264000011
34986959400078
34986959400219
34987487500041
34987498200052
34988516000011
34990661000010
34991696500040
34992317700027
34992804400123
34993830800021
34994337300077
34994479300018
34994616000018
34995316600015
34996378500028
34997493101312
34997493101593
34997751200012
34997787600029
34998236300112
34999344400059
35002174700018
35002947600032
35003830300060
35004451700018
35004593600076
35004653800020
35005697400040
35006815100017
35007501600013
35008889400018
35009342300076
35009390200012
35010415400058
35012221400025
35014781500020
35017217700049
35017389400204
35018644100019
35018978300011
35020510000026
35020785800019
35021083700042
35021637000014
35025442100026
35028575500020
35029265200020
35030468900010
35031093400012
35031205400017
35032325900019
35033980000053
35034486700048
35034662300019
35035216700026
35035877600028
35036657100015
35037688500033
35039777400018
35042435400032
35043653100023
35045099500047
35045573900010
35045815400019
35047787300011
35048400200026
35050607700071
35052998800056
35053453300012
35053817900010
35054280900024
35057601300014
35057727600016
35058857000068
35059518700013
35059706800021
35060363500011
35061673600020
35062993700011
35063335000029
35066199700022
35066504800012
35067156600049
35067318200050
35068336300013
35068885900023
35068886700018
35071229500038
35071452300015
35071694000027
35071997700083
35072527100026
35073106300052
35073145100018
35073263200038
35075312500680
35076608500012
35079161201978
35080049600027
35081429900011
35082435500019
35083243200024
35084218300021
35084832100021
35085231500018
35085556500031
35085875900011
35088712100027
35089061200012
35089287300026
35091383600036
35091588000032
35092712500392
35093367700022
35096991100014
35097609800078
35099424000025
35099509800042
35099551000020
35100973300046
35101227300071
35101490700015
35103413700015
35107562700023
35108233400035
35108553500026
35108707700019
35110876600053
35110940000017
35111376600031
35112621400011
35112793100050
35112872300019
35114572700027
35115417400020
35115836500046
35116664000026
35117474300028
35117986600055
35118433800017
35118603600049
35118958400052
35119008700012
35119773600033
35123666600019
35124864600017
35125233300015
35127425300027
35130085000085
35131549400010
35132065000176
35133235800032
35134241500020
35134435300021
35134601000025
35135818900030
35136213200018
35138320300087
35140596400013
35140741600012
35142018700012
35142451000011
35143010300041
35144208206503
35144208207782
35144208207949
35145427700010
35146900200031
35147361600016
35148252600032
35148527100016
35149243400011
35149455400022
35151566300018
35153999400035
35154273300057
35154285700013
35154614800013
35156554400019
35158069100027
35159455100019
35162646000023
35162779900072
35163000900261
35163910900021
35163946300014
35164404200019
35165218500015
35166274700085
35168069900029
35171006600025
35171353200676
35171353201468
35172019800016
35172670800016
35172733400036
35174610200018
35175801600015
35176624100019
35176658900037
35176820500038
35177857600014
35178200800046
35178711400013
35179003500072
35180676500019
35181269800816
35181570900016
35181955200016
35182654000012
35183740600823
35184326300036
35187546300033
35188420000012
35190323200046
35190776100024
35191960000020
35192472500069
35192671200040
35192920300047
35192962500017
35193390800029
35193821200013
35193921000016
35195786500022
35197340900029
35197790500022
35199065000019
35199257300011
35199903200011
35199908100067
35200634000017
35203602400052
35206944700063
35207631900024
35209063300012
35209265400032
35209690300047
35209717400036
35212776500019
35212867200032
35212915900021
35213426600027
35213502400011
35213977800018
35214316800016
35216734000012
35217648100013
35218465900030
35219300701351
35219671100043
35222200400058
35222311900012
35223213600056
35224091500046
35225082300015
35226517700019
35226698500030
35227418700017
35230543700027
35230651800015
35230853000075
35230964500013
35231549300036
35232228300024
35232571600020
35232578100024
35235732100046
35235949100011
35237084500039
