34482731600045
34483624200026
34484319800013
34485674500015
34486933400187
34488102400030
34488405100014
34488850800019
34489649300022
34493383300016
34494640500018
34495952300053
34496410100028
34497658400013
34498647600028
34500602700808
34500602701558
34502098600088
34502176000045
34502770000052
34504309500024
34505049600016
34505699800080
34507917200036
34508280400021
34508617701521
34508617705753
34508617706835
34509206800021
34510169500012
34512868000039
34513048802344
34513048803367
34513048805339
34513048816807
34513048829636
34513051201798
34515490000038
34516487500030
34516555900013
34517155700027
34517871900018
34517974100029
34518016000011
34519674500029
34519688500015
34520028100029
34523969300038
34525027800040
34525758800011
34525885900015
34530031300078
34530940500024
34531134400047
34533809900012
34535473200025
34536718900015
34537562000027
34537715400017
34538244400015
34538292300018
34538765800015
34539109800026
34545019100019
34714039400029
34715007000048
34738170900042
34738457001100
34740189500029
34742434300023
34743726100063
34744021600013
34744557900019
34745090000019
34745783000045
34746716900020
34750352600027
34750640400016
34753003200023
34753055200046
34753262400033
34753804301186
34753804302374
34754761400029
34756691100017
34756803200010
34757356000013
34758585300018
34758679400062
34758707300078
34759361800015
34759429300016
34761349900040
34761582500036
34761665800014
34762065000015
34765053300016
34765918700053
34766325400014
34766519200014
34766693500023
34767431900038
34768906900016
34769314500018
34769867200016
34770235900022
34770998200016
34772548300015
34775056400010
34775820300058
34778795400010
34781674600023
