34483480900040
34485849300010
34486447500035
34486833600035
34487086000030
34494344400085
34494949000041
34496900100025
34503277500024
34503543000015
34505144500053
34507232600019
34508513800070
34508617700796
34508617704418
34509398300046
34509564000016
34511310400011
34512429100013
34512471300032
34513048801064
34513048801924
34513048810156
34513048826574
34513048827499
34513048830113
34513051202952
34513268200013
34513722800028
34513936400011
34514135200012
34514349900027
34515001500013
34515469400466
34518045900066
34518685200033
34524069100013
34524840500010
34525462700010
34525985700018
34527529100044
34527662000035
34528824500011
34531558400028
34533571500032
34535995400020
34537028200047
34540044400013
34739540200022
34740852800037
34742866600056
34743217100044
34744480400038
34746016400010
34747705100051
34748843900030
34753804300634
34753804301871
34753804302135
34755423000024
34755747200029
34755913000039
34756399100012
34757019400022
34758142300022
34758223100721
34758235500025
34759268500031
34759880700027
34761456200010
34763063400017
34763107900030
34763587200075
34765246300014
34765934400027
34766481500086
34766582000010
34767327900027
34768741000055
34768879800029
34771712600028
34771798500019
34773855100030
34774268600012
34774325400018
34775431900031
34776361700029
34777159400046
34778101500016
34778962000015
34779187300040
34780574900012
34780765300014
34781696900013
34783299000019
34783478000012
34783889800034
34784334400040
34784638800010
34784639600013
34784835000018
34785950600078
34786751700034
34788634300016
34791259400012
34791291700023
34791300600016
34792228800027
34792671903096
