34482031100019
34482134300045
34484452700046
34485661200025
34486769200016
34488428300039
34492676100059
34493391600019
34493512700011
34493702400018
34494268500019
34494279200021
34497070200017
34499240900021
34500676100018
34503340100018
34504700500110
34505127000030
34505412600023
34507554300016
34508091500019
34508617703170
34508617704228
34508617707064
34508617707239
34508617707379
34508918900020
34509381900026
34510982100032
34511174400024
34512275800013
34513048811204
34513048820569
34513048821013
34513048822516
34513048823365
34513048824538
34513048830600
34516571600035
34518296800023
34518537500010
34520881300047
34521259100027
34521529700010
34522489300015
34527536600010
34529164500033
34530688001078
34530937100010
34532239000039
34533742200033
34534140800069
34535118300545
34535562200019
34535760200019
34535788300023
34536614000068
34537687500067
34538135400025
34538702100081
34539282300018
34539636000025
34738344000026
34739579000038
34742076200028
34743066200036
34744323600026
34744999300034
34751445700014
34752117100038
34753344000025
34753452100021
34753804303224
34754183100033
34756290200069
34758138100014
34758549900036
34761763100010
34762085800014
34762511300019
34764130000095
34764234000033
34765638100030
34766879000020
34768132200033
34768148800024
34768430000051
34768431800046
34768719600019
34769196600027
34769226100063
34771306700010
34771356200028
34772658000033
34772946900010
34774398100024
34775475600026
34777405100028
34777521500010
34777725200029
34778039700019
34778232800012
34778884600017
34780600200189
34780672100010
34784470600015
34785936500012
34786908300027
34788700200025
34789029500020
34790955800061
34791523300030
34792563800020
34793933200016
34795525400029
34799568000019
34801619700033
34802951300010
34803310100026
34804388600111
34804617800029
34805258000035
34805563300039
34808419500026
34809497000020
34811572600039
34815522700013
34815712400010
34816469000037
34816894900025
34817837700068
34818037300022
34818137100058
34819542100014
34821455200096
34822789300032
34823818900016
34826009200013
34826854100011
34827954800054
34828008200036
34830422100016
34831308100013
34831509400030
34834314600026
34835388900028
34835710400028
34838774700085
34838908100046
34841171100016
34842876400016
34843234500075
34845105500019
34846331600011
34848205000062
34848402300034
34850904300017
34853658200029
34856197800035
34856491500018
34856500300012
34856544100022
34858170300025
34858882300024
34858977100040
34863153200028
34864476600035
34864988000013
34865833700053
34865878200043
34867109000028
34867416900050
34867416901397
34867416904433
34867711300014
34869197300054
34870326500010
34871704200025
34872127500017
34872419600012
34873066400011
34874713000055
34875916800019
34877937200039
34877990100076
34878001600013
34879012200017
34879701000017
34880326300063
34880881700038
34881985500019
34882736100026
34884942300085
34887906500020
34888049300013
34888611000017
34890125700033
34890170300028
34892205500168
34893108000017
34893150200028
34894111300014
34895896800029
34898215800027
34899155500981
34899549900038
34900374900034
34902527000027
34902534600025
34903013000026
34903390200025
34904882700035
34904908000030
34905410600019
34905851100024
34906232300010
34906362800045
34906837900404
34910610400020
34910959500018
34914384200012
34914622500025
34914975700073
34915236300025
34915682800023
34915723000146
34917338500023
34917647900062
34917773300020
34918209700015
34919921600061
34920441200028
34922310700013
34922832000017
34923283500018
34923560600010
34924657900024
34925634700015
34925659400012
34927598200057
34928067700023
34930061600019
34930958300012
34933934100035
34934664300019
34935682400020
34935955400046
34936009900015
34939559000020
34939727300013
34941558800012
34942184200031
34944287100035
34945150000038
34945441300015
34947276100015
34949160500011
34953059200014
34953138400023
34955260400010
34955426100017
34955838700016
34956410400017
34957713000033
34958220500028
34959425900013
34959577700021
34959990200039
34960163300010
34960486800043
34961175600033
34962498100016
34962622600030
34963839500070
34964346000026
34964749500010
34965345100014
34965524100116
34965538100029
34966631300011
34967718700040
34968441500012
34969225100011
34969313500023
34973203200017
34973328700024
34976605500124
34978642600040
34979324000046
34980218100017
34981316200048
34983459800030
34985361400015
34986367000015
34986704400027
34986726700016
34987489100030
34987833000027
34988097100024
34988474200058
34989252100031
34989712400013
34989921100024
34990247800032
34990467200053
34990848300440
34990870700012
34991969600022
34995421400012
34995760500067
34995887600287
34998236300021
34998987100034
35000441200010
35000800900028
35001729900016
35002475800012
35004041600025
35004347700040
35004447500019
35005702200039
35006324400023
