34482174900019
34484070700089
34486020000049
34486079600020
34486642100060
34490273900020
34490466900035
34491880000014
34493896400014
34496844100032
34496944900026
34498879500029
34499624400036
34500176200011
34500602701962
34501248800051
34502009300018
34503043100034
34503399700015
34503941600648
34507475100016
34508517900017
34508617705373
34508617706546
34508617707411
34509591300017
34511312000017
34511513300059
34512976100036
34513048806014
34513048818837
34513048823720
34513048826137
34513048826533
34514287100028
34515442100019
34519796600046
34520328500027
34520950600012
34522146900082
34522582500016
34523159100016
34523200300011
34523539400011
34524330700021
34524812400025
34525515200026
34527791700034
34528127300010
34528656100013
34528773400023
34529081100024
34529113200016
34532800900047
34532898300043
34534231500032
34536853400029
34540131900016
34540164000056
34540415600605
34728014100040
34738457000953
34738457001464
34742365900015
34743914300012
34746154300071
34746277200034
34747025400033
34747944600028
34748090700018
34749047600012
34749049200035
34749558200012
34753283000036
34753345700029
34753804302333
34753804302812
34754696200023
34755714200143
34755861100021
34756133400025
34757868400016
34758223100796
34758615800045
34761916500041
34762556800030
34764629100018
34765254700030
34765346100041
34765443600026
34765655500021
34766038300030
34766392400038
34767424400012
34768073800031
34774695000018
34775287500067
34775427700015
34775644700012
34775713000039
34776725300029
34776743600020
34777058800023
34777907600012
34779036200011
34779088300016
34779493500010
34779565000022
34779845600013
34781372700026
34781531800022
34781834600046
34782504400022
34785097600031
34786488600010
34787735900013
34789601100025
34791382400020
34791915100030
34792671900928
34794114800012
34796634300019
34798373600013
34798790100019
34799388300029
34801498600023
34804434800707
34804514700017
34806370200024
34807297600015
34808014400010
34808640600058
34809159600026
34809366700015
34809998700169
34811073500027
34812243300025
34812936200029
34812988300016
34814528500014
34814928700032
34815556500024
34815934400012
34816866700122
34817003600027
34817335200017
34818058900015
34818966300019
34819854000018
34821220000011
34821493300015
34821975900019
34822225800017
34827415000013
34827821900020
34827964700039
34828184100018
34828449800071
34828687300024
34828793900022
34830592100028
34831244800056
34833055600096
34833340200025
34835860700029
34840184500097
34842216300041
34842587700019
34842958000015
34843300400036
34844223700015
34844344100020
34847825600038
34848861000026
34849063200034
34850029900014
34851290600101
34853390200030
34853976800013
34854020400032
34854521100024
34857251200021
34859756800040
34860602100031
34861127800014
34862564100025
34862634200011
34863067400029
34865112600016
34867416904268
34867416904326
34868412700023
34873065600017
34873684400062
34873792500027
34874634800070
34877068600015
34877174200015
34877942200016
34877957000046
34878456200012
34878612000025
34879289600014
34879689700026
34880818900024
34881114200069
34881707300011
34881781800019
34884011700025
34884624700024
34885578400032
34885927300032
34885939800011
34888337200024
34890183600018
34891190000028
34892163600018
34893498500014
34893960400016
34893982800011
34897046800032
34897764600101
34897770300019
34898951800025
34900130500029
34900906800082
34901187400014
34903165800025
34903447000030
34904170700036
34904583100030
34904895900036
34905071600027
34905573100021
34905859400046
