34482002200046
34482056800048
34482416400026
34483122700014
34483327200026
34484303200014
34484428700013
34485116700025
34487603200014
34490090700058
34490742300018
34490876900054
34492902100022
34494969800015
34495151200013
34495296500020
34498186500035
34498991800018
34500377600019
34503782400017
34507659000016
34508617701752
34508617704699
34508617706074
34508617706124
34511181900024
34512924100021
34513048807517
34513048824835
34513048826954
34513263300024
34514725000012
34515022100017
34517440300112
34517520200026
34518218200039
34519972300015
34520401000085
34521735000031
34522655900036
34526724900018
34527184500033
34528201600376
34529383100011
34529959800044
34530657500035
34530896900038
34533969100031
34535046600040
34536682700011
34536923500097
34538264200014
34739765500056
34740315600057
34740989800025
34741285000013
34744332700023
34744924100038
34745493600043
34749025200017
34749527700043
34750944000017
34751938100029
34753335800011
34753787000037
34753804301335
34753804303018
34754861200030
34755393500045
34755600300015
34758914500015
34759209900019
34759404600083
34760776400052
34762754900012
34765027700028
34766559800038
34766743800019
34766963200205
34767372500011
34768510900030
34769060400017
34769824300032
34771428900019
34771917101087
34772849500024
34773021000015
34773047500030
34775337800038
34776681800020
34776999400018
34777936500035
34778256700023
34779750800012
34779969400059
34780701800036
34780945100011
34781508600017
34782073000013
34783162000021
34783943300062
34784054800015
34785435800012
34785559500067
34787252500014
34787856300027
34788031200033
34788497500017
34789016200014
34791895500027
34792088600020
34792671900738
34795848000043
34797509600061
34803581700033
34804426400011
34804660800017
34805352100020
34805402400024
34806223300013
34806829700038
34806927900027
34808453400018
34809193500042
34813365300017
34813996500043
34815333900042
34815551600027
34816050800019
34817941700038
34818207200036
34819026500051
34820137700028
34824021900025
34825760100016
34826281700045
34827197400019
34827218800031
34829161800018
34829325900050
34829641900057
34830984000018
34831267900023
34832374200026
34833305500039
34835284000022
34838025400014
34838433000034
34838462900013
34839272100026
34840455900042
34841550600776
34841550601840
34841896300016
34843981100012
34845033900026
34845144400023
34847966800025
34850516500020
34852077600058
34853632700045
34854351300033
34856313100021
34856375000028
34856484000026
34856977300032
34858455800038
34858498800037
34859977000024
34860681500010
34861288800019
34861848900028
34862803300014
34863630900042
34864922900013
34865411200021
34865584600049
34866134900012
34866339400032
34866406100051
34867416902007
34867416902452
34867500000023
34867723800019
34868522300029
34869006600017
34869295500019
34872556500033
34873064900012
34874292500012
34876198200019
34876778100035
34877004100013
34877175900027
34877409200020
34878584100019
34878747400041
34879811700019
34882585200018
34882710600017
34883260100010
34884018200037
34884330100014
34884390500053
34884515700018
34884754200019
34884843300010
34887069200020
34887980000061
34888555900040
34889507900062
34890773400019
34891834300081
34894984300026
34896082400038
34897927900042
34898599500011
34899155501468
34899386600030
34899965700045
34900772400025
34902079200025
34902198000017
34902328300030
34902520500023
