34483386800013
34484499800056
34485661200017
34486500100046
34489195700039
34489315100029
34489391200032
34489508100018
34491587100026
34492029300026
34492918700021
34493082100014
34493410400011
34493548100012
34494754400070
34494830200015
34496348300021
34497316900016
34497955400013
34498447100013
34498868800034
34499045200056
34500602701269
34503488800015
34504031500029
34504307900036
34504795500017
34505630300018
34508114500012
34508617705704
34509652300013
34511485400028
34512557900051
34512968800015
34513048805388
34513048822540
34513048823464
34513051200790
34514207900028
34516486700060
34517059100019
34517101100017
34517868500011
34519153000012
34520729400017
34520752600020
34520830000037
34521829100028
34523871100021
34527062300019
34527541600054
34529183500030
34529793100015
34530411700020
34530578300036
34531452000056
34532208500027
34532812400028
34532889200020
34533342100013
34533448600015
34533461900045
34535759400034
34536436800042
34540101200017
34540465100027
34540596300017
34722008900028
34738457001837
34738564300049
34740900500027
34740922900015
34741397300061
34742627200030
34743374000029
34744108100010
34746143600045
34746320000027
34748451100071
34748779500036
34749174800039
34749418900033
34750436700025
34753733400042
34755877700038
34756869300027
34758076300014
34758216500028
34758223100374
34758760200017
34762217700017
34763291100033
34764297700016
34765010300026
34765916100017
34768189200019
34769063800130
34770090800010
34770606100012
34770770500021
34771252300013
34771647400023
34772463500045
34773537500029
34774880800016
34775087900038
34775732000010
34775886400016
34776865700038
34776972100015
34777917500012
34777931600053
34778483702073
34778730100014
34778804400076
34779744100065
34779843100024
34782035900037
34782224900020
34782794100019
34782890700035
34782964000015
34784700600033
34785477000018
34785863100018
34788139300016
34788962800017
34791301400028
34791483000026
34792461500029
34792531500017
34792671901496
34792671901983
34792671902791
34792757600053
34793549600047
34795143600059
34795436400027
34796822400050
34797823100020
34799007900019
34799356000056
34801110700086
34801148700033
34802540400149
34802793900092
34803908200030
34804530300024
34804907300011
34805513800013
34805708400041
34807754600011
34807865000010
34808947500027
34811384600011
34812282100013
34813425500010
34816175300028
34816216500024
34817647000022
34818034000047
34821406500016
34822581400014
34823954200031
34824600000015
34825010100014
34829672400027
34833102600024
34833892200019
34835113100050
34836045400055
34836400100019
34836435700015
34838410800018
34839803300020
34841451700014
34841550601469
34841892200020
34844130400048
34844372200023
34845694800010
34845952000022
34846113800037
34846497500013
34846533700056
34849084800028
34849305700015
34850796300018
34852288900016
34853235900059
34853394400016
34854211900022
34854957700032
34855877600061
34856991400016
34859121500036
34859672700043
34860009900025
34860898500019
34860911600028
34860973600023
34864126700011
34867416903849
34867416906578
34867664400068
34868414300020
34869897800056
34870584900035
34871565700030
34872788400010
34873729700013
34875601600021
34875921800020
34875983800025
34876458000067
34877563600015
34877605500017
34878345700016
34878537900010
34878624500020
34878674000038
34878758100027
34879032000454
34879119500020
34879171600031
34879613700019
34880563100028
34881687700016
34882234700012
34882375800027
34883341900057
34883789900031
34885744200027
34885943000046
34886139400024
34887219300019
34888831400013
34889155700038
34889369400029
34890630600025
34890894800014
34892304600026
34892321000275
34893862200019
34894479400026
34894535300012
34895633500023
34895995800011
34899155501930
34899971500074
34900220400023
34901265800069
34901482900031
34902214500024
34902695500022
34903458700023
34904485900024
34904918900013
34905279500011
