34482275400026
34483507900023
34483751300037
34484116800026
34484407100060
34484632400038
34488312900043
34488446500016
34490352100047
34491332200030
34492018600030
34493877400033
34494423600019
34494914400010
34495471400012
34497240100014
34498494300011
34499122900057
34503999400024
34504042200049
34504614800044
34505417500020
34506611200011
34507366200016
34508617702891
34508617707445
34509665500013
34509794300038
34510647000023
34513048802328
34513048805479
34513048810651
34513048812905
34513048827184
34513048828737
34513048829263
34513127000059
34513896000017
34514323400010
34515732500027
34515811700019
34516825600021
34517119300013
34518466700037
34519620800028
34519708100010
34519999600025
34520958900034
34521052000028
34523552700016
34524694600023
34526186100016
34527351000015
34528179400015
34528201600368
34528502700016
34530933000032
34530966000040
34531060100017
34532234100016
34532903100024
34533770300010
34535099500048
34535773500017
34536638900038
34537848300068
34539428200023
34738828200035
34741800600032
34742228900020
34747322500055
34747608700031
34747845500020
34753804303133
34755862900056
34756154000019
34757767800076
34758694300057
34759481400035
34759977100032
34760264100016
34760749100011
34760796200011
34760921600036
34761202000029
34761507200027
34762882800159
34764447800021
34765105100026
34765519300022
34765716500010
34765764500029
34766085400014
34766782600049
34767111700013
34770342300025
34772068200025
34773598700013
34775937500012
34776617200014
34776968900022
34777129700020
34777787200016
34778950500034
34780165600013
34780600200304
34781053300062
34781259600018
34781418800020
34781905400045
34782536600011
34783500100020
34784544800013
34788428000079
34792489600025
34792707100014
34793800300030
34794147800021
34794424100046
34797175600015
34800637000020
34801244400033
34802653500024
34802705300043
34804092400022
34804551900025
34805164000020
34805474300029
34806431200047
34807377600026
34807484000029
34808497100038
34808691900134
34809252900018
34809998700201
34810234400010
34811238400014
34812069200010
34814332200025
34816771900015
34816910300051
34817269300023
34817301400021
34818955600064
34821009700054
34822338900019
34823143200025
34823144000010
34823387500031
34825360000046
34826147000010
34827417600026
34829247500053
34829379600010
34829421600034
34832371800034
34833522500028
34835386300023
34836416700018
34836653500030
34837147700012
34837551000016
34838182300023
34839627600035
34843230300025
34843935700016
34844692300040
34845250900014
34845775500034
34849012900031
34853093200014
34854493300024
34856966600020
34857929300013
34858894800037
34859285800024
34861890100014
34863169800019
34863751300022
34864071500010
34864135800026
34864939300017
34865332000013
34865684400035
34866418600023
34866915100022
34867295700027
34869226000014
34869865500043
34871022900017
34871426200048
34871876800065
34872060800051
34872280200017
34872549000042
34876065300017
34876200600453
34876469700028
34876659300019
34876986000068
34879807500027
34880391700015
34882314700015
34882452500078
34886162600011
34891357500018
34892241000033
34893105600017
34893638600724
34893743400028
34896059200015
34896187100012
34896874400022
34899155501443
34899155501534
34899193600041
34901127000056
34901948900039
34902274900023
34902357200036
34904025300024
34905285200101
34907198500015
34907575400060
34907888100019
34912765400045
34913081500013
34913618400018
34914046700045
34916941700012
34920376000021
34920415600021
34922282800031
34924304800031
34925131400036
34926615500010
34927598200040
34929526100029
34929549300010
34929576600027
34929650900046
34935953900021
34936576700020
34938797700011
34940110900013
34941452400018
34943277300027
34944100600054
34944477800014
34948370100018
34949617400294
34950057900033
34951442200022
34951941300059
34958633900021
34958870700027
34959269100019
34960061900010
34960296100014
34961586400072
34963019400026
34963317200037
34964000300159
34965362600011
34965444200053
34966076100066
34966173600026
34966919200057
34967124800012
34969321800027
34969333300016
34969900900016
34970158100028
34970218300048
34971058200017
34971479000012
34971511000020
34971919500027
34972945900017
34973136400015
34974118100011
34974732900028
34975099200035
34975814400027
34976309400019
34978183100012
34979570800057
34980059900012
34980510100012
34981778300013
34982460700015
34982633900021
34986239100035
34986327400024
34987922100019
34988505300018
34990309600031
34990701400014
34990915000022
34992204700023
34992519800039
34994984200018
34995112900049
34998236300120
34998711500012
34998745300041
34999604100035
35000136800017
35000533600028
35003045800011
35003823800019
35004546400012
35004556300037
35004562100025
35005663600011
35006046300055
35009398500041
35013390600015
35016085900020
35016973600112
35019110200010
35019555800027
35019810700012
35020834400027
35022329300019
35022568600020
35023775600019
35024508000014
35024846400041
35025865300012
35026407300015
35026857900025
35027285200053
35028472500032
35028927800037
35030106500032
35030995100019
35031739200016
35031967900014
35032020600013
35032155000039
35032990000012
35033519600019
35033589900026
35033758000012
35034376000038
35035967500013
35036104400067
35039375700017
35039560400035
35040352300029
35040860500011
35041401700029
35041513900038
35042542700019
35043430400035
35044092100046
35045545700019
35045621600018
35045888100025
35048841700014
35050773700046
35050813100025
35051198600027
35052142300011
35052297500027
35053385700016
35053724700024
35053952400032
35055386300316
35057634400013
35058567500027
35061238800016
35064967900031
35065688000019
35067467700090
35068154000018
35068373600028
35068769500014
35070125600025
35071177600012
35071865600019
35072704600061
35073679900015
35073862100050
35074468600014
35074989100015
35076441100020
35076449400018
35076811500015
35076986500014
35077836100013
35078678600011
35079161202190
35079229700037
35080172600018
35080526300018
35080980200027
35081829000016
35083730800013
35084059100043
35085137400024
35085752000018
35085871800017
35087594400018
35088072000015
35089984500019
35090302700018
35090731700027
35092370200053
35092712500186
35094343700011
35095197600017
35096812900030
35098696400012
35099606200021
35099632800026
35100522800025
35100522800041
35102642200045
35104633900039
35105093500037
35108295300016
35109285300032
35109635900028
35109883500017
35110991300035
35113289900011
35114322700020
35114816800021
35116706900035
35117921300019
35118846100047
35119385900037
35119716500225
35119745400017
35120889700055
35121889600030
35122605500033
35124761400024
35125188900074
35126350400018
35127827000019
35128975600022
35129292500010
35129747800023
35129893000014
35131919900029
35133289500017
35136524200012
35137171100026
35137618100027
35137838500014
35140207800015
35140936200016
35141329900014
35141622700012
35141808200027
35143703300019
35143823901308
35144208204300
35144208204656
35144208207543
35145894800012
35146075300020
35146853300036
35149330900014
35149493500015
35151146400015
35151444300016
35155574300043
35158119400195
35159639000010
35160053100021
35161327800024
35161454000026
35161842600065
35163298900015
35163435700013
35164236800010
35169447600018
35170784900029
35172146900010
35172311900043
35172344000118
35173853900011
35173878600026
35175074000059
35176330500015
35176349500055
35176879100011
35177090400024
35177464100028
35177493000066
35178448300023
35178669400049
35179620600016
35182324000012
35182482600017
35182484200014
35182764700055
35183271200076
35183378500014
35183963400026
35184115000011
35185326200027
35185344500028
35186769201118
35186966400059
35187218900011
35188180000012
35188506600032
35189006600068
35190275400016
35190553400027
35191062500042
35191787700034
35191845300017
35192538300017
35194133100016
35194508400025
35194714800018
35195258500013
35195470600039
35195882200014
35197656800011
35197849900025
35198136000032
35198323400102
35198444800040
35201167000010
35201832900016
35203764200027
35205304500097
35207721800027
35208182200012
35210187700046
35211047200011
35213548700036
35214767200013
35215068400020
35215535200037
35215790300027
35216726600043
35216898300018
35217393400048
35218668800037
35219607500019
35220495200019
35220532200030
35220924100012
35221808500020
35222117000074
35224129300013
35224308300040
35224337200021
35227527500019
35228728800042
35228963100025
35229878000029
35231065000010
35231134400019
35231149200016
35231332400043
35231458700036
35232129300081
35232430500049
35234641500065
35234830400036
35235146400032
35236723900733
35238385500025
35238434100033
35238540500019
35241412200031
35243103500026
35243675200021
35243856800029
35244777500037
35244815300051
35245494600042
35245971300017
35246321000083
35248234300063
35249962800035
35250115900029
35251028300018
35252779000021
35253357400013
35253392100941
35261057000033
35262386200013
35263805000018
35263970200013
35265598900064
35265886800018
35266057500023
35266133400073
35267918700018
35269455800011
35269595100033
35269627200017
35269965600018
35270299700011
35270436500019
35272198900023
35272619400421
35272857000024
35273457800011
35273888400019
35273936100017
35274501200026
35275547400025
35277015000014
35277407900375
35277571200016
35278012600012
35279228700034
35279300400073
35279609800023
35279619700031
35280029600035
35280043700019
35280956000019
35281194700014
35282507900085
35283493100029
35285597700018
35286063900074
35286063902153
35286063903391
35286304700036
35287631200021
35288485200034
35289412500017
35289992600021
35294493800062
35296865500048
35297554400037
35297585800015
35299704300059
35300066400014
35301097800016
35302667700024
35303428300013
35305063600045
35305357200015
35305364800013
35307001400041
35307227500038
35307683900011
35308366000053
35308967500014
35313472900014
35313916500016
35314430600019
35315381000034
35315856100038
35317050900023
35317240600053
35318082100012
35319307100019
35319851800055
35321309300019
35321969400018
35323229100016
35324693700018
35326652100015
35327724700048
35328014200038
35329257600017
35331872800030
35331953600010
35332013800053
35332891700029
35333996300012
35334573900018
35334816200044
35336176900030
35336196700014
35337115600012
35337198200011
35338799600013
35338955400059
35342307200019
35342707300013
35343009300024
35343393100014
35343591000024
35344546300089
35345296400011
35347765600022
35348540200013
35350506800026
35350908600032
35350916900028
35351473000012
35352304600038
35352353300027
35352533000018
35353164300016
35353661800013
35354522100015
35355698800031
35356971800011
35357153200012
35361021500033
35361752500020
35361836600010
35361989300079
35363333200039
35364188900012
35364555900017
35365535000018
35366941902599
35367484900016
35368910200039
35369027400041
35369223900018
35369409400031
35370394500017
35371683000040
35372637500135
35373128400041
35373949300016
35377961400018
35379433200034
35379509900020
35380317400013
35381970900018
35382102801074
35382102803690
35383415300010
35384105900010
35385609900018
35385958000261
35386610600035
35387007400062
35387046200010
35387336700026
35387462100033
35388890200015
35389570900015
35393393000011
35394118000013
35394378000059
35394561100013
35395238500014
35396218600014
35398349700028
35399456900021
35400875700057
35401120700017
35401486200016
35401957200040
35402152900012
35402883900018
35403627900025
35403681600024
35404527000015
35404909000039
35407842000016
35408129100024
35408142400039
35408152300012
35408267900011
35408432900086
35408931000016
35450022501700
35550229500247
35600000000966
35600000002833
35600000003238
35600000008459
35600000010037
35600000010299
35600000014308
35600000015190
35600000016153
35600000016919
35600000019637
35600000020658
35600000023655
35600000026634
35600000027151
35600000029181
35600000029528
35600000031115
35600000032141
35600000037330
35600000037718
35600000038078
35600000038852
35600000045593
35600000046998
35600000047947
35600000053990
35600000054048
35600000055209
35600000056177
35600000058576
35600000059327
35600000059809
35600000061158
35600000064173
35600000064579
35600000065951
35600000067409
35600000068426
35600000068520
35600000069227
35600000069867
35600000070068
35600000070149
35600000070211
35600000071986
35680157100460
35750145100029
35880141300016
36270539400025
36520048400027
36750093100038
37651106900019
37658027000050
37708005600049
37748308600023
37748335900032
37748724400016
37749214500018
37752368300011
37752403800025
37752578700026
37753329401278
37753329403191
37753931700083
37754088500094
37755805100043
37757168200014
37757778800021
37758199600016
37759261300055
37759450200025
37762948000023
37764233500063
37764856300031
37764899300048
37766894200032
37767391800217
37768283600012
37769347800010
37769524200018
37770380600028
37770896100018
37770966200011
37771178300011
37772434900016
