34482412300014
34484705800023
34485562200082
34485886500027
34489150200017
34489293000027
34493696800025
34494490500035
34494714800039
34495234600015
34495881400032
34497052000054
34497852300019
34498876100054
34500427900013
34500918700013
34501710700052
34502876500021
34503077900010
34503843400030
34503941600630
34504693200033
34506129500027
34507460300027
34508617701133
34508617703618
34508961900034
34512862300039
34513048802153
34513048824389
34513048826327
34513048827697
34513051201715
34513051203083
34513886100017
34514191500016
34515199700029
34515469400508
34515469400581
34518168900042
34518671200062
34521724400036
34523895000017
34523974300080
34524230900044
34524762100070
34525640800047
34526075600027
34526905400069
34526948400050
34527246200010
34529362500041
34530136000011
34531240900047
34534922900012
34535622400062
34536563900011
34540722500043
34654077600025
34738457002272
34738639300016
34739486800025
34739515400011
34740893200031
34742598500012
34743170200047
34746420800029
34748606000028
34748697900029
34749571500026
34750474800018
34751394700015
34751547000057
34752083500013
34753390300048
34753804300931
34754245800026
34756830500028
34757071500016
34759053100013
34759120800017
34759275000017
34760379700064
34761009900025
34761229300014
34765576300030
34768827700040
34769859900029
34770122900036
34770465200044
34771279600072
34771718300029
34771893400024
34773901300022
34777730200022
34778439900086
34782052400044
34782535800018
34782710700025
34783085300045
34783987000032
34784512500017
34785380600029
34785507400014
34787161800026
34787974400014
34788305000010
34788587300013
34789353900010
34789514600053
34790862600117
34791880700020
34792587700040
34792671902957
34794191600020
34795260800029
34795283000011
34795359800013
34795777100020
34795828200019
34796275500059
34797817300032
34798663000015
34799781900029
34801640300035
34803337400037
34805167300021
34807196000010
34808233000013
34809569600038
34810942200025
34811316800010
34811525400016
34811821700036
34813998100016
34814821400029
34816866700239
34817079600042
34818536400018
34818790700020
34820024700024
34821460200024
34822344700015
34822992300068
34824962400035
34829492700010
34830107800054
34831602700054
34831890800020
34832634900019
34835369900013
34836634500521
34836849900011
34837912400020
34839375200012
34840290000016
34842927500012
34843196600038
34844471200049
34845020600100
34845700300021
34847073300018
34847524500018
34848190400061
34848816400081
34850440800025
34850810200012
34852218600033
34853387800024
34853430600132
34853551900014
34855218300025
34858406100017
34859494600033
34861614500069
34861733300052
34861855400045
34861994100035
34862502100012
34863224100017
34865334600018
34865606700033
34866873200012
34867078700012
34867416903377
34871961800012
34873938400017
34876332700015
34876787200016
34878350700018
34880235600041
34880525000027
34880751200036
34880807200014
34880985600019
34881767700019
34882277600020
34884005900052
34884098400010
34884772400047
34885809300035
34887918000027
34888523700019
34890004400044
34891152000040
34892003400017
34892076000033
34892226100014
34894155000025
34898408900014
34898803100012
34899036700016
34899155501153
34899746100085
34900434100187
34902396000025
34902549400023
34902657500028
34902941300011
34903476900019
34905345400014
34906105100018
34906351100019
34907440100051
34907481500011
34907591100017
34907617400060
34908089500015
34910056000011
34910127900041
34911426400022
34911601200098
34912058400017
34913017900014
34914024400030
34915378300023
34915723000427
34916661100039
34917258500011
34917709700020
34918532200014
34918972000106
34920856100044
34922614200017
34922818900016
34922943500012
34923505100019
34924743700040
34929804200012
34930634000028
34931455900023
34932635500022
34933121500013
34933149600019
34934058800038
34935552900059
34936995900029
34937058500011
34938250700011
34939187000053
34942736900021
34942836700016
34942863100015
34944056000051
34946764700013
34948787600014
34949080500018
34949617402399
34949699200067
34949824600017
34950556000012
34950589100011
34950791300052
34951708600014
34951842300083
34951928000037
34952459500015
34954894100021
34954964200040
34955406300017
34956535800034
34957302200028
34957790800065
34957829400028
34957854200012
34961060000042
34961582300029
34962576400056
34963243000030
34963255400029
34964341100011
34964485600016
34964760200045
34964828700010
34965032500021
34967486100019
34968407600020
34973095200026
34973560500017
34974563800024
34976105600010
34977427300016
34977446300013
34977992600030
34978090800019
34978970100019
34979534400010
34981003600021
34981038200029
34981977100032
34983115600030
34983853200035
34984097500024
34984232800016
34985188100079
34985367100031
34985419000031
34985702900061
34985974400022
34987018800019
34987817300013
34988409800055
34989993000011
34991188300032
34991569400013
34992385400039
34993076800016
34994668100112
34995149100076
34995630000017
34996732300016
34997493101403
34998169600025
34998650500015
34999063000056
34999485500105
34999691800018
35002320600021
35003474000034
35005301300024
35006572800015
35006820100176
35007204700029
35010730600010
35011412000016
35012167900012
35013889700029
35014753400027
35015088400020
35017807500049
35018502100010
35019472600054
35021651100021
35022166900020
35025760600334
35027803200015
35028218200046
35028385900014
35031445600012
35032428100087
35033220100010
35034894200011
35034915500019
35036919500044
35037864200291
35037864200440
35038696700011
35039477100025
35043782800030
35044269500010
35044408900014
35045775000015
35045974900015
35047104100029
35048022400079
35049484500042
35049868900024
35050349600050
35053142200045
35055056200010
35055819300024
35056815000022
35058028800016
35058794500014
35059736500039
35062057100025
35063651000017
35065246700019
35065379600010
35065834000012
35066294600051
35066337300032
35066691300016
35067556700050
35068159900071
35073779700083
35074502200011
35074603800016
35075441200012
35076393400030
35076763800017
35076803200012
35076946900015
35078880800029
35079225500027
35083369500017
35083852000020
35084873500014
35085459200010
35085597900042
35085880900055
35086044100020
35086127400065
35088437500014
35089775700034
35091220000010
35092849500018
35093289300018
35093752000012
35094106800016
35094737000010
35097135400013
35097812800022
35098657600097
35099781300018
35101012900028
35101031900017
35101079800012
35101144000010
35102803000010
35103330300030
35103677700016
35104801200014
35105367300072
35106818400024
35107034700023
35110402100024
35111484800036
35111734600053
35113290700038
35116116100010
35116413200026
35116622800020
35118331400027
