34482064200116
34482093100014
34482428900013
34482705000016
34485363500029
34487058900019
34487605700045
34487852500031
34490193900043
34491423900019
34492463400019
34493592900028
34493919400017
34493982200013
34495235300011
34495777400047
34496934000019
34498150100051
34498554400016
34498848000044
34499096500024
34499225000011
34499439700018
34501004500010
34506990000040
34508151700020
34508617700911
34508617702586
34508617706009
34508617706728
34508617707924
34508774600029
34510521700029
34510790800021
34510943300036
34513048801460
34513048810057
34513048822987
34513048825212
34513048825279
34513048825584
34513051201772
34514784700106
34515381100020
34517769500011
34518267900018
34519063100035
34519632300017
34519734700064
34520916700021
34522512200018
34523005600011
34523727500010
34526612600019
34527102700012
34529687500023
34530443000027
34530779700042
34532398400020
34533907100051
34534905400014
34536085300021
34536571200024
34536914400026
34538907600026
34540415600381
34738457001746
34738706000010
34740022800016
34740230700107
34740959100059
34741409600029
34741789100012
34744495200035
34745080100043
34745105600019
34746786200020
34750488800020
34751929000030
34752968700050
34753571800022
34753700300043
34753804301657
34753804302887
34754666500048
34755797700027
34756039300014
34757520100046
34757523500028
34759855900024
34760271600271
34761637700011
34761848000037
34762986700032
34766368400012
34766946700024
34767015000189
34769677500019
34769842500019
34771223400017
34771576500132
34774139900013
34774710700014
34775621500021
34775803900023
34777488700025
34777688200016
34777727800016
34778320100028
34778476100012
34779772200019
34780252200024
34781012900044
34781361000024
34782424500018
34783118200022
34786198100095
34786326800020
34786897800011
34787351500030
34788136900065
34789387700014
34790183700018
34790334600018
34791504300025
34791718900024
34793681700027
34793787200013
34794465400016
34796046000017
34796189800017
34796235900019
34796839800037
34797250700037
34798767900011
34800662800039
34802211200018
34802764000070
34802793900159
34802832500051
34803298800027
34803945400023
34804434800525
34805095600013
34806016100026
34806565700036
34807040000018
34807855100010
34808462500014
34809896300013
34810507300020
34811536100019
34812404100016
34812535200065
34812718400011
34815251300050
34816649700035
34816866700171
34817579500031
34818297300043
34818805300030
34819135400011
34820329000013
34820800000029
34820994100023
34823027700017
34823827000022
34824443500015
34827174300059
34828820000010
34829807600061
34831267900031
34831968200012
34832186000044
34834582800043
34834662800038
34836609700015
34836929900089
34837090900049
34837870400038
34839481800028
34839606000025
34840191000016
34841536500033
34841949000043
34842479700010
34842795600019
34842929100027
34843261800034
34845337400012
34849210900015
34849956700025
34850253500019
34851598200026
34853076700030
34854588000026
34854605200062
34855460100016
34856016000023
34856090500039
34858166100033
34858475600012
34860436400011
34862741500014
34863077300029
34863346200059
34864033500058
34864202600010
34864632400031
34867416901223
34867416901934
34867416902817
34867709700019
34868234500023
34870470100013
34871864400027
34876169300012
34876775700019
34877061100021
34877371400020
34877519800016
34878049500027
34879032000322
34879226800024
34880120000018
34880189500023
34881109200033
34881191000036
34882972200043
34883008400011
34885146000066
34886410900023
34888416400057
34888772000012
34889695200010
34889849500018
34891347600050
34891608100022
34891973900014
34892237800016
34892321000168
34892425900032
34893638600419
34895636800016
34898061600067
34898971600017
34899121700012
34899504400016
34901551100026
34902313500024
34903977600027
34905448600015
34908229700012
34908759300019
34909671900019
34911062700016
34912312500016
34912337200048
34912798500084
34914942700032
34915368400031
34917764200049
34917786500020
34917806100017
34917816000033
34917901000013
34918778100027
34919378900014
34919752500018
34920198800046
34920715900014
34922587000014
34923077100066
34923892300024
34924026700071
34925617200017
34932855900027
34933952300020
34934328500046
34934945600021
34935003300016
34935004100027
34936207900072
34937902400053
34938908000020
34939524400016
34939755400016
34941088600015
34942253500048
34943178300027
34943650100028
34943656800019
34944093300027
34944530400018
34944826600016
34945482700016
34946147500031
34946613600018
34946843900014
34947217500018
34947456900010
34948703300020
34949104300015
34950865500017
34954482500012
34954889100010
34955457600026
34956043300014
34958733700024
34959242800149
34959367300016
34959940700088
34960546900031
34960852100010
34961708400299
34961826400155
34962596200015
34964998800038
34965315400030
34965560500013
34966031600028
34966256900012
34966487000020
34966861600023
34967528000052
34972274400027
34972301500039
34974317900864
34976337501127
34976402700026
34979020400144
34980562200033
34982201500021
34982424300084
34982599200036
34983065300029
34983589200028
34985401800018
34986959400144
34987887600060
34988915400093
34989189500022
34990852500026
34991627000029
34992235100011
34992631100029
34993055200030
34996615000022
34996749700067
34996857800014
34997171300053
34997321400043
34997942700029
34998551500080
34998811300024
35000790200025
35002271100047
35002272900015
35004165300014
35004238800016
35005989500010
35006422600334
35008642700027
35009190600031
35009545100042
35009650900038
35010693600031
35011102700016
35013456500026
35013514100025
35013945700013
35016824100049
35017413200018
35017713500034
35017713500059
35017969300071
35018428900048
35019649900031
35020172900026
35020238800012
35020603300010
35020934200046
35021308800023
35021454000014
35022504100010
35023035500025
35023631100014
35026680500026
35030990200012
35032101400010
35032482800010
35033080900061
35034110300017
35034887600011
35035141700026
35035490800039
35035908900025
35037139900022
35039627100016
35041087400019
35041823200020
35042262200083
35042897500048
35045647100019
35045768500013
35047526500046
35047815200035
35048118000015
35048120600018
35049171800028
35049942200102
35050914700012
35051186100055
35053589400025
35053768400010
35058670700019
35059726600047
35061391500023
35061971400024
35062724600019
35062998600190
35064824200047
35067997300056
35068220900050
35069963300011
35072071000010
35072511500033
35073599900020
35074471000038
35074928900038
35076260500052
35077020200017
35077610000025
35079161200715
35079288300018
35079825200010
35082237500027
35082960200050
35083824900018
35085267900017
35085316400035
35085318000015
35085400600011
35085486500044
35087208100020
35087236200024
35088250200056
35088871500025
35088984600027
35090867900029
35091401600034
35092065800027
35092425400062
35095601700023
35097613000020
35097985200018
35098510700019
35098743400015
35100087200025
35101699300039
35103104200036
35104801200022
35105730200033
35106052000035
35107061000016
35109206900019
35109380200020
35109635900010
35110180300028
35111421000013
35112791500020
35116448802077
35118740600019
35119661300019
35119949200080
35120116500013
35122614700012
35124217700035
35124781200057
35125113700128
35125310900018
35126268800036
35127151500063
35127693600017
35127711600023
35127939300026
35128608300016
35129437600014
35130381300015
35130718600012
35131114700018
35131562700023
35132121100044
35133988200034
35135173900013
35137237000020
35139180000031
35139645200010
35140259900010
35140508900019
35140703600026
35141394300025
35141839700011
35142443700033
35143823900904
35144208207683
35144425200032
35146785700014
35148096700014
35149611200027
35150023600028
35151983000019
35154092700032
35155261700075
35155438100035
35158119400088
35158618500016
35160088700027
35161267600152
35162171900068
35166298600014
35166438800011
35166507000030
35167310800012
35167498100011
35168532600016
35168899900017
35169429400015
35169480700014
35171099100016
35171745900025
35172099000016
35174881900080
35176190300019
35177670300032
35178708000016
35178821100016
35178838500042
35179222100027
35179397100018
35180218600145
35180835700047
35180946200010
35182631800013
35183007000014
35183829700023
35184611800013
35185636400010
35186314700010
35186603300027
35186893000014
35187403700010
35190370300012
35197891100011
35198281400011
35198628600018
35199412400029
35199623600011
35200191100028
35200194500026
35200507800030
35202546400079
35203829300036
35203861600020
35204706200018
35205015700010
35207583200019
35209813100415
35209813101017
35210363400031
35210770000051
35210813800020
35211826900013
35212469700017
35212528000078
35212562900019
35213146000011
35215553500029
35217613500056
35218433700041
35218651400019
35218816300013
35221770700046
35222236800289
35223270600015
35223790300021
35224922100016
35225642401048
35225770300038
35226198600017
35226953400025
35228729600037
35228730400013
35229520800024
35229999400017
35230159200023
35230836500118
35230858900014
35232660700020
35234008700019
35235773500039
35236953200044
35236956500010
