34482479200222
34482524500089
34482651600025
34482874400039
34483170600017
34485655400011
34486686800062
34491995600013
34492243000014
34493979800015
34494803900013
34495194200020
34496647800010
34497868900018
34498227700024
34498876100062
34500602701624
34501335300106
34501541600034
34502102600025
34503010000191
34503809500047
34505556000048
34507231800032
34508617702446
34508617702834
34508617706017
34508617707320
34509257100016
34510711400075
34511545500023
34512788000044
34513048804605
34513048810784
34513048816583
34513048817573
34513048824793
34513048827234
34513048827572
34513048829867
34518056600035
34518078000016
34518475800026
34518984900028
34519218100013
34520511600022
34521152800012
34521264100012
34523135100015
34523322500019
34525728100039
34526167100019
34527084700022
34527417900018
34528463200030
34529110800024
34529235300090
34529908500042
34530169100019
34530991800034
34531077500019
34532096400041
34533569900012
34534361000019
34535234800022
34536341000050
34538139600034
34538222000050
34540036000037
34540415600167
34540415600282
34540735700010
34698021200044
34738457001183
34738457001761
34738457002918
34738987600017
34740026900028
34740106900013
34741925100025
34742601700021
34743247800019
34743385600031
34744274100018
34744437400040
34746664100037
34746952000014
34747808300012
34747925500015
34749380100018
34751024000026
34753496800016
34753758100030
34753942100011
34754304300025
34754597200049
34759069700012
34760054600019
34760102300018
34765208300028
34766898000050
34766977200050
34768822800027
34770440500021
34771092300017
34771740700030
34776531500028
34777161000032
34778221100028
34778720200030
34778797000024
34779823300016
34780600200478
34781167100127
34784739400017
34784894700052
34785396200038
34786331800015
34787003200013
34788218500015
34789356200012
34789412300038
34789452900028
34789727400036
34791273500029
34792671902759
34793517300026
34796303500030
34800554700032
34801847400026
34802280700013
34802543800014
34802754100062
34805145900017
34805331500035
34805668000047
34806315700047
34806916200017
34807416200051
34807766000010
34808371800034
34810569300017
34810703800013
34813385100025
34813682100017
34813794400016
34815312300016
34816692700015
34816720600013
34817838500012
34818295700012
34820409000024
34821212700016
34824499700030
34829467900066
34829924900014
34831564900015
34831967400027
34832111800013
34832902000013
34833543100014
34833599300021
34834092800020
34834258500018
34834529900013
34835628800012
34835942300053
34836738400016
34837522100010
34839422200023
34839602900046
34840308000024
34841397200012
34841618100074
34843105700036
34843379800033
34843550400017
34843652800106
34844317700012
34845916500018
34846735800019
34847658100056
34851757400011
34852676500030
34852688000078
34853430600033
34854434700019
34854829800010
34855695200037
34856433700015
34856992200019
34857131600036
34860701100023
34861311800010
34863695200015
34864140800029
34867112400025
34867416902015
34867704800012
34868549600013
34868806000063
34869233600012
34871279500031
34871474200015
34873837800044
34874122400011
34875968900014
34876273300023
34876947200013
34879032000116
34879788700042
34880059000054
34880154900026
34881566300037
34882005100020
34882317000017
34882438400021
34882614000025
34883745100023
34884847400071
34885235100025
34886022200028
34886277200012
34886534600012
34886741700027
34886997500022
34887066800012
34887072600034
34887717600019
34888331500759
34888680500020
34889540000011
34890125700025
34891449000019
34891500000015
34892439000019
34893638600849
34894010700025
34895079100015
34895610300041
34896444600036
34896701900012
34898263800036
34898860100012
34899155501062
34899155501708
34900099200033
34902031300020
34902691400011
34902695500329
34902954600018
34903752300025
34905528500010
