34482479200156
34482663100014
34484820500029
34486801300048
34487532300018
34487999400038
34488978700042
34489422500020
34489917400074
34490040200019
34493828700036
34496888800018
34499385200047
34502098600096
34502377400010
34502484800011
34502671000011
34504212100011
34504550400015
34505568500019
34505902600046
34507797800012
34508189700026
34508617700218
34508617702677
34508617702693
34508617702768
34508617705050
34508724100039
34509856000039
34510465700019
34512964700011
34513048807145
34513048813507
34513048821492
34513048823845
34513048824462
34513048829826
34513962000040
34514100600014
34514245900063
34514374700011
34515038700016
34516631800039
34518560700016
34519829500031
34519993900025
34524566600010
34525414800058
34525732300039
34526098800026
34527959000011
34530540300064
34531981800042
34532674800018
34532873600011
34535479900024
34536167900011
34537880600011
34538306100016
34538702100123
34540790200070
34695003300032
34738457002645
34738457002744
34739360500030
34740303200019
34740580500016
34740715700010
34742593600049
34745874700024
34746494300013
34746869600013
34747034600037
34747183100060
34747208600037
34747241700034
34748395000023
34750271800013
34752315100046
34752430800017
34753032100020
34753801900022
34753924900040
34754241700014
34754482700020
34754779600065
34756476700023
34756994900014
34757061600024
34758639800039
34759227100014
34760005800015
34761667400011
34763094900027
34766245400219
34766935000030
34766999600022
34769445700016
34774265200022
34774663800035
34775114100065
34775421000040
34775784100031
34777229500015
34778219500056
34778903400019
34779713600020
34781275200017
34781555700017
34781906200014
34782933500038
34783329500020
34783360000047
34783686800047
34784442500038
34785672600026
34788263100042
34788344900014
34790119100028
34790625700022
34792671902106
34793547000018
34795168300023
34796753100018
34798315700012
34801066100059
34801175000018
34804484300020
34804755600017
34805659900023
34805681300010
34806505300012
34806856000013
34807385900038
34807997100050
34808765100017
34808780000028
34810134600024
34810880400017
34812484300023
34814704200017
34815404800014
34815792600018
34816031800013
34816289200031
34816657000013
34816978000023
34818020900010
34822143300025
34822249800027
34822289400142
34823370100021
34823624100017
34824632300011
34824716400042
34825907800023
34826557000112
34827420000032
34827743500031
34829465300053
34830083100024
34830413000035
34831017800010
34833957300019
34835502500043
34839148300099
34840905300017
34842128000036
34843364000037
34845851400026
34847109500011
34848413000029
34848435300019
34849202600011
34849491500088
34849789200045
34850120600018
34850174300069
34852055200012
34854814000030
34856071500016
34857250400036
34857671100017
34862264800015
34867416901280
34867697400010
34871071600013
34872139000014
34872155600010
34872368500031
34874500100019
34874887200085
34875997800029
34877278100038
34879032000397
34879895000088
34879952900030
34881226400045
34882643900013
34882838500024
34883175100048
34883231200022
34885922400019
34886163400023
34886687200024
34886997500063
34888251500037
34888622700027
34889047600149
34889269600041
34891614900027
34891834300156
34892499400026
34894041200045
34896063400056
34896472700021
34896667200027
34896808200027
34896850400012
34899509300013
34899872500025
34900789800027
34904286100014
34905676200041
