34484234900013
34485032600036
34485305600036
34485405400030
34488106500017
34488442400047
34489699800038
34490485900040
34493098700013
34494094500019
34495836800013
34497177500020
34497817600057
34497931500035
34498102200017
34498843100021
34503039900025
34503154600020
34503181900013
34504752600024
34506273100046
34506981900042
34507537800017
34508617706058
34511458100019
34511647900022
34512288100021
34512493700011
34512788000051
34513048802799
34513048820833
34513048823498
34513048825154
34513048825220
34514515500023
34514546000019
34515265600020
34515469400383
34517821400010
34519259500014
34521401900035
34521519800044
34522521300023
34525529300028
34526908800026
34530047900010
34530688000641
34530688000807
34535440100019
34539426600018
34738457002959
34739455300064
34739774700010
34739883600010
34740831200085
34742040800010
34742362600030
34743859000023
34747988300030
34748030300010
34748901500029
34750414400010
34752841600048
34753131100053
34753381200017
34753755700022
34753804302804
34753804303042
34758089600046
34758649700013
34759328700019
34761379600049
34761975100022
34763293700079
34763824900073
34764399100016
34766024300028
34766357700018
34767557100033
34770519600033
34771082400074
34771214300010
34773235600014
34776068800023
34777422600026
34780697800016
34782745300023
34783487100068
34783524100014
34784975400010
34785141200010
34785565200025
34785986000020
34786927300016
34787083400020
34787981900030
34788380300012
34788975000035
34789135000022
34790033400017
34790399900022
34791067100010
34791565400029
34792533100014
34792671902684
34793535500011
34795795300016
34796642600020
34796724200012
34797060000016
34797767000046
34797783700033
34798957600025
34799100200051
34800874900015
34801974600018
34802797000014
34803891000082
34804678000030
34804906500017
34805710000011
34805843900038
34808307200044
34808554900015
34809199200019
34809267700023
34809397200050
34810355700040
34810828300022
34810932300017
34812825700063
34813170700021
34813351300013
34813508800030
34813533600025
34813574000010
34816598600020
34817490500011
34817932600015
34818084500011
34818242900012
34818573700023
34820771300085
34820771300549
34820844800020
34821189700015
34822360300013
34826557000088
34827118000021
34827545400034
34828692300043
34829619500020
34829989200110
34832160500035
34832184500037
34833728800016
34833845000011
34834007600028
34835694000026
34836011600035
34836515600028
34837450500017
34837961100018
34839881900048
34840402100100
34841357600086
34841382400023
34841417800023
34841529000017
34843202200070
34843263400049
34843328500023
34844452200042
34845013100027
34846496700010
34846714300015
34846985900014
34848019500026
34848348800014
34849455000018
34849669600033
34849896500048
34850051300067
34852582500058
34853785300023
34855053400013
34856528400059
34857492200012
34859487000035
34859952300019
34863883400039
34864454300020
34867281700031
34867416904979
34867506700014
34868808600027
34868909200016
34868913400016
34870581500010
34872709000014
34872835300031
34875350000027
34876096800027
34880212500016
34881364300023
34882452500052
34882910200048
34883620600048
34883913500020
34884065300011
34886227700012
34886940500012
34887536000011
34888500500010
34888707600019
34889315700019
34889367800030
34891370800015
34893321900019
34893562800019
34894025500303
34894400000010
34895778800014
34897838800034
34898554000023
34899116700118
34899155501849
34900112300018
34902761500021
34903926300026
34904368700012
34904962700020
34906677900035
34907154800029
34907947500027
34911890100058
34911915600025
34912900700036
34914140800014
34917276700015
34920207700021
34920424800018
34920981700015
34922321400058
34922456800056
34922717300052
34923592900123
34924702300022
34924825200075
34925064700022
34927262500014
34927399500044
34928879500017
34930743900050
34930815500069
34930903900049
34931013600024
34931173800018
34931655400030
34931921000028
34931962400038
34933441700012
34933442500015
34933728700032
34935559400012
34935664200026
34937296100020
34938278800058
34940758500018
34943113000021
34943793900011
34944217800035
34944769800011
34946362000139
34946510400017
34948744700014
34949388200030
34949545700039
34949617402308
34949842800011
34949897200018
34950716000043
34951608800029
34952271400014
34955895700099
34956387400016
34957170300017
34958930900047
34959584300013
34960607900029
34962017900011
34962957600076
34964310600025
34973222200022
34974171000017
34974514100029
34974626300012
34975220400058
34976401900015
34977136000048
34977162600075
34978764800014
34980859200027
34981347700057
34982945700036
34983400200017
34984080100014
34987866000035
34988372800025
34988558200040
34991940700016
34992409200043
34994864600014
34995648200054
34996235700019
34996491600036
34997226500020
34997389100014
34997493101684
34998954100033
34999360000023
35003913700095
35004084600015
35004724700019
35004956500012
35006422600227
35006906800012
35007992700025
35008472900028
35009443900022
35011268600018
35012072100013
35012139800019
35013295700019
35013371600026
35014587600016
35016962900010
35017492600013
35017920600031
35018859500028
35019472600047
35019483300033
35019519400039
35021346800043
35021570300017
35024092500015
35024522100014
35024981900029
35025339900033
35025442100034
35026082400049
35026324000045
35027050000027
35027269600013
35028331300061
35032417400019
35033669900011
35034746400017
35035249800033
35035258900039
35035964200013
35036309900010
35037536600019
35037925103435
35040532000036
35041051000068
35043026000017
35045639800014
35045835200027
35048650200023
35049070200049
35049358100010
35051173900038
35051581300029
35052158900027
35052296700016
35054451600064
35055173500029
35055970400027
35056168400027
35057960300019
35058507100045
35059621900021
35060610900030
35060778400021
35062290800019
35062436700016
35063126300059
35063528000018
35063913400013
35068659800045
35072088400047
35072200500013
35073496800026
35074082500012
35076297700030
35077009500015
35079208100019
35080506500025
35081758100035
35083976700018
35084298500029
35084722400010
35087925000040
35088964800019
35091410700031
35092249800026
35093091300024
35093599500034
35093907000016
35094292600022
35095360000011
35096293200017
35097241000020
35097454900015
35098195700011
35098200500018
35100662200010
35102035900029
35103950800012
35107077600049
35110382500078
35111045700030
35111147100014
35113561100025
35114444900011
35118220900053
35119115000017
35119139000019
35119708200024
35120262700029
35120434200015
35120480500029
35121917500038
35122971100012
35124383700025
35124862000038
35125155800026
35125185500018
35127512800020
35130947100206
35131450500014
35132833100019
35133096400021
35134603600046
35134962600041
35135844500010
35137448300110
35137599300026
35137610800095
35139869800016
35140230000013
35143823900722
35144208206263
35144356900022
35145480600016
35146169400462
35146323700013
35146432600047
35146478900012
35148100700034
35148135300016
35149975100052
35151222300071
35152432700043
35152448300010
35155633700050
35157650900019
35157963600082
35158164000015
35159100300089
35159660600027
35162528000018
35163142900039
35163793900015
35164958700018
35165562600015
35166226700019
35166580700019
35166607800024
35167399100011
35167581400096
35167786900031
35168097000016
35168488100029
35168540900010
35168609200039
35168830400028
35169057300024
35170396200040
35171102300017
35172747400048
35175275300027
35175520200014
35175523600038
35175840400013
35175854500013
35176861900022
35177394000017
35177828700059
35177847700015
35179598400027
35180781300024
35182184800022
35185400500011
35185954100010
35186305500015
35186695900031
35187491200055
35187546300017
35189607100039
35190350500029
35190684700030
35190834800011
35190886800018
35195173600013
35195673500028
35195967100014
35196667600022
35197077700014
35198386100011
35199277100029
35200658900019
35201353600011
35201683600061
35202391500031
35202450900015
35203793100016
35207186400032
35207235900024
35207428000012
35207943800045
35209585500016
35209813100282
35210420200028
35210518300037
35212481200020
35214170900027
35214226900039
35214961100043
35215139300027
35215617800019
35216503900012
35217109400019
35217931100019
35218400600018
35219300700080
35220170100013
35220247700019
35220662700049
35221702000010
35223592300013
35228328700022
35229433400011
35230317600023
35231002300085
35231625100029
35231782000038
35232448700052
35233055900043
35234303200012
35237986100011
35241079900014
35242167100046
35242232300027
35242988000029
35244368300037
35245373200013
35245569500044
35245940800014
35246881300022
35247789700016
35247918200045
35249096500014
35249173200058
35249888500016
35250351000047
35251162000051
35252164500015
35253392100669
35254676600028
35254765700010
35256415700027
35256534500027
35257156600012
35258541800051
35260124900035
35260420100033
35261456400016
35262700400034
35262985100010
35263432300021
35263651800016
35263755700021
35264163300016
35264485000039
35266825500032
35268258700014
35269264400011
35269379000052
35269480600014
35270203900012
35270470400019
35270479500025
35270542000029
35270736800077
35270990100024
35271536100015
35272844800023
35273251500023
35273476800018
35274007000029
35274044300010
35274606900017
35274928700012
35275565600019
35276056500049
35277280000012
35277402000031
35277409500173
35279879700028
35279934000349
35279934001057
35280076700043
35280500600017
35282073200068
35283188700059
35283613400010
35283969000018
35285756900060
35286028200024
35286063904134
35286063904506
35286494600020
35287301200012
35287573600014
35288852300045
35289809200023
35289882900010
35290684600014
35291353700010
35291459200030
35291664700022
35292420300032
35292500200029
35293018400010
35295140400016
35295972000058
35296091800055
35298198900051
35299497400017
35299970000011
35300008600010
35300121700036
35301689200021
35303354100015
35303723700016
35304153600544
35304806900010
35306798600037
35309123400024
35309404800017
35309921100024
35311313700015
35311882100019
35312034800019
35312735000034
35315393500021
35315471900010
35316268800017
35316975800011
35317450100018
35317942700011
35318020100017
35318022700020
35319752800014
35320312800015
35320345800040
35321060200028
35321881100019
35321900900019
35322030400029
35322903200050
35325293500013
35326628100024
35326697600011
35326932700030
35329004200020
35329090100035
35329865600045
35330058500018
35330112000021
35331730800016
35332801600020
35332863600041
35333211700046
35334411200043
35334722200112
35336764200017
35337470500047
35338037100016
35338196500022
35340625900021
35340991500025
35343967200042
35344046401395
35348892700032
35349643300015
35350327900021
35351585100015
35352415000029
35352714600016
35352773200013
35353069400010
35353834100010
35354179000013
35354589000298
35354613800010
35354627800014
35355140100022
35355738200028
35356524500019
35357710900021
35359601800039
35361662600035
35362180800016
35362356400013
35362367100024
35362861300021
35363044500016
35363744000028
35365846100010
35365864400011
35366609200021
35368350100020
35368921900023
35369559600034
35370166700019
35370274900014
35370409100027
35370874600105
35371301900043
35372772000024
35373112800024
35376697500026
35377138900015
35377356700014
35378282400018
35381471800022
35382102800761
35382102801975
35382102802361
35382102804466
35386693200067
35387980200018
35388513000032
35389274800032
35390076400021
35392585200025
35393772500045
35393907700015
35393961400015
35394160200016
35395122100061
35395228600014
35395235100040
35395516400010
35396041200024
35396945400027
35397461100041
35399776000031
35401377300016
35401571100022
35401801200022
35401867300013
35403473800014
35405797800059
35407083100038
35407479100014
35409794100034
35600000001131
35600000004138
35600000015604
35600000017300
35600000020865
35600000024343
35600000027499
35600000028722
35600000030652
35600000030751
35600000031561
35600000032461
35600000033447
35600000034496
35600000035508
35600000037254
35600000041597
35600000042348
35600000042564
35600000043400
35600000043478
35600000046317
35600000046501
35600000049387
35600000050394
35600000050916
35600000050934
35600000052383
35600000057126
35600000065177
35600000067378
35600000067940
35600000068322
35600000068741
35620077400012
35680157100585
35680157102946
35680165400043
35720005400165
35880016700225
37575048600041
37585034400108
37637270200013
37647043100010
37698018100014
37751189400018
37751925100021
37752017600019
37752543100013
37752603300016
37752925000021
37752994600032
37754620500016
37755164300010
37755237700014
37757497500019
37758474300027
37758640900015
37758856100029
37759149000026
37759171400029
37759575600042
37762911800052
37767391800670
37767391800977
37767852900043
37767933700016
37769962400013
37770458000044
37770616300013
37771322700017
37771460500013
37773352200017
37773646700020
37773844800028
37774080800011
37774174900040
37774764700016
37775579800024
37777993900018
37779365800040
37780464600026
37780833200011
37781862000025
37782339800013
37782783700024
37783966701987
37785607500025
37786288300024
37787572900024
37787646100023
37787869900018
37788200600010
37788522300026
37789807700013
37791378500103
37791882600027
37793871700016
37796878900125
37797248400010
37798534600024
37798647600010
37800602700353
37801303100018
37801561400019
37802867400018
37802993800016
37803804600017
37804280800022
37804750000186
37804979500024
37805244300033
37805291400017
37805569300055
37805775600017
37805784800012
37806275600887
37806437200014
37806518900011
37806566800022
37806657500010
37807711900022
37808904900019
37809259700012
37809987300010
37811448200011
37811687500014
37811853300017
37812663500028
37814288900013
37816749800047
37818831200011
37825353800052
37825558200025
37827601800017
37829018300011
37830163400010
37830457000047
37830824100041
37831354800018
37832839700021
37834017800011
37835710700028
37836188500015
37836606600025
37838219600012
37838741900021
37839588300010
37840025300019
37840551800028
37841368600064
37841884200019
37844548000015
37844555500014
37844809600040
37846176800020
37846950600034
37848661700020
37850115900016
37851166100019
37852025800047
37853375600011
37854334200026
37857352100010
37857395000011
37857963500012
37858493200024
37858522800018
37859043400015
37861072900014
37861310300019
37861920900091
37861997700010
37863103000038
37863653400018
37864460300102
37865353900015
37865817300018
37866049200018
37867780100037
37868479900018
37868506900015
37869461600046
37869901100029
37870678200018
37871032100019
37871497600040
37872114600017
37872739000023
37875899900015
37876245400015
37876373400019
37877109100063
37877888000013
37879018200018
37880443900016
37880944600032
37881378600068
37881596300053
37882534300015
37883051700017
37884064900016
37884547300032
37884617400035
37884780000018
37885439200016
37885994600030
37886278300016
37887018200011
37888823400739
37888823401166
37888879600034
37889415800013
37892208200045
37892543200023
37893430100037
37894319500065
37894964800018
37897586600013
37897824100016
37899942900020
37900680200043
37900840200016
37900880800014
37902401100031
37902639600018
37903360800058
37903534800059
37904526300017
37905788800032
37907290300030
37907578100011
37908342100030
37909098800039
37909577100026
37910080300020
37910172800028
37911854000028
37913008100019
37913385300018
37913416600659
37913761500017
37915688800081
37917236400026
37917830400018
37918207400029
37919618100182
37920109800033
37920729300018
37922101300012
37922627700018
37925679500012
37926153000016
37926342900019
37929113100033
37929227900013
37929452300061
37929506600029
37929513200029
37929707000011
37930108800017
37930331600028
37930641800037
37931880100022
37932138300018
37932699400017
37933347900275
37935137200030
37935220600013
37935839300021
37937287300057
37937331900019
37937416800019
37937466300043
37938505700029
37939456200019
37939484400037
37939514800016
37940644000022
37941306500028
37942340300037
37942361900020
37942781800057
37944262700038
37944744400025
37945880500015
37946907500012
37948209400040
37948862000038
37949146700021
37954144400012
37954279800010
37955263100010
37955767100011
37956373700038
37956484200076
37958769400033
37958790001321
37958790006668
37958790007013
37961343300018
37962441400056
37964058400015
37964109500011
37964198800033
37964444600013
37965436100011
37965573100022
37966856900013
37967874100016
37968095200023
37968576100023
37971522000016
37972152500028
37972367900039
37972412300052
37972846200027
37973590500042
37973714100018
37974599500041
37974989800019
37975375900016
37975385800081
37977220500033
37978563700032
37979061100048
37979495100036
37979633700010
37980713400034
37981264700020
37982064000025
37983061500025
37983237100015
37983343700070
37983490603705
37984435000023
37984917700090
37985880600019
37989138500013
37990072300022
37990675301229
37991357700019
37991688500021
37992230500022
37992260200014
37992929200025
37993657800010
37995056100025
37996143600068
37996939700015
37997011400037
37997221900024
37997907300028
37999448600023
38001764000018
38005351200030
38007146400024
38007330400012
38008799900021
38009402900028
38009868100014
38010006500024
38010368900010
38012044400019
38012986605021
38012986605187
38012986627215
38012986627900
38012986628643
38012986633411
38012986646561
38012986649086
38013454400036
38013477500028
38013721600012
38014045900013
38014754600010
38014872600041
38015699200022
38015749500041
38016759300017
38016845000019
38017485400014
38018327700025
38018447300029
38018756700041
38019318500010
38020057600011
38020517900027
38020717500023
38020870200056
38022284400041
38022581300019
38023093800017
38023159700010
38025408600032
38025527300035
38026622100015
38027104900054
38027149400029
38027394600018
38028041200020
38028740900011
38029204500032
38030202600022
38030472500027
38030585400057
38030654800047
38031032600026
38032422800028
38033104100018
38033859000033
38034042200027
38036440600013
38037136900014
38038696100011
38040274300013
38040740300019
38040824500021
38041284100021
38043174200010
38044500700012
38045962800018
38046945200011
38049019300022
38050141100017
38050803600023
38051168300019
38051721900016
38052655800024
38054486600037
38055356000026
38055636500019
38056065600072
38056487200022
38056703200020
38057852600010
38059043000027
38059378000030
38061201000039
38061385100019
38061655700019
38062124300019
38062233201462
38062233201975
38062233203120
38062549100010
38063504500020
38064081300016
38066170200015
38066364100013
38066665100019
38068688100026
38069381200014
38073516700021
38075178400014
38075599100011
38076656800014
38077407500010
38077723500058
38078340700055
38078620200016
38079294500038
38079708400023
38082655200040
38084071000020
38086011400079
38086357100036
38086682200022
38086758000017
38088299300013
38088363700080
38088930300398
38090843400018
38091991000014
38092184100017
38093105500020
38094937000049
38095349700019
38095410700039
38096735600011
38098327000014
38098431000017
38100178300012
38100759000049
38101789600014
38102006400030
38102202900031
38102850500018
38103483400014
38103595500016
38105050900029
38105074900054
38106088800017
38106287600010
38106307200015
38106703200015
38107037400016
38109926600094
38110887700014
38111526000022
38112282900025
38113213300012
38113548200036
38114401300038
38114601800050
38115672800028
38115824500021
38115846800045
38116083700021
38117017400035
38118121300012
38118695600011
38120920400035
38122408800017
38123377400011
38125256800013
38125466300044
38126127000015
38126284900031
38126525500012
38129090700017
38130773500013
38131997900013
38132232000023
38133346700011
38134289800016
38135179000021
38135741700025
38136200300018
38136378700015
38137646600029
38139480800012
38140027400035
38142029800063
38142364900015
38145062600027
38145536900037
38146213400077
38147361000024
38147530000012
38148846900028
38149288300016
38153328000032
38154260400016
38154275200021
38154458400018
38156994600019
38158554600017
38159774900013
38161030200030
38161526900036
38162018600027
38162045900077
38163066400013
38164128100047
38164408700011
38165741000027
38165749300254
38166090100012
38167650100020
38167986900010
38168097400015
38174004200704
38174011700035
38176681500058
38178386900047
38178977500024
38181415100019
38182449900036
38186392700129
38187661400011
38188083000033
38189040900018
38190437400018
38192248300015
38192470300014
38192478600027
38193602000027
38195775200011
38196049100839
38197078900016
38197297500019
38197468200027
38197495500019
38200021400025
38200058600018
38200863900033
38205690100012
38205782600010
38205810500018
38206544900029
38206625600019
38207263500016
38207614900014
38208947200015
38209400100031
38209437300026
38210847000024
38211011200010
38211753900033
38211975800128
38212024400027
38212749600018
38213120900019
38213782600030
38214722100016
38214934200026
38215120700026
38217054600016
38219159100017
38219473600015
38220091300038
38220817100019
38222029100076
38222266900055
38222354300028
38223699000018
38225155100026
38225757400014
38226703700010
38227701000031
38228062600013
38228128500066
38228159001158
38228159001570
38229316500017
38230250300018
38230808800014
38230845000040
38231042300027
38231637000016
38232026500038
38232518100024
38232831800011
38237299300305
38237838800013
38238208300014
38238845200049
38239183700053
38239299100073
38239857600035
38240186701007
38240186701023
38240186701833
38240368100051
38240531400057
38240904300058
38241854900012
38244266300011
38244401600028
38244464400019
38245838800016
38246308100010
38247405400014
38247415300022
38250846300025
38251453700028
38254098700015
38254431000297
38254431000925
38254968100015
38257176800011
38258341700029
38258666700026
38259163400011
38259795300050
38259941300012
38260228200016
38260819800042
38261678700026
38264924200023
38265765800029
38266250000026
38266647700023
38267274900035
38267629400012
38268285400015
38268431400026
38270438500014
38271022600012
38271199200042
38271342800037
38272268400018
38273572800026
38274201303192
38274201303259
38275643500014
38276897600021
38277257200014
38280391400011
38280750100012
38282455500330
38282533900023
38284931300012
38285219200022
38285309100017
38285653200058
38286531900034
38287465900032
38287800700022
38288005200016
38288576200015
38288953300016
38288971500019
38289499600026
38290094202135
38290094205948
38292014800014
38293077400015
38293141800166
38293802500014
38293952800016
38294014600022
38295616700011
38295763700012
38297281800027
38297519100026
38299167700016
38299558700013
38300989100037
38303674600105
38309961100071
38310064100018
38310591300016
38311218200027
38311667000019
38312125800032
38312483100025
38312771900037
38313223000020
38316739200026
38317802700025
38319412300063
38322167800063
38323739300012
38324329200018
38324991900010
38325220200015
38326278900019
38326564200017
38326935400015
38327484200012
38327829800013
38327943700016
38328187000030
38330597600011
38331308700017
38331468900019
38332611300024
38332849900017
38332861400011
38333921500014
38334125200047
38335024600062
38339245300106
38340362300028
38341816700169
38343521100016
38344504600014
38344724000011
38344731500011
38345126700553
38345126703086
38350088100024
38350317400047
38350589800023
38350969200018
38352619100028
38352779300012
38352817100028
38353537400011
38353952500014
38354584500026
38355720400013
38359126000021
38359180700011
38359725900019
38360669600045
38360880900083
38361908700018
38363316100013
38363584400038
38363896200027
38364634600015
38365127000019
38365157700033
38365252600013
38368683902818
38369172200037
38370639701294
38372028100054
38372235200077
38372825000028
38373036300025
38373959600625
38374704500011
38375432200055
38377261300022
38379136500018
38379408800013
38379434400036
38380916700018
38381188200018
38381238500045
38382054500010
38383747300412
38383757200015
38384469301679
38384469301786
38384469302446
38384470100011
38384626800027
38385056700033
38385360300017
38385940200018
38386398200013
38386437800021
38386543300023
38386854400024
38389482100016
38390806800018
38391363900100
38391658200034
38392641700015
38392673000011
38393770300015
38394846000027
38396294100019
38396898900020
38397009200011
38397069600027
38397681800021
38397703000014
38397861600043
38398582700013
38398674200013
38399646900011
38400302600018
38400460200031
38400472700010
38400992400018
38401567300013
38402147300010
38402175400013
38402551600012
38402782700011
38403820400028
38405060500011
38405735200021
38405923400011
38407705300039
38408297000011
38408337400056
38408646800038
38408945400027
38409026200039
38409162500036
38410678700011
38411066400016
38411617400028
38411748700056
38412669400049
38412909400015
38413127200021
38414265900018
38414301200019
38415472000013
38416228500033
38416264000070
38416362200028
38416652600010
38417166600124
38417848900017
38417860400227
38418353900012
38418690400049
38420056400019
38420561300027
38421240300016
38421571100027
38422020800019
38423050400027
38423365600014
38423751700063
38423768100034
38424502300013
38424630200036
38425180700036
38425657400011
38425924800019
38425928900054
38426038600014
38426883500012
38427212600028
38427465000017
38428059000017
38431041300057
38432192300060
38432646800475
38433266400059
38434570800042
38435341302275
38435511100020
38435843800016
38437330400037
38438436800047
38438983900026
38439023300037
38440186500017
38443219100029
38443367800016
38443795000015
38443902200037
38444053300030
38444937700033
38446362600026
38446607400034
38447043100048
38447358300019
38447660200022
38448201400014
38448549600028
38448721100011
38449398700083
38449414200019
38450404900014
38450632500032
38451145700010
38452452600017
38452867500018
38453255200013
38453410300013
38455919100059
38457736700012
38458515400014
38462009200013
38463385500034
38463655100051
38464810100010
38465217800029
38465898500013
38467185500011
38467460200022
38469131700018
38469495600010
38471009100016
38471295600018
38471813600037
38471979500013
38474361300034
38474429800033
38474549300013
38475031100035
38475136800018
38476240700011
38476380100014
38476709100018
38479379000021
38479870800085
38481055200024
38481231900059
38481359800016
38482386000026
38483463600027
38483963500024
38485774400013
38485801500025
38486431000014
38486446800036
38486478100016
38487262800019
38487372500012
38487409500019
38487448300017
38488084500043
38489000000027
38489432500016
38489636100019
38489939900537
38490280500017
38490341500063
38490559200018
38491140000057
38491789400360
38492277900010
38492949300029
38494453400047
38494715600012
38495688400298
38496313800019
38496974700029
38497443200039
38497675900017
38498020700037
38498053800043
38498055300018
38498154400016
38498751700073
38500442900010
38500818000015
38501346100012
38502469000013
38502654700013
38503135600061
38504760000015
38505124800164
38505499400053
38506110600030
38507627800022
38509049300011
38509177200017
38510361900024
38510450000041
38510637200167
38512224700013
38513427500028
38514239300011
38514567700030
38515541100015
38515773000016
38515867000013
38518611900017
38518661400033
38521189100036
38521698100030
38522019900017
38522148600017
38522279900012
38523575900037
38523608800022
38527583900061
38527984900017
38528363500022
38529331100069
38530445600028
38530581800010
38531452100019
38532026200012
38533596300026
38534138300045
38535039200010
38536589500015
38537457400031
38537817900027
38538117300017
38538443300012
38540073400013
38540935400011
38714001500018
38745751800026
38746775600020
38748585700016
38748791100035
38749160800023
38752075200032
38752398800013
38753868900036
38754212900011
38755695400015
38756228300029
38756971800019
38757978200013
38761039700011
38761076900011
38762009900094
38763278900021
38764121000019
38766222400048
38766257000028
38767084700012
38767537400103
38768716300015
38769144700016
38774005300039
38774509400020
38774560700011
38775712300014
38775895600016
38777104100028
38777219700019
38777770900024
38777870700050
38778720300018
38780636700075
38781690300026
38782008700022
38782937700028
38784064800019
38784175200018
38785928300013
38787282300019
38787498500014
38789235900036
38790371900079
38790371900152
38791091200014
38792003600051
38792128101456
38792382400016
38792398000016
38792440000022
38793008400034
38794088500016
38794368100032
38795112200028
38795898600029
38796400000021
38796736700013
38797056900019
38797490000012
38798090700068
38798426300021
38799955000016
38800521700038
38800785800029
38801656000020
38804846400050
38805706900014
38806182200010
38806256400025
38806454500014
38806978300024
38807051800021
38807159900053
38807171400058
38807981600012
38808694400088
38809914500012
38810476200025
38810750000018
38811530500012
38811737600029
38811785500022
38811788900013
38812899300028
38813359700012
38813621000019
38815375100010
38815714100044
38817976400013
38819358300027
38819450800015
38822388500020
38822794400021
38822903100017
38823606900026
38823702600223
38823753900035
38824469100019
38825758600023
38825987100027
38826000200026
38827157900020
38827173600034
38827419300027
38828260000013
38828896100021
38829368000038
38830631800014
38830771200025
38831750500039
38831768700019
38832412100010
38832682900032
38833882400013
38837086800043
38837164300023
38837341700038
38837485200027
38837672500023
38837994300037
38838778900018
38839897600018
38840608400011
38844239400036
38845528900040
38845762400012
38846775500020
38848009700038
38849174800025
38849651500015
38850214800017
38851835900012
38852405000019
38853618700056
38853998300055
38854286200023
38855393500015
38855964300068
38856600200019
38856708300059
38857132500017
38858899802612
38860376300029
38860939800010
38861371300063
38861535300017
38862203700025
38862430600030
38863643300053
38866071400022
38866935000018
38870158300014
38870491800019
38870608700029
38870962800027
38871014700033
38871644100042
38874151400029
38876585100018
38877729400025
38878160100074
38878462100038
38879652600779
38880885900044
38881226500022
38881241400018
38881337000045
38881426100029
38881519300023
38882061500010
38883608200015
38883989600015
38884627100038
38885873000012
38886146000011
38887063600023
38887738300033
38887858900042
38888387800018
38889147500039
38889324000035
38890629900028
38891205700014
38892754300016
38893224600035
38893500900018
38895490100012
38896125200037
38896136900013
38897056800019
38897667200021
38897976700018
38898418900018
38901272500021
38903267300011
38907482400019
38907893200016
38908226400018
38908472400027
38910181700028
38911014900017
38911305100012
38911485100113
38912495900013
38912729100018
38913219200029
38913311700025
38913606000024
38914258900032
38916426000017
38917975500027
38918836800010
38919017400018
38919029900054
38919417600019
38922621800011
38924081300011
38924168800032
38924324700043
38925267700015
38925435000017
38926657800027
38926679200016
38927156000028
38927213900038
38927391300035
38927943100024
38929479400018
38929766400176
38929797900012
38930723200014
38930861000010
38931284400027
38931635700018
38934345000018
38934638800025
38937527000029
38937963700017
38938728300036
38939868600011
38940615800011
38940624000017
38940700800017
38943521500063
38943521501681
38943521502937
38943521503372
38943761700019
38944424100068
38945474500032
38945688000019
38946253200026
38946359700036
38946997400023
38947311700031
38947594800011
38947844700011
38948678800026
38949360200012
38950055400016
38950987800028
38952905800015
38953375300015
38953899200014
38954168100026
38954509600015
38954713400038
38955139100011
38956718100018
38957688500013
38958218000011
38958242000011
38958257800057
38958791600013
38959215500011
38960621100016
38963263902616
38963488200093
38963518600015
38964526800035
38966239600016
38967054800020
38967134800032
38967899600015
38970289500027
38971757000037
38972857700054
38973423700016
38973552300026
38973703200018
38975139700016
38978035400012
38978087500016
38978223600936
38979004900016
38979184900018
38979769700056
38979802600149
38981258700019
38981493000019
38981986300041
38982311300011
38983075300056
38983303900032
38983879800079
38985487800169
38985536200023
38988112900024
38988903100024
38990853400016
38991109000055
38991958000024
38993496900020
38995548500021
38996242400021
38999263700048
39000933000031
39001984200017
39002538500019
39002613600015
39002917100019
39003405600056
39003547500016
39004902100012
39005099500021
39005404700019
39005720600026
39005911100018
39006685000012
39006993800046
39007255101107
39007558800017
39008256800010
39009067800025
39010034500029
39010494100054
39010795100027
39011124300015
39012122600018
39012187900055
39014349300034
39014454100013
39014489700019
39014918500022
39014961500010
39015702200059
39015953100040
39016543900220
39017462101907
39017764000013
39018578300011
39020131700018
39020997100014
39021934300022
39022626400013
39025625300019
39026233500016
39026768000036
39027948700016
39028176400022
39028708400011
39029208400014
39031557000015
39031767500028
39034073500021
39034196400026
39035221900013
39035361300016
39036377800015
39036858700015
39036917100017
39037447800027
39037575600041
39037736400018
39038844500020
39039141500028
