34482479200248
34483618400020
34485180300058
34485470800031
34485501000064
34486502700041
34486899700018
34489525500018
34489984400031
34491312400022
34492145700034
34493255300011
34493659600016
34495700600010
34497862200027
34498890200013
34499615200049
34503521600026
34508252300019
34508617704285
34508617705290
34508617706686
34510018400026
34510278400021
34510845000080
34513048804894
34513048820361
34513048825576
34513048826798
34513048828125
34513048829404
34513051201756
34513064500012
34513103100071
34513705300046
34514099000028
34516258000020
34516894200026
34518870000032
34519801400010
34519967300053
34522648400029
34522655900044
34524435400014
34525620000014
34525774500017
34527163900014
34527723000016
34528244600029
34529971300015
34530173300035
34531652500020
34532872800034
34533987300027
34534188700015
34535037500035
34535737000013
34537065400054
34537347600018
34540415600233
34540435400028
34738457002496
34738937100027
34741684400012
34743076100044
34743370800018
34743569500015
34743650300010
34743805300071
34744119800020
34744868000020
34744870600015
34747774700013
34751559500010
34752815000027
34753049500014
34753178200097
34753804300493
34756436100025
34758434400068
34758515000019
34758832900032
34759694200065
34761071900010
34761170900044
34762321700010
34762384500018
34762778800016
34765957500034
34766045800014
34769958900029
34770972700072
34771335600017
34771445300011
34773199400021
34774294200019
34776977000046
34777653600042
34778640200011
34779171700015
34779443000012
34780134200036
34781467500026
34781749600073
34783246100029
34783861700020
34784128000014
34784303900038
34785804500037
34785864900036
34787646800062
34789209300043
34790250400013
34790728900024
34791537300018
34792622200014
34792671902254
34792909300032
34794168400016
34796308400038
34797778700014
34798278700025
34798486600033
34799549000013
34799579700011
34800332800021
34800636200027
34801635300081
34803448900016
34803630200019
34803878700019
34804483500034
34805105300034
34805239000021
34807997100035
34809023400017
34810193200013
34811278000021
34812008000018
34812560000018
34815557300010
34815801500019
34816213200016
34816992100031
34817209900031
34818975400040
34819348300040
34821028700028
34821703500024
34821834800012
34821983300012
34822248000033
34822676200022
34823317200025
34824956600020
34825703100040
34828012400010
34828312800026
34829044600049
34829897700011
34831188700015
34831855100010
34831861900015
34834280900012
34834984600025
34836081900034
34837617900035
34837994200017
34839444600044
34842754300056
34844281500018
34845206100024
34846419900010
34847243200049
34847328100031
34849226500015
34849311500029
34850098400037
34850238600017
34851125400024
34851208800025
34852458800012
34852497600035
34852809200011
34854327300018
34855938600027
34858828600016
34858861700012
34860359800015
34860814200017
34861084100010
34862578100011
34865059900015
34866495400016
34866768400040
34867837600081
34868068700012
34868626200083
34870174900023
34870999900026
34871592100030
34872376800019
34872834600050
34873186000030
34874438400028
34876181800015
34876485300019
34877272400038
34877859800055
34879574100019
34879623600092
34880222400017
34880239800076
34880800700101
34880945000060
34880979900045
34881723000033
34882350100039
34882607400059
34884051300017
34886792000053
34887434800017
34887735800047
34887838000057
34888245700016
34888331500445
34888849600042
34891121500013
34891761800012
34892064600117
34892638700021
34894053700015
34895168200015
34895587300024
34897650700049
34898795900015
34899124100038
34899155500338
34899155500783
34900485300025
34900615500015
34901279900012
34904077400037
34904271300025
34905414800045
