34483119300034
34483694500016
34484516900012
34486959900052
34487433400040
34491141700014
34493731300056
34493913700016
34494643900033
34496119800027
34498782100024
34499078300021
34499728300124
34501772700016
34502505000054
34503777400048
34503930900017
34503941600812
34505073600023
34506972800029
34507240900021
34507423100027
34507594900064
34507687100010
34508483400026
34508617700598
34508617702461
34508617702701
34508617704939
34508617706033
34508617707148
34509551700016
34510666000011
34513048811956
34513048818100
34513048824710
34513048825907
34514264000027
34514314300039
34514455400010
34515350600026
34515474400014
34515583200016
34516054300046
34516251500026
34518687800020
34519106800013
34519119100013
34519243900015
34519797400016
34521232800016
34521322700027
34523524600021
34523687100041
34526479000022
34526793400049
34527276900026
34528305500019
34528366700011
34530203800095
34530688000823
34530985000013
34532717500013
34533359500030
34533695200014
34535914500025
34536267700014
34536381600025
34539250000020
34548020600019
34740027700054
34740192900018
34742317000021
34744011700039
34744300400028
34744523100017
34745520600024
34746509800015
34746979300041
34747345600031
34747845500012
34749546700024
34750128000031
34751427500010
34754925500029
34755877700046
34756026000031
34756178900020
34756379300038
34757163000016
34757451900026
34758291800046
34758498900029
34760088400030
34762480100028
34762687100029
34764358700012
34765155600024
34765688600046
34765837900016
34766354400018
34767016800066
34767618100048
34769569400013
34770194800023
34771564100044
34773648000042
34773816300026
34774357700038
34774620800011
34774719800047
34774731300034
34775202400021
34776648700016
34779452100018
34780225800066
34780233200036
34781105100072
34782614100017
34782657000017
34785199000031
34786053800011
34789588000016
34791899700011
34792091000028
34792671902072
