34482466900016
34483054200017
34485735400023
34486058000036
34487299900018
34487322900043
34489285600016
34494302200014
34495920000025
34496638700070
34498292100027
34499488400015
34500602702051
34501055700063
34502373300032
34503644600051
34505363100015
34505752500023
34508260600012
34508617701224
34508617701844
34508617702149
34508617704467
34509782800064
34509915400089
34511890500065
34512744300017
34512875500021
34513048812764
34513048819348
34513048825436
34513048826814
34513048827473
34513048827655
34513048828844
34513048829594
34513051202572
34513143700013
34513500800059
34515767100016
34518127500016
34518354500036
34519666100051
34524067500032
34524113700016
34525191200019
34525756200016
34525795000013
34526785000013
34527972300026
34529141300119
34529547100014
34529966300087
34533070800057
34533948500020
34534445100041
34535964000041
34538835900027
34582029400014
34738457002306
34740290100024
34740499800010
34744771600015
34745360700033
34745751700022
34746235000013
34746252500010
34747428000034
34747848900029
34748352100014
34749784400071
34750469800015
34750925900011
34752523000038
34753017200019
34753656700022
34753804301319
34755194700042
34755620100015
34755685400011
34758543200037
34758980600012
34760198100041
34761282200036
34761517100019
34761619500017
34762700200020
34764415500025
34764777800013
34765623300017
34765737100014
34765924500034
34767406100010
34768456500018
34768730300011
34770554300010
34770868700012
34774628100067
34774926900077
34774966500019
34776262700011
34776272600011
34777083600026
34777171900080
34778239300024
34779035400067
34781049100014
34781215800017
34782395700043
34782568900016
34783140600017
34783177800027
34783919300039
34784616400064
34785589200076
34792260100013
34795315000047
34796031200010
34799190300035
34799563100020
34800042300023
34800784000039
34801137000023
34802574300025
34803825800029
34804067600028
34804592300037
34804689700016
34804917200011
34806954300026
34807806400014
34808373400023
34809183600034
34809368300046
34809473100026
34809829400054
34811322600156
34812339900027
34813980900027
34814349600043
34815953400018
34816033400069
34816222300013
34817140600054
34817378200015
34817433500052
34817529000025
34817887200027
34819615500017
34824973100020
34825845000017
34826190000024
34826248600023
34829321800023
34831105100026
34831913800023
34833494700010
34836652700029
34838815800027
34839154100029
34841044000013
34841597700019
34842256900064
34842937400013
34846780400012
34848455100026
34848693700017
34848985700030
34849115000051
34849799100029
34850069500039
34850071100034
34853797800010
34854683900021
34856233100028
34857678600076
34859892100016
34860801900017
34861299500046
34862026100019
34864582100011
34864857700024
34865836000014
34866097800019
34867097700027
34867416900928
34867416904235
34868015800055
34868710400029
34869518000029
34871379300068
34871604400048
34872198600050
34872516900018
34873240500025
34875781600015
34877914100012
34878015600041
34878131100017
34879750700046
34880041800041
34880831200014
34881189400016
34881631500025
34883466400016
34884829200044
34885103100032
34886428100012
34888852000031
34889588900015
34890059800031
34890098600012
34891952300038
34892201400025
34893513100071
34894971000068
34896210100039
34896911400050
34901568500044
34901609700017
34904217600025
34904936100026
