34482479200032
34482803300037
34483329800013
34484374300404
34488104000028
34488285700016
34490013900058
34491334800050
34493260300048
34495038100030
34495071200010
34495542200029
34495575200037
34495612300048
34495698200013
34495832700027
34495956400073
34496673400016
34497304500018
34499142700016
34499965100013
34500602701988
34502273500012
34505507300026
34505906700016
34506161800012
34506621100060
34507399300015
34508699500015
34511692500057
34511969700059
34513048800538
34513048808549
34513048814539
34513048815890
34513048822425
34513048829552
34513066000292
34513500800042
34514252500038
34516767000040
34517921200021
34517955000032
34518529200033
34520067900016
34520285700032
34520538900017
34521356500012
34524198800012
34526756100032
34527065600019
34528569600026
34528881500029
34529207200013
34530218600027
34530389500014
34530688001029
34530911600027
34532791000039
34534351100035
34534964100018
34535460900017
34539160100258
34540785200028
34654077600017
34738457002066
34740134100024
34740230700248
34740431100024
34741300700019
34742719700038
34742980500018
34743076100036
34745223700014
34746722700018
34746778900025
34748244000067
34748486700051
34750896200011
34752246800011
34752419100025
34753710200019
34753804302739
34754455300014
34754456100017
34755978300043
34757786800016
34759876500019
34760271600164
34761681500028
34761849800021
34762662400048
34762983400032
34763042800022
34763796900044
34764526900015
34764769500027
34765206700047
34766309800049
34767384000026
34769922500012
34772738000011
34774177900024
34774917800013
34776450800029
34776675000058
34779122000010
34780279500018
34782814700020
34783448300013
34783527400015
34784031600025
34785739300024
34787485100046
34789026100063
34789895900015
34790969900014
34791966400016
