34482479200347
34483783600024
34484700900018
34487317900024
34488793000016
34488974600030
34489385400010
34490265500028
34491208400029
34492091300060
34493425200083
34493584600057
34494015000016
34494973000040
34495448200016
34499182300016
34500562300011
34502054900035
34506902500012
34508617701158
34508617702511
34509277900023
34509759600067
34510922700016
34513048804548
34513048806378
34513048814091
34513048823878
34513048823993
34513048826608
34513048826939
34513048827887
34513051201657
34513138700010
34515274800017
34515799400020
34516046900036
34516744900015
34518748800027
34519034200021
34519197700015
34520725200031
34522993400012
34524670600021
34525017900016
34526485700011
34526874200037
34528702300047
34528858300031
34530718500016
34532455200016
34533137500013
34534494900036
34535399900013
34538043000016
34538088500037
34538787200061
34539388800010
34539563600011
34539864800013
34540330700043
34540497400056
34734076200041
34738457001811
34738608800020
34738903300015
34744136200063
34745810100024
34746037000013
34750034000034
34750063900047
34752512300035
34753214500013
34757648000086
34758223100762
34760080100034
34766190200044
34766810500013
34767269300012
34772944400021
34775130700013
34775607400071
34777057000021
34777539700024
34778130400014
34779248300021
34779896900015
34781116800033
34782237100113
34783987000057
34785032300010
34785314500014
34785342600018
34785717900035
34786199900014
34786486000023
34787285500023
34788995800067
34788996600037
34789065900019
34790230600021
34790874100015
34792671900217
34792671903211
34794279900078
34798529300070
34799526800039
34800606500067
34800640400027
34801990200041
34804434800038
34805639100017
34806930300066
34807159800026
34808477300012
34808947500068
34809107500013
34809910200017
34810288000013
34813427100033
34813430500013
34815601900021
34815736300014
34816574700018
34816822000013
34817525800048
34817922700015
34818041500013
34818919200027
34819336800019
34820413200016
34820512100034
34821066700013
34823693600012
34826195900012
34827156000040
34828444900033
34829291300012
34829514800020
34829878700048
34831394100026
34831891600015
34832111800021
34833010100018
34833559700046
34834807900024
34839820700012
34840664600011
34841550601923
34842940800027
34844355700015
34844919000027
34845139400012
34845742500026
34846459500019
34847745600027
34849925200016
34850019000023
34850689000014
34854072500051
34854118600097
34854122800022
34854568200026
34856124200010
34856549000045
34857860000036
34861591500025
34862130100012
34862743100029
34862802500010
34863926100059
34864933600016
34866141400055
34866755100041
34867416903518
34867848300051
34868516500014
34870000600011
34870738100029
34872261200036
34876590000025
34876823500015
34877295500202
34877950500018
34880963300012
34881459100049
34882093700038
34882100000034
34882252900015
34882340200014
34884173500015
34884272500056
34884633800013
34885539600027
34888639100013
34889531900013
34890187700038
34892519900021
34892929000024
34894372100012
34895098100012
34899155500130
34899155501344
34899299100011
34901495100017
34903989100016
34904408100082
