34482064200090
34482525200028
34483502000019
34483655600011
34484014500017
34485183700015
34485261100013
34485646300031
34486738700013
34486933400161
34486933400195
34487929100013
34490268900084
34493564800024
34495919200032
34497049600024
34497403500042
34500031900011
34500595300020
34502648800014
34504533000031
34504945600089
34505760800027
34506123800019
34508617700887
34509324900018
34510838500013
34513048810206
34513048812871
34513048816104
34513048829370
34513486000013
34514595700048
34515750700053
34515966900026
34516609400036
34520576900044
34521083500020
34521298900023
34523279700059
34523443900015
34525315700027
34525495700029
34529223900018
34530263200012
34531932100013
34533202700043
34533394200018
34533450200027
34534368500037
34535188600022
34537353400030
34538056200024
34538408500063
34538966200023
34539160100324
34539612100013
34540221800035
34738457001167
34738457002637
34738949600048
34739698800029
34743701400066
34743940800043
34745265800011
34745854900016
34747333200034
34747830700049
34749347000012
34749507900027
34750378100069
34751432500039
34752316900022
34753804300857
34755153300032
34755546800045
34756278700023
34757705800014
34759839300085
34761974400068
34762254000016
34763623500017
34764032800014
34765686000066
34766123300010
34766208200010
34766633100058
34768687500043
34770637600022
34772509500017
34773389100019
34774752900043
34775319600042
34776466400020
34778109800020
34779813400040
34780802400025
34780838800016
34781735500014
34782013600013
34783120800033
34783973000012
34785282400056
34788346400013
34788489200014
34789074100031
34789115200030
34789208500015
34789961900014
34792671902809
34792671903195
34792671903260
34793622100022
34795800100013
34796844800014
34799143200027
34801384800018
34801561100059
34802056100018
34803249100089
34803669000017
34804882800035
34805797700053
34807903900015
34810376300036
34814465000028
34815211700027
34816096100036
34817424400023
34818302100016
34820645900011
34822702600021
34823023600013
34825100000025
34825124000035
34826127200028
34828777200027
34829298800014
34832305600021
34833034100028
34833092900012
34834573700020
34837141000013
34837580900012
34842457300015
34843158600026
34843832600012
34844208800020
34844723600020
34846829900014
34849079800017
34849916100019
34852570000012
34854590600011
34857120900025
34859039900013
34862407300022
34862527800026
34863886700021
34864875900010
34864979900015
34865594500015
34867351800026
34867416905547
34867416906172
34868187500038
34868325100014
34869983600030
34872607600030
34874807000011
34875093600042
34875566100017
34876814400043
34878041200014
34878180800012
34878725000011
34879897600018
34879916400028
34880425300014
34882441800019
34883941600016
34884069500012
34884891200112
34887423100023
34888017000017
34888521100022
34889047600164
34889422100095
34891589300013
34892721100014
34893477900029
34893866300013
34894323400016
34894539500013
34894688000021
34896676300016
34896838900059
34898593800011
34898859300011
34898897300015
34899014400035
34900567800025
