34484743900017
34486340200014
34487493800055
34488634600016
34492303200017
34492968200013
34494933400025
34496147900013
34497170000028
34497432400016
34499907300028
34501827900025
34501853500012
34502737900022
34504145300027
34505072800020
34505557800040
34507826500021
34508352100020
34508617705035
34508617706157
34508617707197
34510577900036
34511097700013
34511276700032
34511876400025
34512249300025
34513048810263
34513048810867
34513048811428
34513048814562
34513048829347
34515469400474
34516330700027
34519260300016
34520018200029
34521735000023
34521921600040
34522404200019
34522576700010
34523581600021
34523681400033
34527090400013
34527689300038
34528556300036
34528778300012
34529413600014
34529667700031
34530557700016
34530688000955
34531893500011
34532519500039
34533347000028
34537850900011
34538770800018
34539126200028
34539855600125
34540035200059
34615007100048
34695003300081
34738457002660
34739183100026
34740004600020
34741304900029
34744152900018
34744715300029
34746118800042
34748215000070
34751137000012
34751547000099
34751879700019
34752042100061
34752589100011
34753479400016
34757856900027
34758895600032
34762372000013
34763269700020
34764196100029
34766367600018
34766596000022
34768410200119
34769625400031
34771469300012
34771576500140
34776013400010
34777413500011
34777610600028
34780965900019
34781457600034
34781671200017
34782128200048
34782446800016
34783215600017
34784499500030
34786602200010
34787076800046
34788865300016
34789771200027
34790396500015
34792671901868
34794224500023
34795105500016
34796101300013
34796159100034
34796795200024
34797741500012
34798218300043
34798627500019
34800667700044
34801488700031
34801949800016
34802460500027
34803987600050
34804587300018
34805951000027
34806124300021
34808947500118
34809285900027
34813567400037
34813634200022
34813681300071
34813755500044
34816506900017
34816866700205
34817694200038
34818227000036
34819871400027
34820771300424
34822213400010
34831797500020
34833495400016
34834452400031
34836519800020
34836808500026
34839159000018
34840105000037
34840843600049
34848064100011
34849514400027
34849984900019
34850150300067
34850623900022
34851009000023
34853575800018
34854729000018
34855199500015
34856493100031
34857938400044
34858263600026
34858454100042
34859107400029
34860741701129
34861261500040
34863043500017
34863149000060
34864126700060
34864133300011
34865654700026
34866442600023
34867416904797
34867582800035
34867875600068
34868112300066
34868338400013
34868659300024
34868816900021
34870086500036
34870547600011
34872253900023
34873840200026
34874533200042
34875044900038
34876846600016
34876929000050
34877207000036
34878221000010
34878653400035
34879032000488
34879475100019
34879585700013
34879759800045
34879765500027
34881789100016
34882133100017
34884739300017
34884840900010
34885120500016
34886947000016
34888581500020
34888754800025
34889061700049
34889901400016
34890176000010
34891606500272
34892995100013
34893053800015
34893622000022
34894923100032
34896085700012
34898711600012
34899111800012
34902207900025
34903865300037
34905463500017
34908479800017
34908612400014
34908653800023
34909288200027
34910562700021
34911259900015
34911312600016
34912377800012
34912649000011
34912785200037
34913347000014
34913892500012
34914482400019
34916305500040
34918333500018
34919012400017
34919294800025
34921772900038
34924882300016
34924896300028
34926294900010
34926965400027
34927269000026
34928473700021
34929130200025
34929754900033
34930559900012
34931727100014
34933503400014
34936461200011
34938608600012
34938634200100
34939865100068
34939926100024
34939950100031
34940368300056
34941426800053
34944007300014
34944100600013
34944372100023
34944980100050
34945209400015
34946576500015
34947738000019
34948107700015
34948347900045
34949028400057
34949255300038
34951154300010
34951660900014
34955822100017
34956408800012
34957701500036
34957860900027
34959199000016
34960143500010
34960921400011
34961680500033
34962594700032
34962741400015
34963496400036
34963532600011
34963705800018
34964254600023
34964257900032
34965117400055
34965376600015
34968773100027
34969368900029
34969711000022
34971921100014
34972434400040
34973669400028
34973924300013
34974904400021
34976100700021
34976337500301
34976337501143
34977162600034
34977977700011
34979020400151
34980262900015
34980795800013
34981189300016
34982624800057
34983866400036
34986148400054
34986581600012
34987094900014
34990132200017
34992731900013
34992767300047
34994938800038
34996593900011
35001837000097
35001844600012
35001908900019
35003734700027
35004094500015
35004443400016
35005948100019
35006384800013
35007464700016
35010430300036
35011154800078
35013428400024
35014207100124
35015460500025
35015508100036
35015980200064
35016115400017
35018041000044
35018098000020
35019042700012
35019313200015
35021784000023
35021863200015
35022356600034
35023318500015
35023477900022
35023979400018
35025241700018
35026923900025
35029562200012
35029929300018
35030632000010
35031730100041
35032801900038
35035181300018
35035918800033
35036160600014
35036282800013
35038540700043
35040125300017
35042064200026
35043973300014
35044710800019
35045693500013
35046010100081
35046663700021
35046859100028
35049592500033
35050015300027
35051667000014
35052690100011
35052818800013
35052911100386
35054543000034
35054788100010
35055209700015
35055973800017
35056447200032
35057081800012
35057609600019
35058287000035
35058713500012
35060365000028
35061540700037
35062215500017
35062523200011
35062876400010
35063146100059
35063235200018
35064246800036
35064266600019
35064791300010
35066502200041
35069994800047
35074721800021
35074810900013
35075910600031
35076184700069
35076231600031
35076876800011
35079161200947
35079161201010
35079405300057
35081914000038
35082499100060
35082612900024
35085411300023
35087554800041
35087939100042
35088871500017
35089083600017
35089588400020
35091001400017
35092662200035
35093111900027
35094326200062
35095552200023
35096692500017
35098149400015
35099087500014
35099291300029
35100735600022
35102402100021
35103793200057
35103966400013
35106004100024
35106398700025
35107130300041
35107588200032
35108472800010
35109019600012
35109950200038
35110125800017
35110887300032
35111276800012
35114295500019
35114424100012
35114431600012
35116448802713
35118485800022
