34482314100017
34482786000059
34483885900017
34486113300033
34486773400065
34486962300019
34487890500043
34488832600016
34488897900012
34488988600018
34490965000014
34491713300037
34491989900023
34493460900027
34493556400023
34495353400049
34497948900046
34501424500012
34502624900028
34504547000035
34504885400037
34507511300018
34508000600017
34508617700143
34508617700770
34508617703261
34508617706082
34508617706306
34513048805065
34513048822474
34513048826343
34513048826590
34513048830519
34515072600023
34516620100011
34517683800034
34519528300048
34520865600057
34523722600021
34523839800084
34525492400102
34526930200039
34527060700038
34528426900023
34529829300019
34530539500047
34532233300021
34533006200018
34533086400017
34533385000013
34534059000024
34534197800012
34534451900011
34534481600011
34535658800045
34540406500061
34634062300013
34739537800016
34740257000027
34741460900045
34741737000017
34744321000062
34748615100017
34749120100013
34749431200015
34749459300036
34749549100016
34751169300041
34752556000020
34752655000046
34753168300022
34753694800032
34753804301632
34755548400018
34756067400033
34756513700051
34757745400031
34759392300027
34761916500033
34764613500041
34765532600010
34766255300010
34767015000031
34768605700014
34769441600012
34770880200066
34772531900011
34774476500020
34774615800026
34775050700027
34778345800032
34779291300027
34781734800019
34782119100041
34784915000029
34785182600011
34787803500018
34788128600012
34791889800037
34792480500018
34792671900894
34792671901025
34792690900057
34794167600012
34797145900024
34798792700014
34800156100029
34800408600016
34800727900014
34801985200014
34802556000015
34802895200029
34804161700047
34806345400022
34807620900033
34807863500029
34808016900025
34808407000021
34809139800027
34809514200025
34810326800028
34812325800017
34813397600012
34814007000023
34814899000016
34816866700395
34817627200014
34818070400010
34818297300290
34819501700010
34819972000015
34820150000041
34821086500013
34821153300016
34821440400165
34821683900038
34823986400013
34826330200054
34826367400015
34827731000010
34829463800138
34829690600012
34831074900018
34834235300037
34834419300019
34836507300025
34837211100024
34838363900013
34839425500015
34840395700015
34840884000026
34843679100019
34844590900016
34848577200019
34849874200017
34850178400014
34851688100045
34852403400033
34852818300034
34855261300070
34857139900032
34858222200041
34859181900027
34859563800027
34859891300013
34860635100016
34861641800029
34862112900017
34862771200014
34862794400039
34863492400016
34864891600016
34866436800019
34866981300035
34867373200015
34867618000014
34868971200019
34870268900079
34870575700063
34871588900013
34872733000014
34876200600503
34876707000017
34876929000043
34876966200019
34878426500012
34878698900031
34879046000029
34879520400042
34879785300028
34880800700069
34881481500018
34882619900013
34883464900017
34884670000022
34886731800068
34888323200012
34889173000015
34890750200010
34891564600072
34891698200021
34891736000011
34893810100014
34894257400016
34896472700039
34898615900013
34898732200040
34898754600044
34899155500858
34899807100040
34901125400019
34901633700025
34902066900041
34902314300010
34902726800011
34904501300027
34904738100026
34905583000013
34905676200025
34906114300013
34909190000010
34909296500053
34914154900064
34915685100025
34916356800018
34918573600197
34918959700017
34919245000014
34919551100028
34919863000049
34920873600034
34924286700035
34925266800042
34925508300017
34925578600015
34925992900025
34926509000036
34926646000022
34928930600079
34930910400025
34930993000064
34931507700025
34931759400035
34931827900016
34934162800015
34937694700082
34938614400019
34938975900029
34939447800011
34940338600031
34941821000028
34942069500018
34942278200020
34943120500013
34943704600023
34944043800019
34944858900011
34946634200038
34946826400032
34949617401748
34951117000012
34951828200034
34951947000018
34953846200020
34955517700030
34956367600031
34957096000014
34957140600025
34957365900019
34957953200038
34958046400049
34958408600012
34959270900027
34960698800021
34961587200042
34967587600024
34968086800024
34968433200035
34969866200013
34972126600014
34973740300031
34974317900716
34974442500043
34975305300017
34976191600015
34978197100024
34979301800012
34979481800063
34979667200054
34981559700019
34982797200085
34983291500012
34983398800018
34983569400036
34984211200030
34984693100013
34985429900014
34985900900020
34986555000058
34987195400021
34988610100030
34988796800015
34988813100191
34989225700016
34989944300049
34991331900035
34991712000025
34992547900017
34993363000015
34995491700028
34996628300021
34997493100793
34997494900027
34999202400027
35000287900012
35001374400023
35002397400032
35002456800031
35003689300013
35004342800019
35004901100017
35005228800015
35005276700018
35005414400059
35005598400016
35006129700015
35006316000047
35017920600015
35018120200010
35018220000013
35018585600027
35021807900035
35021998600030
35022818500020
35022935700024
35023345800032
35024998300023
35026207700018
35027861000034
35028042600015
35028207500026
35028305701021
35028458400025
35028548200021
35028957500010
35030946400013
35031659200020
35032483600021
35033555000033
35035236500042
35035651500030
35036614200023
35038283400017
35043603600049
35043652300012
35044312300012
35044635700096
35045171200029
35045772700013
35046657900017
35048045500038
35048638700011
35050232400030
35050253000099
35050271200010
35050565700022
35050594700043
35051276000025
35051663900092
35051987200161
35052473200053
35052853500023
35052867500076
35054240300018
35054759200013
35055497800014
35055810200017
35061844300054
35062118100014
35062265000025
35062943200013
35064257500012
35064568500016
35064722800021
35064894500029
35065091700015
35065816700019
35066448800029
35068338900018
35069189500014
35069384200022
35070054800018
35070622200030
35070689100016
35071810200030
35072976000057
35073029700057
35073669000016
35075312500219
35076285200050
35076346200024
35077335400047
35077908800011
35080350800018
35080539600776
35081085900081
35082116100022
35084344700011
35086929300075
35088024100020
35088103300020
35088401100031
35088528100013
35089103200038
35090827300039
35091639100310
35091848800031
35093067300024
35095098600025
35098131200019
35098837400046
35099537900038
35099935500091
35100427000028
35100633300022
35101982300159
35102456700049
35103079600012
35103446700016
35104563800027
35105216200028
35106412600011
35107036200022
35107430700015
35111931800019
35115115400017
35116327400019
35119111900442
35122474600013
35123689800018
35123951200012
35124275500012
35124299500030
35126523600023
35127137400016
35127207500083
35129578700011
35130266600034
35131453900047
35133262200031
35134155700020
35135513600026
35135693600010
35135713200023
35136306400053
35136327000080
35137267700101
35139366500028
35139428300011
35139551200020
35139832600022
35140029600031
35140391000059
35141801700015
35142458500013
35143233100012
35143449300018
35143775100016
35144208208061
35145500100013
35146328600010
35146469800023
35147282400017
35147775700048
35147860700010
35148820000020
35149412500013
35151681000014
35152148900028
35155343300027
35155713700012
35156030500028
35156271500018
35156335800024
35156874600033
35157335700040
35157540200018
35158918900015
35159114400040
35159478300018
35159633300028
35160658700027
35160744500043
35162224600012
35164140200026
35165076700020
35165456100023
35165767100027
35166469300022
35167590500027
35168114300019
35169414600017
35169846900027
35169883200018
35170529800112
35171169200050
35171353200569
35171353201864
35171378900011
35174125100026
35179641200010
35181211000044
35181673100027
35183740600484
35186427700030
35186776700037
35187390600017
35189066000019
35189308600022
35189510700016
35190408100053
35190576500019
35191021100017
35191523600027
35192257000012
35192886600042
35193914500014
35194377400023
35194455800011
35194920100013
35196018200027
35196917500030
35197113000015
35197315100019
35197587500011
35197746700015
35198906600029
35199007200016
35200710800074
35203051400033
35204455600012
35204498600011
35204552000017
35210707200030
35212202200028
35214354900017
35214762300024
35214816700013
35215614500026
35215906500023
35215967700017
35218072300020
35219778400023
35221569300024
35221687303165
35221687303215
35221745900010
35221868900037
35222289700014
35222485100019
35223055100017
35223613700043
35225983200017
35227534100019
35228723900011
35230084200015
35230102200021
35231736600032
35233230800035
35233244900011
35234291900029
35235003700011
35235189400030
35235248800022
35237105800046
35239660000012
35240319000031
35242778500022
35243837800015
35245494600059
35246171900010
35246308700028
35246725200016
35248334100686
35248334104167
35248714400029
35249083300014
35250781800057
35252015900042
35252532300031
35252539800074
35252655200018
35253302000017
35253392100925
35254044700039
35254161900024
35256609500035
35256798600190
35257665600016
35257798500026
35260686700021
35261093500012
35262195700039
35263129500040
35263731800010
35264550100300
35265509600019
35266789300015
35266984000022
35268736200017
35269430100016
35270195700016
35270901800019
35271825800010
35272380300032
35273601100011
35274023700057
35274701800617
35275069900030
35276032600020
35276950900030
35279260000012
35279808600026
35280014800020
35280173200012
35281076600019
35281291100027
35281775300036
35281788600018
35282625900025
35283019400051
35283087100054
35283120000022
35284752900034
35284873300015
35284913700026
35285767600014
35286063904613
35286066200050
35287597500026
35292777600042
35293438400038
35294167800018
35294620600039
35300745300023
35303600700022
35304258300016
35304330000014
35304415900013
35305947000032
35306449600014
35307603700020
35309626600013
35310032400030
35311072900012
35311796300010
35312198100016
35313520500014
35313533800021
35316236500012
35316930300024
35317770200019
35318785900205
35319418600030
35320048800016
35322706900013
35322971900029
35323507000011
35324005400018
35324171400024
35325300800042
35326181100015
35327417800014
35327972200022
35328808700011
35331082400019
35334504400021
35334847700020
35334936800012
35335322000018
35336511700012
35336728700011
35338079300102
35339726800015
35340096300107
35340324900074
35340973300014
35343492100030
35345955500028
35346748300015
35347496800040
35348408200014
35349429700024
35349473500023
35351336900044
35352109900021
35352694000047
35353117100026
35353786300022
35355874500033
35356014700020
35356559100016
35357344700011
35358406300039
35358556500016
35359404700022
35360073700012
35361056100030
35362553600068
35363972700034
35364468500011
35366290100076
35366525000018
35366885800015
35366941901013
35366941902045
35367689300038
35367899800066
35368864100011
35369821000013
35370911600019
35371045200031
35372983300031
35373711700013
35376159600025
35377576000013
35377669300015
35378129700026
35379850700011
35380664900011
35382102800837
35382102801769
35382102804581
35383629900100
35384291700026
35385208000020
35385958000105
35385991100029
35386490300011
35386556100016
35389902400072
35390742100013
35392941700023
35393194200018
35393226200010
35393940800046
35394021600040
35394430900031
35395007400024
35396509800034
35397483500020
35397705100013
35397758000011
35400876500035
35401110800017
35401896200010
35402776500040
35404934800031
35406870200019
35407057500015
35407405600012
35407816400010
35409039100047
35580078000049
35600000004426
35600000009151
35600000014790
35600000019128
35600000019326
35600000020315
35600000025329
35600000025897
35600000026873
35600000027651
35600000030936
35600000038217
35600000040025
35600000045007
35600000045129
35600000046141
35600000046790
35600000048568
35600000049125
35600000059679
35600000060104
35600000062512
35600000063255
35600000066473
35600000068692
35600000069006
35980082800030
36780046300047
37040058200018
37080088000061
37220023800023
37280176100035
37547589400016
37597800400022
37627354600014
37677029300052
37749316800019
37749655900016
37750614200019
37751050800015
37751093800030
37751843600110
37752022600038
37752895500034
37753329402540
37753329403894
37753927500026
37754047100028
37754977900058
37755288000017
37755539600029
37755632900029
37758048500011
37758315800011
37760783300029
37761659400026
37761702200027
37763069400018
37763143700029
37763200500031
37764652600014
37767391800472
37768365100022
37768996300017
37771465401407
37772314300097
37772387900062
37774365300026
37775410600013
37778130700022
37778369100019
37778705600037
37779539800025
37780109700017
37780362200010
37780642700052
37781546900012
37781764800019
37781898400082
37783758800039
37785815400091
37788764100019
37789348200028
37789618800218
37789627900017
37789871300021
37790906400034
37791150800044
37792309900032
37792632400015
37793821200067
37794163800043
37795286600012
37795572900027
37796183400027
37796579300013
37796826800021
37797840800039
37798091700027
37798563500020
37804151100031
37804750003024
37806694800019
37807112000042
37809725700026
37809800800022
37809817200026
37810415200012
37810835100016
37811375700033
37813355700017
37813558600022
37815202900013
37815436300055
37815963600018
37816195400011
37816352100016
37816671400071
37816917100014
37816922100033
37820524900030
37820560300020
37821765700014
37822247500063
37823141900011
37823168200014
37823923000014
37823951100025
37824005500046
37825832100017
37826312300036
37827620800014
37827833700019
37828195000014
37828856700019
37829163700023
37829167800019
37829557000022
37832990800016
37833614300086
37835060700016
37836294100056
37836974800017
37837804600015
37839123900027
37839947100010
37840063400036
37841965900016
37842459200012
37843862600020
37844450900046
37844480600012
37844623100011
37844992000024
37845018300017
37845079500018
37845564600026
37846618900032
37846987800128
37847736800021
37848511400045
37848902500023
37849355500015
37849494200014
37849807500019
37850422900014
37851055600012
37851254500039
37851573800045
37854020700016
37855561900071
37858545900043
37858726500059
37859804900013
37860732900018
37861395400015
37861931600037
37862173400037
37862343300026
37863345700015
37864722600042
37865933800016
37866780200029
37867552400011
37869235400020
37871743300031
37871941300015
37872317500014
37874461900016
37874468400093
37875203400017
37875600100012
37875841100011
37875921100022
37876466600038
37877854200696
37878900200011
37879679100010
37879920900036
37881912200045
37883054100033
37883639900014
37883730600067
37884677800025
37886172800012
37888823401463
37888860600027
37889183200024
37889495000070
37889919900012
37890089800065
37891094700035
37892242100011
37896412600015
37899289501191
37900598600011
37900858400029
37900995400015
37902008400024
37904551100027
37904650100019
37904934900028
37905160000011
37905560100049
37905605400016
37906085800014
37906658200014
37907339800032
37907458600015
37908164900012
37910532300016
37912142900011
37913446300015
37913863900016
37915620100012
37916637400023
37916872700012
37917416200048
37918636400020
37919290900016
37919375800024
37920953900012
37921037000035
37921706000027
37921941300042
37922534500022
37923772000014
37924751300011
37925447700035
37926035900045
37926148000048
37926614100033
37926622400029
37927818700032
37928340100014
37929585000018
37930068400014
37930343100017
37930357100010
37930577400125
37930715000027
37933516900015
37933918700021
37934933500016
37935287500023
37935538100011
37936597600032
37938108000033
37939268100019
37939473700017
37939729200028
37940080700010
37940186200022
37940245600030
37941083000028
37941889000032
37942049000045
37944705500011
37944796400014
37944992900049
37945434100049
37945498600017
37945523100439
37946240100025
37947334100038
37947848000021
37947942100024
37948493400037
37949553400016
37950155400032
37952044800026
37953705300017
37954193100018
37954498400014
37954943900014
37956066700048
37956357000025
37957673900047
37958174700027
37958310700113
37958929400014
37960177600048
37960197400353
37960315200016
37961137900023
37961397900036
37963788700017
37965052600013
37966246300015
37968010100027
37970244200011
37970669000011
37970700300024
37971689700028
37973702600029
37974458400010
37974729800048
37975228000063
37975280100017
37975821200052
37979452200019
37979985100017
37980162400014
37980366100030
37981005400013
37982265300018
37983219900028
37983688500010
37984347700041
37984374100032
37985043100022
37985952300043
37986382200068
37987243500019
37987747500051
37988678100010
37989713500016
37990867600016
37992312100014
37994151100030
37996392900011
37996404200038
37996459600033
37997880200013
37998171500012
37999626700017
37999745500017
38000170100016
38000572800015
38000635300037
38000696500020
38000838300016
38001027200017
38001637800016
38002202000065
38004848800023
38005451000017
38006539100027
38006993000010
38007269400017
38007960800028
38008968000033
38009009200020
38010110500035
38010151900029
38010354900016
38010412500014
38010801900015
38011317500018
38011490000026
38011836400039
38011909900014
38012986607423
38012986608140
38012986628163
38012986631159
38015740400019
38016150500017
38016676900014
38017451600019
38017506700012
38018236000012
38019247600071
38019977800024
38020979100017
38021449400029
38022681100020
38023630700019
38023736200021
38024151300023
38025730300012
38025733700036
38025961400010
38026401000022
38026577700033
38027311000037
38027527100043
38028004000011
38028698900013
38028701100023
38029266400014
38029564200017
38030784300108
38030907000023
38031668700066
38031971500013
38032517500020
38032929200029
38035346600010
38036277200044
38036970200010
38037135100137
38037141900017
38037302700065
38038643300011
38041989500012
38042217000023
38044395200037
38045377900049
38045784600018
38045963600011
38046356200054
38046577300030
38047975800019
38049362700026
38051157600015
38051389500017
38054549100025
38055599500022
38056058100098
38057130700012
38057675100032
38058270000015
38059197400015
38059801100019
38059817700026
38060093200012
38060106200025
38060810900035
38062173000023
38062233201280
38062233201439
38062528500032
38064084700014
38064793300015
38066822800014
38067634600022
38067960500051
38068817600011
38074552100019
38074660200024
38075308700010
38075435800014
38075836700060
38075965400011
38076070200049
38076256700010
38076886100037
