34484376800039
34484460000017
34485465800061
34485559800027
34485640600022
34485850100085
34491976600016
34494372500020
34495251000016
34495885500027
34496320200017
34497373000015
34497870500020
34499465200016
34501360100025
34501437700021
34503941600911
34504652800013
34505613900016
34506117000022
34508617700242
34509148200017
34509293600029
34510045700018
34511611500220
34511697400014
34511791500032
34512415000029
34513048802807
34513048812798
34513048818217
34513048818704
34513048821989
34513048827465
34513048828554
34513051202374
34513513100174
34514173300039
34514819100017
34515295300013
34515831500027
34516384400052
34517046800010
34517295100021
34521390400013
34522072700027
34522421600019
34523194800034
34523525300019
34526674600048
34526829600034
34527501000014
34528115800013
34528372500017
34530031300227
34530688001060
34531461100012
34532483400018
34533872700026
34534442800031
34534462600014
34535011000010
34535109200035
34535664600017
34536592800075
34536713000043
34537908500011
34538166900026
34539160100092
34738457002942
34742624900020
34744016600010
34745584200042
34747341500037
34747393600016
34748436200012
34751393900020
34753235000027
34753804302424
34755300000014
34756135900022
34756254800037
34757098800027
34757760300025
34758566300011
34759439200024
34761761500062
34761887800040
34762453800042
34762812500010
34765724900046
34766625700022
34767701500047
34768011800010
34769869800045
34770696200094
34773966600019
34775536500033
34775538100022
34776875600038
34779459600036
34781892400016
34782666100055
34783266900043
34784180100017
34784258500080
34784258500098
34786902600018
34786938000019
34788328200027
34790893100038
34792450800059
34792505900011
34792671901728
34794135300042
34794443100019
34796070000016
34798001300036
34799596100013
34802293000013
34802793900134
34803115400027
34803254100016
34803547800018
34803956100017
34804184900038
34805456000019
34807035000023
34807059000024
34807271100016
34807440200028
34810036300053
34811816700074
34815006100011
34815428700034
34816658800031
34818104100024
34819721100017
34819788000027
34822117700036
34824733900016
34824878200024
34826515800025
34826612300010
34827892000023
34828276500034
34831025100023
34831556500013
34832105000018
34832188600031
34832990500015
34833082000021
34833347700068
34834331000010
34834609900016
34836259100011
34836634500281
34837914000059
34841408700018
34842296500023
34842565300014
34843549600024
34843893800030
34844243500049
34846629300043
34848194600039
34849400600029
34849833800022
34853291200022
34853430600157
34855795000014
34855963400038
34856085500010
34859643800013
34860607000061
34863304100010
34863905500014
34864420400011
34864637300046
34867260100013
34867364100026
34867416906693
34868188300016
34871119300055
34872277800068
34874043200011
34875557000010
34875737800073
34876076000036
34876097600020
34876575100030
34876609800019
34877167600031
34877768100019
34878181600015
34879440500020
34881657000025
34882596900010
34883142100014
34883867300013
34884050500096
34884443200073
34884630400023
34885432400020
34887239100019
34887363900010
34889118500012
34889988100018
34890135600033
34891144700012
34891578600019
34892352500086
34894158400032
34895222700067
34895757200020
34895968500036
34896026100025
34896200200021
34896225900027
34896340600023
34897944400026
34898013700023
34899506900021
34899843600029
34900188300017
34900482000024
34900763300010
34901013200018
34904999900023
34906448500023
34907579600020
34908674400019
34910676500044
34911357100047
34911530300019
34913167200033
34913185400037
34914012900025
34914817100060
34914992200057
34915231400028
34915410400054
34918429100012
34918961300061
34918970400019
34920761300028
34921257100054
34922510200012
34924071300058
34924197600019
34924274300046
34924371700031
34925216300028
34926293100018
34927971100031
34928136000017
34928198000046
34928439800063
34928721900027
34928970200145
34930180400010
34930278600018
34930296800053
34933424300020
34933835000011
34933897000057
34935353200055
34935490200018
34936617900043
34937470200133
34941156100013
34942858100012
34943561000069
34944683100050
34945875200020
34946930400019
34947702600042
34948319800017
34949549900015
34951137800029
34952687100018
34952917200018
34953254900020
34955483200015
34956006000015
34956417900027
34956571300022
34956855000017
34957202400033
34957275000017
34957675100045
34957917700016
34958170200017
34959310300014
34960068400014
34962704200014
34963272900019
34963799100028
34964039100018
34964385800047
34965225500036
34966410200036
34966781600012
34968304500026
34968810100014
34969777100070
34969913200016
34970098900032
34971935100018
34972324700012
34972499700045
34973330300011
34974317900732
34974819400017
34975093500059
34976616200011
34977279800030
34978194800022
34980534100071
34982533100029
34982547100023
34983150300017
34983253500109
34984330000014
34984573500019
34986856200035
34988315700027
34988493200014
34989453500039
34989916100013
34995215000028
34996853700036
34997692800037
34998433600017
34999788200015
35000058400010
35000897500012
35001224100195
35001818000017
35003055700010
35004115800014
35004593600134
35004660300014
35004874000061
35005288200015
35005985300035
35006422600193
35006568600015
