34482250700028
34484713200026
34485108400022
34485753700031
34486519100029
34489128800013
34490356200025
34490898300010
34492752000033
34494096000026
34494949000058
34496474700010
34496485300016
34496890400021
34498868800026
34498960300024
34502833600021
34503249400014
34503630500042
34503941600713
34504705400019
34505559400021
34506385300013
34507622800021
34508617701729
34508617702727
34508764700011
34511129800021
34511222100014
34511265000014
34511764200040
34512058800024
34512547000012
34513048805891
34513048814422
34513048820726
34513051202382
34513915800025
34515031200014
34515469400300
34515811700027
34516521100011
34520019000014
34520662700019
34523319100039
34524267100013
34524877700038
34526137400044
34528594400012
34528714800018
34530046100026
34530285500035
34530363000015
34530544500040
34531809100021
34532650800032
34535051600018
34536188500030
34536562100027
34537180100027
34538959700013
34539332600011
34539635200048
34540442000019
34540762100043
34582005400012
34738457002355
34738457002926
34739336500023
34739614500034
34740230700339
34742326100028
34742632200025
34742937500012
34742992000031
34744447300016
34745361500010
34746982700013
34748365300023
34751097600017
34752296300011
34752413400033
34753220200012
34753329100048
34754767100045
34755426300017
34757075600044
34757888200016
34758065600010
34759262800031
34759682700027
34759779100032
34762183100168
34763219200014
34763587200059
34763697900010
34764277900016
34766963200171
34768746900077
34769511600025
34770938800032
34772961800087
34774878200013
34775528200022
34776882200020
34778627900039
34780375100010
34780393400046
34780866900019
34780987300016
34781211700013
34781507800147
34782790900016
34783116600017
34783581100014
34783600900055
34784088600043
34785312900091
34787066900012
34787926400013
34788821600020
34788991700022
34792383100064
34793685800013
34797765400032
34798291000023
34798610100025
34798831300032
34799280200012
34800222100052
34800644600200
34803107100023
34809976300040
34810495100051
34812671500021
34815346100010
34818034000039
34820586500010
34820906500013
34822169800015
34822331400017
34822884200020
34823844500012
34825351900014
34826234600011
34828786300016
34829051100024
34829439800063
34830251400040
34832220700062
34832425200041
34833347700050
34833430100010
34833458200049
34836878800033
34838652500029
34840243900023
34841292500011
34841550600875
34843240200017
34843353300026
34846251600033
34847323200026
34848855200038
34851072800010
34852088300029
34852407500010
34853088200045
34853239100011
34854059200055
34854745600031
34857662000010
34858193500023
34860125300027
34867416900100
34869611300011
34869897800072
34873022700017
34873382500023
34873554900019
34874869000040
34875683400019
34875757600015
34876038000017
34876107300033
34878226900040
34879456100020
34879640000029
34881341100033
34881526700011
34881844400013
34882741100011
34884363200046
34884549600010
34885163500022
34886443000031
34887235900040
34887554300053
34887921400024
34888169900022
34888731600035
34889069000012
34889408000012
34890605800014
34893015700048
34893694900018
34893828300010
34896130100036
34896161600011
34896967600017
34903055100015
34903648300015
34903776200011
