34482714200029
34485710700082
34485921000017
34486236200219
34486773400057
34489337500024
34490197000030
34491918800013
34493978000047
34495482100056
34495575200011
34496851600015
34497081900027
34497416700027
34499445400017
34499565900069
34500414700020
34500602702093
34505950500015
34506694800026
34508237400017
34508617704491
34508617704582
34508617705951
34508617707098
34511366600035
34511553900065
34511566100034
34512225300015
34513048802674
34513048807491
34513048813440
34513048822524
34513513100117
34514434900031
34514445500010
34515026200029
34515030400052
34515098100032
34515531100052
34515769700052
34517368600048
34517595400030
34519753700011
34520355800019
34521129600032
34521404300019
34522529600010
34526944300031
34527065600027
34527213200027
34527999600010
34528470700014
34529166000016
34530598100010
34530789600018
34531156700068
34531713500019
34531836400014
34532743100069
34534837900016
34535118300529
34535232200027
34538350900030
34539887900014
34540368700014
34605002400204
34739120300028
34739193000018
34739386000064
34740256200024
34741377500078
34741433600029
34741536600058
34745534700026
34745932300023
34747899200030
34748233300064
34749567300019
34750341900025
34750565300019
34751357400017
34752342500051
34752427400037
34752819200029
34752894500038
34753827400023
34754323300030
34758204100021
34760271600230
34760339100041
34760604800028
34763680500033
34764661400011
34764966700032
34765389100015
34765621700036
34765629000124
34766105000018
34766663800031
34769027300045
34770603800010
34770947900047
34771494100049
34772922000041
34773398200016
34775735300029
34776722000010
34776910100010
34777076000069
34777134700015
34777892000079
34778329200027
34778396100019
34781291900020
34781466700023
34783316200055
34783720500025
34784153800015
34785779900014
34785977900063
34786455500011
34786672500059
34787975100068
34788465200020
34788732500038
34790022700021
34790132400041
34790768500023
34791215600010
34792671901157
34792671902858
34792941600092
34793623900024
34794019900040
34795950400023
34798155700049
34798418900022
34798640800024
34801558700051
34801925800014
34802221100018
34803888600019
34804154200013
34805289500045
34806832100085
34808441900038
34809188500015
34809899700078
34810372200024
34810974500037
34813994000053
34814139100014
34814717400018
34816119100021
34816419500011
34817628000025
34820475100013
34821231700013
34821864500037
34822413000016
34823200000060
34824548100026
34826496100023
34828291400079
34828310200021
34830008800013
34831048300063
34836299700028
34839047700019
34839715900024
34846152600017
34846801800026
34849153100011
34849314900036
34850773200017
34851236900029
34854016200016
34854582300026
34856106900017
34856275200025
34857590300011
34858505000019
34858915100029
34859642000029
34859811100014
34860949600016
34862071700010
34862184800012
34865998800052
34866168700015
34866786600027
34867217100033
34867416902031
34867416903369
34867416903831
34867416904805
34867809500012
34867960600072
34869867100057
34870697900013
34870779500012
34871927900013
34872969000019
34874095200018
34876940700019
34878132900019
34878226900065
34878529600016
34879026200011
34879786100021
34880800700044
34881114200309
34881290000010
34881380900020
34883681800016
34884481200035
34885640200014
34886769800030
34890821100017
34890915100014
34891306200025
34895791100012
34897057500026
34897226600012
34897497300011
34899155501401
34899483100017
34900980300066
34901426600028
34902522100012
34903220100023
34903624400037
34904333100025
34904845400053
34905451000038
34906397400027
34907386600023
34907716400029
34907851900031
34909592700019
34910545200065
34912949400036
34914524300037
34915137300017
34915350200019
34916940900027
34917954900069
34918593400065
34920934600023
34921026000015
34921734900035
34921849500027
34923265200025
34927301100016
34928035400011
34928628600019
34932604100051
34933460700018
34934278200043
34936822500018
34937968500010
34939803200020
34941545500014
34942918300016
34943004100013
34944353100018
34947745500035
34947776000020
34948308100015
34948512800087
34949617402019
34950767300086
34951969400013
34952229200029
34954133400042
34954588900017
34955425300048
34956432800012
34956767700027
34957448300013
34957741100045
34960312600013
34960432200017
34961375200147
34961452900015
34961718300018
34963456800084
34963863500012
34964246200023
34965662900012
34966872300050
34968910900016
34969273100038
34969453900025
34970864400035
34971142400011
34972577000011
34972624000022
34973855900013
34974317900062
34976774900022
34977084200038
34979138400028
34979875100013
34980911100017
34981018400011
34984903400013
34985023000013
34985049500046
34985604700031
34989202600023
34991392100012
34991630400018
34992982800011
34994223500020
34994591500032
34995095600012
34995444600028
34995951000026
34996827100024
34997812200027
34998256100038
34998974900040
34999143000027
34999847600072
35000302600027
35000394300015
35002035000012
35002240600028
35004208100017
35004774200027
35005788100046
35006820100325
35009117900027
35010868400043
35011057300010
35012468100023
35012966400040
35014736900010
35015317700018
35015461300029
35015767300020
35016610400017
35016953800047
35018439600017
35018666400024
35020372500030
35023001700013
35023980200019
35026624300012
35026753000029
35026787800014
35028844500017
35032984300014
35037865900014
35038479800038
35039376500028
35039421900017
35040833200012
35041808300035
35042325700012
35042390100023
35042833000012
35044226500038
35045571300023
35045687700017
35046675100012
35046903700054
35047694100025
35047851700039
35050593900065
35050808100030
35051284400019
35052730500063
35056679000043
35057968600022
35059049300010
35059329900018
35059383600017
35061230500010
35061496200024
35063106500025
35064705300023
35068358700025
35069624100016
35069938500034
35070101700013
35070457300012
35071327700019
35072203900012
35072223700012
35072571900016
35074287000016
35074382900037
35074570900021
35077238000027
35077998900010
35079161200343
35079896300038
35081237600035
35081515500014
35081646800044
35081800100017
35084841200028
35084907100021
35085159800036
35086841000050
35087735300069
35088493800027
35090057700015
35090593100027
35091862900048
35092893300018
35093960900086
35094336100047
35095116600023
35096598400049
35097609800060
35098346600011
35099229300018
35100048400011
35100919600020
35101982300118
35103087900032
35104113200033
35104453200015
35104515800018
35104803800019
35106880400068
35107058600018
35108215100017
35108327400032
35109100400033
35109457800017
35110829500020
35111841900024
35113372300020
35115617900019
35116511300017
35116720000010
35117706800027
35118947700026
35119716500175
35120791500023
35122210400017
35122255900012
35122894500033
35123083400076
35123150100047
35123720100014
35127880900014
35130717800043
35130852300049
35131495000020
35133052700034
35133524500103
35134239900018
35134311600072
35135134100034
35135987200048
35138598400031
35141201000024
35141501300025
35142187000038
35143336200024
35143695100013
35143823900979
35144208205190
35145662900010
35146956400014
35148732700055
35151429400013
35151867500027
35152122400011
35152479800011
35153019100029
35154736900048
35156468700025
35158205100014
35158702700019
35160593600035
35161009200063
35161075300011
35161398900018
35161976200039
35163913300021
35164527000015
35166267100020
35166853800017
35166894200011
35167010400022
35167471800017
35167981600014
35168985600018
35169382500017
35171353200338
35175486600025
35175912100012
35176446900026
35176488100055
35176781900011
35176785000016
35176788400056
35176913800063
35178061400019
35178945800012
35179876400392
35181269801491
35181847100010
35183740601383
35183740601433
35184423800029
35188271700017
35188918300072
35189157700014
35189240100016
35190616900104
35191582200040
35194901100016
35194956500011
35196325100027
35198250900041
35198975100018
35200277800012
35201335300011
35202126500025
35202439200016
35205637800016
35206716900040
35206992600017
35207683000053
35209155700012
35210033300033
35210153900075
35211913500031
35212206300030
35212752600015
35213970300057
35214531200026
35215130200010
35217347000084
35219022700053
35221281500034
35221704600049
35222283000015
35223528700013
35224355400024
35224441200040
35224711800016
35225337100012
35225793500010
35227283500062
35228297400026
35229010000010
35229100900020
35231312600026
35231672300043
35233473400030
35233824800029
35234644900015
35236976300045
35237469800012
35237486200022
35237903600077
35238021600015
35238039800011
35238341800014
35238376400011
35238596700026
35239300300012
35240018800012
35240650800015
35241048400047
35241369400030
35242317200068
35242411300046
35244970600014
35245107400046
35245812900017
35247461300044
35248053700021
35248334100447
35248334104308
35248915700037
35249403300025
35249742400098
35250546500018
35251210700017
35252758400010
35253942300025
35254703800013
35256453800028
35260470600015
35260830100011
35261878900015
35262157700043
35262414200332
35263369700029
35264732500047
35266363700028
35266458500069
35267382600025
35269571200021
35269929200012
35271396000016
35271516300015
35271945400014
35272742400041
35273815700010
35274220900021
35274574900700
35275230700020
35275250500086
35275615900021
35276117500012
35276670300016
35276861800055
35278930900015
35278997800017
35280012200025
35283029300010
35283300800019
35283892400020
35284321300013
35285225500012
35286609900042
35287287300026
35287365700139
35288430800011
35288719400046
35288932300031
35288944800010
35289468700024
35289631000021
35291395800018
35291475800011
35291924500014
35292296700018
35292549900043
35292861800011
35294778200020
35295244400029
35296302900017
35297567600011
35298846300035
35298884400028
35299106100032
35300015100038
35300654700015
35305078400035
35305186500015
35306780400099
35307094900014
35310092800046
35311543900013
35313102200041
35313150100036
35313258200019
35315914800017
35316231600015
35318103500059
35318274400014
35319505000052
35322048600016
35322230000017
35322368800014
35323407300032
35323852000475
35323852000624
35323897500018
35324359500017
35324505300015
35326459100036
35328160300038
35329348300031
35329798900025
35333486500022
35334037500024
35334426000016
35334457500017
35334667900015
35334973100037
35335115800012
35335594400011
35336048000027
35337920900037
35339145100021
35339151900025
35339600500046
35343505000052
35346105600023
35347977700057
35348629300015
35349292900016
35349747200095
35350574600027
35351067000014
35351106600030
35351409400021
35352193300039
35352489500045
35354426500021
35355881000027
35357547500036
35358189500011
35359375900064
35359651300013
35359824600018
35361310200030
35361362300019
35361849900043
35361860600027
35362342400010
35362682300010
35363700200042
35364931200041
35365396700045
35366423800014
35366710800032
35368698300019
35368745200022
35369209800018
35370408300040
35373289400012
35374385900079
35376471500010
35376966400072
35378192500139
35378392100136
35379319300023
35380616900036
35381648100025
35382102800241
35383272800037
35383742000069
35384452500025
35385761800022
35388324200011
35390406300016
35390700900016
35391435100013
35391826100010
35393261900029
35393437500018
35394288100031
35395978600016
35396127900083
35398055000068
35398263000082
35398810800018
35400812000058
35401772500046
35402099200039
35403691500016
35404596500036
35406470100015
35407088000027
35408574800011
35600000001302
35600000001398
35600000002527
35600000013601
35600000014943
35600000018331
35600000020153
35600000022511
35600000025770
35600000027232
35600000027755
35600000030738
35600000036110
35600000036881
35600000039478
35600000042465
35600000044229
35600000048766
35600000050123
35600000050623
35600000051212
35600000063827
35600000065564
35600000066829
35600000067201
35600000071193
36370522900021
36850081500833
36920001900031
37070362100026
37380220600012
37588104200028
37681040400024
37748916600019
37749267300019
37749514800050
37750016000041
37752934200018
37753329401914
37755257500021
37755764000077
37756913200022
37757685500037
37759306600014
37759673900013
37761090200365
37761143900045
37761224700033
37762370700017
37763400100012
37764615300025
37764920700026
37766156600010
37767090600017
37767391800126
37767391801835
37768344600019
37770062000109
37770986000011
37771081900022
37774694600013
37776179600012
37776962500023
37778928400017
37779111600017
37780524700030
37781076700030
37781436300059
37781712700022
37783382700019
37783966701961
37784892400017
37786130700074
37787293200175
37788347500016
37790203600021
37790728200026
37791706700490
37792169700027
37792421200022
37793212400045
37795608100014
37795974700017
37796179200084
37796256800053
37798119600019
37802355000023
37803019100019
37804049700117
37804750001895
37804750002612
37805331800077
37805897800057
37806026300043
37806275600325
37808409900027
37810205700023
37810933400029
37813854900027
37816009700010
37816259800015
37816379400035
37817010400061
37817127600017
37817289400016
37818552400022
37820180000299
37820248500017
37820548800018
37821425800014
37824269700019
37824795100015
37825906300014
37827018500028
37827054000099
37827248800024
37827749500024
37827782600012
37828849200010
37830068500021
37830178200017
37830317600036
37831567500017
37832964300043
37833851100017
37835627300029
37836234700015
37836504300017
37836916900016
37836984700025
37837131400022
37837441700038
37839405000017
37839882000027
37840429700012
37840913000010
37841080700036
37841200100059
37841299300016
37842993000035
37843951700020
37844175200029
37844414500015
37845005000018
37846627000055
37847574300027
37847897800034
37849516200042
37853236000021
37855605400054
37856139300026
37857651600017
37858185400023
37858694500016
37860541400044
37860614900029
37860765900018
37860783200011
37861673400018
37862154400063
37862228600011
37863563500014
37864612900031
37864684800028
37864904000144
37865190500010
37865567400026
37867376800016
37867718100018
37868854300057
37869579500047
37870267400243
37870267400714
37870709500022
37871188100045
37871978500065
37872840600018
37872901600030
37873058400018
37873712600037
37873763900039
37874636600020
37874740600023
37874796800014
37875226500025
37875387500038
37875683700027
37876428600019
37878603200011
37882956800047
37883024400018
37883434500019
37884125800015
37885362600026
37887058800043
37888879600109
37889252500015
37890621800045
37891213300048
37891959100024
37894433400028
37898144300013
37898994100026
37899032900013
37900000300036
37900815400021
37906181500013
37906655800030
37906695400056
37907005500015
37907659900024
37908256300014
37909073100017
37909238000011
37910009200095
37912286400018
37912418300029
37912720200040
37913295400015
37914107000027
37914422300037
37914498300010
37915429700038
37916098900024
37919116600014
37920451400036
37920621200027
37921110500018
37921619500030
37921833200011
37922900800014
37924247200015
37925578900024
37926222300033
37928234600012
37928520800029
37932135900026
37932382700053
37932464300012
37932530100016
37933231500033
37933392500020
37934276900013
37935019200025
37935824500015
37937074500026
37937369900014
37937427500020
37937827600016
37940415500028
37940548300015
37941935100018
37942448400010
37942868300138
37943882300039
37944315300018
37944946500028
37945523100116
37945784900014
37947721900073
37948740800039
37949896700031
37950873200045
37954077600026
37954080000032
37954302800037
37954747400021
37958522700018
37958790004689
37958790006361
37958889000028
37960197400213
37960603100027
37960750000012
37962930600034
37963051000012
37964304200029
37964608600015
37965179700027
37965759600019
37966059000017
37966240600014
37966866800013
37967058100022
37967796600010
37971558400023
37972113700014
37972570800026
37972955100026
37973027800015
37974546600167
37975228000055
37976017600121
37976687600013
37976787400033
37978416800013
37978431700024
37978518100015
37978764100032
37981415500014
37982037600018
37983343700039
37983490600495
37985195900013
37985806100029
37985883000035
37987744200010
37988047900017
37988498400012
37989723400041
37990675301237
37990675302557
37991295900036
37991449200010
37991692700021
37994102400018
37995393800030
37995768100024
37997672300120
37999195300025
38000807800012
38001550300010
38002432300020
38002991800071
38005463500012
38005680400020
38007135700012
38007625700027
38007900400020
38008039000012
38009361700013
38010190700018
38010547800024
38012397600025
38012986617851
38012986625557
38012986629484
38012986642131
38012986647833
38013806500046
38014971600017
38017502600059
38019580000012
38020934600010
38020996500058
38021111000016
38022985600022
38023450000011
38023486400011
38023709900037
38025823600013
38028668200022
38029092400014
38029405800025
38029953700023
38030131700034
38030575500031
38030804900010
38031098700074
38031379100028
38032354300021
38033281700028
38033966300011
38034557900011
38036870400025
38036890200033
38038043600010
38038117800017
38038848800013
38039046800086
38039222500021
38039594700043
38041356700021
38041461500019
38043711100020
38043791300011
38044349900013
38045065000029
38046023800013
38046417200010
38050333400027
38050435700027
38051211100010
38054440300013
38055237200019
38056163900044
38057736100013
38060206000093
38060582400016
38060949500029
38061879300018
38062233205455
38062233206974
38062613500012
38064051600015
38064899800017
38065826000043
38065827800029
38066083700028
38066601600015
38066694100014
38066957200014
38069051100262
38070244900014
38070439500017
38070447800011
38074781600011
38075128900014
38075321000026
38075994400016
38080197700014
38081501900027
38081649600018
38083969600016
38084899400014
38085141000015
38085781300022
38086036100027
38087124400055
38087661500010
38089096200042
38089110100038
38089464200020
38089571400059
38089743900010
38090801200038
38091912600017
38092500800019
38092669100011
38093817500029
38094608700018
38094943800077
38095570800017
38099627200023
38099655300034
38099981300021
38100547900013
38100727700027
38101354900013
38101578300016
38101955300019
38104368601387
38104368601593
38104368602245
38105522700015
38105891600028
38106760200031
38108891300029
38109193300147
38109811000012
38111855300035
38112514500015
38112720800035
38112889100086
38112902200012
38113977300026
38114973100014
38115334500016
38116306200023
38117450700024
38118847300023
38119603900014
38120228200061
38120590500023
38120709100012
38120802400012
38122911100012
38123372500021
38123523300040
38124012600015
38124684200011
38125872200028
38126461300013
38126820000023
38129231701080
38130085400068
38131556300019
38131557100012
38131793200014
38133856500017
38135603900010
38135756500021
38136170800021
38136358900031
38137025300027
38137694600012
38138126800014
38138282900012
38139247100029
38140544800022
38142356500013
38144929700013
38145504700013
38148139900016
38150106300014
38150324200012
38151259900014
38153361100053
38154529200033
38154823900023
38155906100027
38156184400626
38156988800013
38158215400013
38160587200088
38161549100010
38161766100032
38161787700026
38161847900012
38162133300032
38162133300040
38162586200010
38163335300036
38163629900012
38163704000050
38163756000016
38164756900015
38164771800018
38165223900033
38166930800045
38167946300012
38168028900646
38168417400018
38169620200021
38171382500036
38171395700011
38172355000020
38173403700033
38173489600016
38174548800019
38176125300016
38176212900017
38176354900023
38178864500020
38179327200018
38182255000020
38183757400015
38184228500029
38185819000196
38186392700400
38186392701093
38187977400028
38188070700017
38188255400029
38188388300013
38188890800054
38188916100018
38189403900035
38190650200012
38192035400010
38192845600064
38192924900013
38192957900013
38195577200029
38196049100367
38197171200041
38198348500024
38198483000020
38198897100010
38198988800023
38199733700013
