34484345300012
34484871800013
34487780800032
34487875600024
34488007500025
34492563100022
34493408800040
34493589500021
34493735400027
34496623900016
34497058700012
34497428200016
34497756600027
34498300200025
34498377000027
34498951200050
34501297500024
34502669400058
34504454900011
34505359900048
34505488600022
34505890300039
34508617701059
34508617707536
34508617707759
34508855300028
34510780900021
34511510900018
34512296400025
34513048807053
34513048825493
34513048828158
34513389600018
34515017100014
34515199700037
34515261500034
34516273900022
34516658100016
34517753900029
34517963400018
34519732100010
34519880800015
34522029700013
34522103000017
34523334000032
34523503000037
34526104400027
34526555700016
34526875900023
34528233900026
34530487700037
34530497600037
34530666600016
34532517900017
34533506100023
34533938600053
34534679500023
34536947400019
34537562000035
34538348300020
34539870500011
34540675500016
34605002400097
34738240000013
34738457002975
34742687600053
34749389200025
34749592100038
34749696000035
34750780800066
34753358000028
34753804303190
34754962800035
34755824900020
34759910200014
34760554500024
34764671300011
34765512800010
34766163900034
34766245400227
34767422800023
34767708000025
34768765900016
34768877200040
34769585000011
34769985200039
34770518800022
34772987300021
34773243000058
34777569400016
34778036300060
34778049600019
34778331800053
34778453000011
34779896900049
34780197900019
34780290200010
34782287600012
34782698400010
34785814400012
34788710100033
34789096400088
34790340300033
34791655300014
34792671901231
34795028900012
34795113900034
34800194200021
34805551800024
34805816500336
34807716500036
34808117500070
34809268500018
34809772600031
34811908200017
34813509600017
34813721700025
34814036900037
34814328000025
34815313100019
34816401300016
34816442700026
34817191900056
34817520900025
34817955700015
34818263500014
34818984600010
34821460200057
34822719000025
34823371900015
34823548200026
34828177500018
34828226000010
34828844000020
34829109700023
34829471100018
34830190400044
34830358700078
34830895800027
34830940200025
34831334700018
34832012800021
34832095300055
34832186000028
34832191000013
34833825200029
34833982100053
34834176900027
34835640300017
34836305200047
34837054500025
34838655800038
34839315800038
34839555900043
34841455800042
34843230300017
34844938000016
34846196300012
34847096400027
34848181300015
34848424700013
34848761200015
34850455600021
34851675800011
34851745900023
34854340600014
34854915500011
34855412200013
34855929500046
34856122600013
34856532600017
34856659700020
34857178700020
34857194400019
34857524200022
34857631500017
34862285300011
34862301800028
34862788600032
34863025200032
34863079900032
34863811500033
34864173900019
34867416904128
34867416905356
34867416905745
34867416906529
34869333400040
34869494400011
34869894500014
34870583100058
34871379300027
34871470000021
34873177900016
34874166100014
34874387300039
34874447500016
34875392200064
34876430900046
34876683300019
34877537000011
34878196400013
34880145700014
34880622500069
34881302300044
34881900400014
34883178500012
34883208000025
34883296500076
34883694100024
34884120600025
34884295600115
34884846600010
34885089200012
34885484500016
34885794700025
34887191400027
34887847100062
34888506200029
34889464300066
34889890900042
34890447500012
34892019000033
34892838300010
34893377100019
34893871300016
34893994300042
34895220100039
34895485000023
34896455200015
34898285100035
34898291900014
34899009400024
34899641400028
34899746100101
34899862600017
34899932700029
34902170900010
34903753100069
34904685400015
34904740700011
34904846200015
34906837900065
34908794000020
34910453900011
34912425500028
34912600300012
34913871900019
34915900400010
34916059800018
34918548800088
34918572800038
34918986000019
34919285600012
34922122600021
34922299200043
34922910400014
34923045800037
34923592900032
34926437400035
34927807700038
34928139400040
34930507800025
34930902100013
34933403700026
34936702900049
34937092400046
34937929700014
34937954500040
34938297800048
34939110200028
34940746000022
34940938300032
34941476300038
34942829200040
34944298800011
34944768000035
34946977500036
34948492300017
34951119600033
34951583300078
34952175700014
34952595600018
34953052700028
34954543400012
34956649700070
34957486300016
34957769200024
34959666800013
34960223500013
34961512000020
34961862900035
34961963500015
34963045900049
34970424700015
34971890800024
34972190200345
34974414400016
34975395400024
34976171800023
34976337500624
34976455500018
34977399400018
34977932200016
34979599700015
34980774300019
34981446700016
34983653600053
34984218700040
34984827500047
34985664100114
34987389300011
34988558200032
34989473300063
34991121400055
34992654300019
34992738400025
34993352300020
34995628400047
34996087200134
34997431100012
34997493100827
34999715500016
35000482600011
35000538500017
35002555700017
35003346000014
35003961600023
35004468100012
35005882200015
35006336800038
35006619700012
35006894600028
35007276500018
35008282200023
35008429900022
35008506400011
35008709400065
35013021700085
35014961300043
35020227100069
35020651200013
35021547100029
35022535500014
35024186500012
35024532000014
35027879200014
35031073600029
35032340800012
35032488500044
35033683000012
35035276100026
35035597000012
35038328700017
35038423600039
35038655300019
35039975400109
35040285500018
35040420800018
35040471100029
35041436300019
35041868700058
35042305900038
35042442000056
35042453700016
35042702700023
35042745600016
35043314000059
35044105100017
35045309800039
35047591900014
35048215400035
35048546200039
35049257500013
35049326800048
35052253800015
35052952500031
35056571900019
35057076800027
35061316200022
35063882100016
35064842400017
35064951300016
35065021400017
35067709200016
35068833900018
35068903000053
35070344300019
35070459900017
35070646100042
35070790700043
35071570200014
35072752500015
35074576600013
35075299400045
35075312500516
35075585600027
35076289400011
35078606700016
35078874100030
35079584500030
35080515600055
35080683200019
35081058600064
35082469400011
35083004800012
35083593000016
35084124300016
35084911300013
35085310700026
35085609200019
35085622500015
35087709800011
35088421900022
35089002600353
35089498600024
35090476900030
35090743200016
35091897500029
35092703400016
35096541400013
35097229500025
35098848100015
35099557700052
35100267000013
35102873300019
35102920200048
35103276800043
35105509000010
35105647800016
35108695400028
35109288700014
35109952800025
35110267800015
35110628100014
35111631400011
35112220500054
35112451600011
35113467100038
35114361500018
35115217800015
35116218500042
35116448802242
35116644200019
35117602900012
35118093000023
35119269500028
35119384200017
35119421200012
35120049800019
35120418500026
35123311900012
35124467800014
35125223400049
35125857900017
35128083900025
35128714900014
35132213600018
35135446900014
35136007800031
35136110000024
35136217300012
35137326100012
35137786600014
35137798100011
35138428400037
35139573600025
35140062700060
35140847100081
35141369500096
35143298400018
35143823900417
35143823900540
35144208205638
35144208206628
35145147100038
35145532400019
35145951600032
35146062100011
35146702200049
35150151500016
35152226300026
35155299700014
35155477900014
35157847100028
35158542700054
35160099400013
35160793200016
35162256800019
35162327700032
35162571000063
35163642800010
35163820000011
35165885100024
35167034400016
35167056700038
35167367800014
35168512800016
35168717300010
35169460900022
35169476500014
35169498900036
35171187400039
35171353200734
35171601400011
35172356400016
35173112000041
35174684700034
35174726600036
35174830600021
35175245600035
35175675400013
35175742200032
35176573000020
35176859300011
35179545500010
35179613100016
35180068500064
35180218600020
35180218600186
35182562500012
35184097000138
35185248800037
35185535800013
35185703200038
35185710700012
35186839300015
35187401100015
35187664400011
35187836800015
35187992900013
35188248500037
35188861500017
35190918900018
35190999900036
35191980800037
35192692800034
35197079300011
35197397900013
35200271100013
35200376800012
35201581200030
35202126500017
35203280900019
35203361700023
35203764200035
35204741900028
35204829200028
35205395300019
35207214400012
35208207700012
35210436800019
35211993700071
35212992800011
35214712800024
35216068300020
35216313300023
35216539300013
35218375000020
35219300701286
35220123000013
35220256800049
35220865600038
35221110600013
35221287200027
35221687300831
35221687301490
35221687302845
35222031300063
35222263200015
35223066800019
35223754900030
35224158200118
35224236600016
35225097100012
35225986500017
35227003700018
35229300500018
35229660200027
35230343200020
35230380400012
35230810000010
35231406600023
35231737400051
35232129300032
35232480000049
35232572400016
35232972600017
35233368600199
35234048300028
35234941900015
35235387400014
35235480700021
35236723900618
35238537100039
35238857300011
35240393500047
35240580700012
35240848800018
35240985800011
35242797500029
35244263600028
35244665200021
35244801300057
35245494600133
35245653700021
35247686500014
35247897800021
35248724300011
35249753100017
35250184500015
35250290000025
35250641400015
35251002800017
35254756600013
35254877000010
35255290500015
35255984300011
35258482500025
35258785100036
35259774400015
35260161100010
35260166000041
35260654500049
35261138800013
35265468500010
35266076500012
35266623400039
35267237200013
35267554000012
35268042500019
35268480700014
35268829500018
35268855000024
35268994700013
35270851500023
35271114700129
35271873800011
35272663200016
35272791100013
35276119100019
35276455900014
35278652900052
35281792800018
35282406400062
35282701800024
35283215800039
35283308100057
35283622500032
35283625800017
35283716500013
35286063902617
35286063902815
35286063903565
35286284100025
35288821800026
35289982700013
35290160700015
35291071500015
35291247100013
35292319700011
35292953300045
35293780900031
35294648700035
35295423400014
35296828300049
35297027100024
35297110500015
35298936200012
35300742000022
35301249500019
35301268500031
35301486300016
35303043000014
35303160200025
35303440800016
35304251800020
35304444900026
35305117000010
35306474400025
35308905500027
35309176200024
35309431100019
35315308300012
35315647400036
35315932000038
35317587000057
35318062300020
35319525800036
35320612100017
35320724400024
35322257300019
35323226700024
35323436200013
35324099700018
35325199400011
35325311500011
35327005100017
35327690000035
35328899600054
35329771600014
35333780100073
35333897300020
35335502700015
35337350900010
35337424200017
35338055300019
35338079300219
35341370100015
35341616700016
35343699100056
35344046400629
35344046401197
35344340100016
35345800300012
35347466100025
35347620300024
35347838100059
35347851400014
35349735700015
35349747200079
35349747200194
35349844700013
35350397200039
35351910100011
35353986900019
35354136000023
35354589000496
35355397700029
35356490900029
35358178800018
35359340300010
35361248400041
35361291400013
35361946300014
35364347100017
35366795900020
35366941900551
35366941901138
35366941902276
35367256100043
35370050300041
35370793800018
35370855500027
35371390200016
35371421500038
35371881000016
35373252200050
35374378400012
35375186000027
35376095200039
35376290900011
35376352700028
35376494700019
35377437500045
35377856600029
35378811000024
35379227800015
35380585600047
35380620100011
35384081200021
35384277600026
35385610700019
35386072900030
35386790600011
35387523000024
35387651900037
35388224400018
35388835700038
35390007900032
35393186800064
35394176800015
35396081800022
35399808100023
35402222000017
35405076700087
35406236600027
35406658100035
35407787700018
35408921100016
35409344500014
35580145700035
35600000002919
35600000004868
35600000006438
35600000012279
35600000014871
35600000023641
35600000024082
35600000025315
35600000029000
35600000029019
35600000031228
35600000031831
35600000033389
35600000036025
35600000037493
35600000037501
35600000041010
35600000048491
35600000048671
35600000050466
35600000050736
35600000051398
35600000053927
35600000054098
35600000060514
35600000061725
35600000061928
35600000062549
35600000065415
35600000069132
35600000070180
35600000072142
35600000072421
35880016700092
36070970300019
36080026200022
36610240800015
36750091500049
36850008800027
37565020700018
37634149100011
37661154700013
37692023700017
37695018400063
37752684300018
37753329402623
37753748500015
37754205500050
37757009800014
37758822300018
37759222500058
37759729900025
37761543000016
37761643800018
37762482000017
37762715300010
37763362300014
37763411800014
37765871100017
37767391801298
37767454400012
37769891500016
37770591800011
37771465401423
37773087400171
37773120300024
37773140100016
37773294600019
37773520400010
37773591500029
37773910700029
37775736400015
37776711600066
37778476400013
37779447400033
37780017200043
37780435600014
37783721600011
37784211700030
37784427900036
37785156300017
37785438500061
37787600800030
37787919200013
37788551200030
37789354000015
37789357300032
37789932300069
37791594700016
37793915200049
37793960800057
37794871600016
37795959800022
37796603100017
37796911800035
37797013200041
37797270800012
37798376200065
37798376200073
37808767000014
37809076500017
37810135600012
37810961500013
37812847400350
37813042100027
37813220300035
37813611300040
37813745900012
37814329100011
37815089000036
37815842200337
37816206900033
37816254900034
37817000500011
37817788500019
37817903000069
37817922000017
37820073700013
37820345900011
37820748400015
37821607100019
37822147700011
37826006100015
37826166300017
37829548900017
37830015600023
37832765400018
37833614300854
37835345200030
37836057200036
37837055500013
37838074500018
37839767300047
37839858000019
37839952100012
37841785100037
37842991400047
37843030000012
37843053200028
37843134000017
37843341100196
37843415300011
37843887300044
37844730400023
37845326000010
37845515800014
37845701400041
37845883000031
37848499200029
37850143100035
37850525900010
37850812100019
37851181000012
37851761900029
37853565200028
37855481000010
37856672300037
37858254800020
37858353800038
37858568100018
37861070300639
37861724500469
37862889500013
37862906700018
37863472900016
37863848000020
37863898500036
37865767000022
37866999800015
37867053300025
37867874200016
37868184500020
37869086100018
37869615700015
37869793200010
37870267400151
37870810100035
37871258200022
37871281400011
