34483535000010
34484069900021
34484121800011
34484374300438
34485143100025
34485347800016
34485408800012
34489587500047
34492753800027
34495649500073
34496195800016
34498631000029
34500278600019
34500387500043
34500602701301
34502127300031
34503470600027
34503941600788
34504191700252
34504687400052
34506635100015
34508617706710
34511411000025
34511476300054
34513048805362
34513048809034
34513048810172
34513048812160
34513048812483
34513048819272
34513048827507
34513048830071
34514015600034
34516563300032
34516740700021
34520851600020
34524802500024
34524999900011
34526030100022
34529178500037
34529272600014
34529554700045
34529615600044
34529720400017
34529744400019
34531585700028
34535244700014
34537474800027
34537513300054
34537799800025
34538159400026
34538683300015
34540415600563
34588013200013
34697038700038
34738469500016
34741683600018
34742170300039
34744000000029
34744058800049
34745168400018
34745242700011
34747039500018
34747355500014
34749909700017
34750328600028
34751707000012
34753115400024
34753135200016
34753804301426
34753914000017
34754108800030
34754127800011
34756178900046
34757519300011
34757975700027
34758223100531
34759230500028
34759819500274
34761647600029
34762131000049
34763064200036
34763824900065
34763909800016
34763924700027
34764819800054
34765205900010
34765684500034
34766130800028
34770809100025
34772170600021
34773133300014
34773741300018
34774014400014
34775443400020
34775863300023
34776054800029
34777939900018
34778295500012
34780545900042
