34482310900014
34483497300028
34483685300012
34484662100011
34485115900014
34485198500053
34487152000013
34487782400039
34487782400047
34489451400019
34489457100027
34489584200013
34489699800053
34490905600014
34491901400037
34492091300094
34492175400091
34492788400025
34493367600019
34493955800039
34494822900010
34497403500059
34498162600015
34499139300044
34500074900019
34500446900010
34500491500020
34500950000025
34501141500022
34502681900036
34503730300095
34505736800044
34505888700075
34506821700032
34507899200079
34508222600027
34508861100024
34509505300038
34509605100023
34510394900037
34510826000018
34513048800421
34513048811410
34513048815155
34513048822193
34514180800039
34515385200016
34517901400013
34519059900018
34519180300013
34520181800019
34521715200023
34523032000011
34524775300014
34525011200017
34526218200149
34526629000021
34528183600022
34531399300023
34531519600013
34532644100010
34534494900028
34534889000038
34536059800030
34536552200027
34537893900036
34537962200011
34538153700017
34538168500089
34538702100073
34539595800019
34738457001795
34739256500029
34740885800012
34742767600015
34742945800024
34743920000044
34744218800012
34746940500117
34747092400015
34748888400029
34749688700097
34751951400017
34753804300360
34753859700027
34754079100022
34754772100048
34755227500021
34757722300030
34758223100770
34759816100029
34759847600013
34761233500013
34762183100176
34763209300014
34763239000030
34764332200022
34765338800020
34766269400061
34766580400014
34767413700026
34768627100037
34769550400030
34770441300017
34772517800037
34774122500044
34774400500021
34774489800011
34775891400068
34776025800025
34776471400023
34778273200015
34779321800012
34780930300022
34785180000040
34787759900030
34788016300014
34788922200092
34789971800022
34791247900024
34792189200019
34792376500023
34792671901587
34795444800010
34797754800028
34798959200089
34799251300031
34802222900051
34802894500023
34803244200017
34804207800017
34804367000010
34806742200017
34807225700010
34808983000023
34809174500011
34809958100012
34811178200010
34811976900027
34813466900012
34816670300036
34819462200018
34819482000075
34819738500019
34821661500016
34822094800759
34822110200034
34822568100025
34823265300041
34824761000028
34827568600031
34831098800020
34831151500046
34831361000027
34832914500018
34833205700010
34833438400016
34834270000039
34834428400032
34834654500018
34839287900055
34841212300054
34842829300032
34843304600011
34843943100035
34846516200017
34846681400020
34848858600010
34850679100048
34851158500013
34851439900024
34851766500041
34852408300022
34853196300059
34853436300026
34856111900028
34857645500011
34857962400027
34858108300014
34858502700033
34859088600027
34860396000017
34860596500014
34862369500015
34862830600022
34863484100012
34865482300031
34865570500021
34865812100028
34867416902197
34868568600019
34868643700024
34869727700047
34869807700016
34870173100021
34873074800012
34873677800021
34875250200073
34875856600015
34876744300032
34878079200019
34879560000017
34879908100024
34880863500018
34881401300028
34882323800053
34883456500031
34885179100015
34885596600019
34885790500023
34887030400014
34888366100020
34888999900010
34891359100023
34893295500043
34894562700035
34894709400028
34896985800029
34897088000012
34897873500010
34898229900011
34899155500163
34901079300041
34901079300058
34902479400035
34903921400037
34904761300048
34904901500010
34905601000029
