34481985900028
34482479200065
34482742300015
34483197900010
34483734900036
34485023500013
34487651100017
34488950600012
34489184100035
34491702600041
34491789300010
34498422400024
34499274800022
34499448800015
34499801800032
34500806400031
34503441700047
34504359000016
34506313500023
34508617703428
34508617704343
34508617705803
34508617706934
34508648200030
34509078100047
34509355300047
34509465000024
34510588600013
34511611500097
34513048809406
34513048809794
34513048822805
34513048825634
34513048828265
34513048828950
34513048829701
34513048830121
34513048830725
34515469400516
34515469400607
34515966900034
34516984100037
34517856000016
34518286900015
34518391700011
34519467400023
34520957100057
34522343200021
34523219300093
34523611100042
34527700800016
34527837800020
34528532400074
34528582900015
34529435900020
34530656700016
34532852000043
34533824800015
34534690200025
34534814800023
34535533300062
34535540800013
34536975500029
34537885500018
34738719300019
34739836400054
34743523200033
34744192500042
34744396200019
34745980200034
34745987700101
34746974400010
34750839200011
34751287300014
34752386200014
34755303400062
34755350500012
34756323100013
34757094700015
34758363500029
34758577000022
34759790800016
34760017300020
34760885300011
34763962700046
34764481700020
34765802300010
34767426900043
34769920900032
34769980300032
34771997300013
34772344700012
34772353800026
34773078000041
34773368500015
34773375000017
34773594600068
34773606800078
34775647000030
34776416900012
34778007400014
34779488500017
34781148100022
34782645500029
34783531600030
34787921500031
34788278900048
34789084000049
34789084000064
34789299400018
34790178700023
34791160400010
34793386300016
34795881100031
34796608700012
34798675400021
34798833900029
34800333600040
34801549600030
34804081700010
34804146800029
34806035100015
34808609100033
34809071300028
34809768400057
34812732500010
34814647300031
34815588800012
34820708500013
34822736400067
34823039200014
34823846000037
34824524200022
34824761000010
34826740200025
34828235100041
34829090900012
34830128400058
34830410600167
34831347900019
34833163800018
34834393000031
34834874900022
34836205400010
34836634500299
34836634500513
34838023900015
34838699600022
34839433900017
34841601700013
34841716300022
34843080200036
34844175900027
34845026300028
34850176800017
34852010700049
34852468700020
34853242500017
34853913100022
34854091500017
34855889100019
34856111900036
34856553200044
34857682800019
34858331100033
34859038100011
34860715100019
34860800100015
34862432100058
34863143300011
34864902100022
34865313000016
34866071300036
34867416901314
34868025700030
34869775600032
34870238200014
34870276200033
34871299300032
34871973300019
34873434400016
34873575400049
34874791600016
34877868900011
34879219300040
34879960200019
34880860100028
34881244700012
34882384000023
34882509200011
34882695900119
34883696600013
34884050500021
34884349100013
34884396200013
34885403500014
34887074200015
34887198900060
34888331500148
34889511100014
34889788500011
34890260200013
34891319500031
34892253500037
34893383900014
34893977800034
34894731800013
34895646700016
34896137600020
34896183000018
34896248100027
34897816400021
34898442800014
34898605000014
34899017700019
34899437700011
34900611400038
34901230200015
34903201100018
34903539400015
34904455200017
34906353700014
34907414600045
34908508400052
34914297600027
34915939200019
34917228800012
34917520800025
34918107300017
34918822700061
34918863100015
34919051200039
34919241900019
34919915800016
34920370300047
34920473500030
34921124300010
34922717300037
34923140700017
34924429300024
34924893000084
34925032400028
34925224700052
34925391400023
34925543000010
34925805300033
34927680800020
34928112100021
34928339000012
34928891000012
34929608700027
34929665700043
34931425200025
34931497100020
34931555600010
34931726300011
34932167900012
34932606600025
34933076100017
34934904300027
34936344000034
34937596400013
34937720000010
34937768900022
34939142500015
34940671000039
34942214700018
34943826700016
34944265700038
34945157500014
34945526100058
34946810800031
34949656200035
34949862600010
34950767300151
34951937100034
34951965200078
34955579700019
34955893200035
34958222100041
34958854100038
34959527200023
34964713100045
34966006800033
34966846700062
34969437200039
34971652200041
34971729800021
34971747000018
34972190200170
34973107500017
34974451600031
34974563800032
34975661900012
34976254200034
34976520600066
34977954600036
34978235900039
34981520900045
34982453200049
34982568700016
34982627100026
34984250000010
34984467000035
34984474600116
34986715000014
34987369500010
34988813100159
34989515100018
34989658900026
34989784300034
34989926000047
34991408500031
34991942300013
34992184100103
34992236900013
34992465400016
34994070000017
34995755500015
34997289300029
34997739700018
34998635600013
34999494700019
35000784500034
35000865200066
35002029300014
35002139000025
35004220600010
35004511800022
35005127200010
35005504200013
35006422600060
35006588400024
