34482280400011
34483276100037
34484242200018
34485723000066
34485903800012
34486338600035
34487829300036
34489761600134
34490088100014
34490705000019
34492637300012
34494323800016
34494947400037
34495559600038
34495808700050
34496716100045
34499434800029
34502098600070
34503516600023
34503565300020
34503706300020
34505421700012
34506417400013
34507161700020
34508145900439
34508617705985
34508617706967
34508617707130
34508617707841
34508617707866
34508837100025
34509096300017
34510022600025
34510454100023
34511644600013
34511886300033
34512322800057
34513048805321
34513048805586
34513048808374
34513048810727
34513048819421
34513051202150
34513744200017
34513821800028
34514107100018
34514177400025
34514623700044
34515469400524
34515469400599
34519526700058
34521316900013
34521895200025
34523030400015
34524184800026
34524902300028
34526048300036
34526073100020
34529466400031
34532047700028
34532665600039
34533745500017
34534431100013
34537666900031
34537895400027
34538515700028
34539340900049
34540504700019
34575041800039
34738328300012
34738457000839
34738765600023
34740570600065
34745378900013
34746118800067
34747001500038
34747395100015
34749988100014
34750705500023
34751362400010
34751373100021
34753671600017
34757774400076
34758223100424
34760495100033
34761206100023
34761860500021
34762771300014
34764697800036
34767670200017
34767907800019
34768532300011
34770107000034
34770273000016
34770386000028
34770655800017
34772977400021
34773687800013
34775708000028
34776059700042
34776280900023
34776992900089
34778112200010
34779797900031
34780429600015
34781043400030
34781295000033
34781827000014
34783721300011
34785671800015
34786789700022
34786961200031
34787897700045
34788618600027
34790342900053
34790478100049
34791794000012
34791839300054
34792671900241
34792671902726
34792728700016
34793354100018
34796344900058
34799473300025
34801994400019
34802535400013
34804434800640
34805295200044
34807210900021
34810327600021
34810624600070
34815119200047
34815320600019
34817392300031
34818221300036
34819517300029
34820771300036
34820771300556
34821780300025
34822489000023
34825041600016
34825235400017
34826615600036
34826930900038
34827943100012
34828159300015
34830665500039
34831530000015
34834069600015
34834889700086
34835436600075
34835568600075
34838102100016
34838672300061
34838915600012
34839779500033
34840903800018
34841918500023
34842691700038
34845564300018
34846381100029
34847352100014
34847423000029
34849844500041
34850414300010
34850623900030
34853070000015
34854183000033
34859017500017
34860213700021
34864297600016
34865715600017
34866708000017
34866726200011
34867167800012
34868229500053
34870307500013
34870961900020
34871020300038
34871840400018
34872305700058
34872608400018
34873365000017
34873738800010
34875089400027
34876200600222
34876652800023
34878986800075
34879381100012
34883596800044
34884033100014
34885059500011
34887165800012
34890547200018
34891834300180
34893339100016
34894025500212
34894280600012
34894315000063
34894368900011
34896228300019
34896770400019
34897209200012
34898847800049
34898915300013
34900351700035
34902193100028
34903642600030
34904771200105
34905149000036
34907630700108
34909921800019
34909981200019
34913524400011
34914900500036
34915075500024
34915569700056
34916587800043
34917371600029
34918134700031
34919305200025
34921762000013
34921848700024
34922344600015
34922738900054
34922871800012
34923376700012
34923701600044
34923786700016
34923863400027
34925701400036
34925972100018
34926277400020
34927926500012
34928892800030
34930056600016
34930768600015
34930870000013
34931063100040
34931860000021
34932759300027
34934180000010
34935244300072
34936922300012
34937333200015
34938413100018
34938595500027
34939795000016
34941247800019
34941832700020
34941906900019
34942055400017
34942159400012
34942875500186
34944718500019
34945719200012
34947511100028
34947967500010
34948413900010
34948655500015
34949508500020
34950169200017
34952781200011
34953118600048
34955189500015
34960851300033
34961898300010
34961943700040
34962009600033
34962178900016
34962881800016
34962911300094
34962987300010
34963115000019
34964555600011
34964945900014
34964949100017
34965185100017
34966416900035
34969525400038
34972042500017
34972146400015
34972363500042
34972934300054
34973342800016
34976709500012
34976971100012
34977252500045
34977287100027
34977931400021
34978035300018
34981176000025
34982672700027
34983844100021
34984722800047
34984769900023
34987304200023
34987746400017
34987907200016
34990583600012
34993351500026
34994379500022
34995572400027
34995969200014
34996021100051
34996471800010
34997357800132
34999590200013
35001726500017
35002530000020
35003969900029
35004918500019
35005743600015
35006422600037
35007540400011
35007736800081
35007890300068
35010796700027
35012961500059
35013355900046
35014937300010
35015088400038
35015652700011
35015985100012
35017365400038
35018779500041
35022242800012
35022941500012
35024306900019
35025963600040
35025988300014
35027479100036
35027705900068
35028226500148
35028405500018
35029785900091
35029967300011
35030985200035
35031030600021
35032699700011
35033080900228
35033157500018
35035117700042
35035478300028
35037083900036
35037495500051
35038142200079
35038340200038
35038955700033
35040865400019
35041161700011
35041323300023
35043223300020
35046751000037
35047399700053
35047835000027
35050929500019
35052058100017
35052674500020
35053194300016
35054161100017
35054489600029
35054746900030
35055353300018
35055749200021
35055960500018
35057022200017
35057720100014
35057939700034
35058356300019
35058977600037
35060144900027
35060414600018
35061176000017
35064719400025
35064822600024
35066449600022
35066851300012
35070251000016
35070621400037
35071366500015
35071511600017
35071840900013
35074350600015
35074659000016
35074825700028
35075105300058
35075965000012
35077030100025
35077617500019
35077731400013
35077916100032
35077952600028
35078048200021
35079455800014
35080932300024
35081750800012
35083638300017
35084255500038
35084515200015
35087526600024
35087612400016
35088035700065
35089002601765
35089427500014
35089521500019
35090337300057
35091235800016
35091721700019
35092925300010
35093503700035
35094651300016
35094892300049
35096402900010
35096905100019
35097172700010
35097529800067
35098235100032
35098510700027
35098587500011
35098724400018
35099918100018
35100073200021
35100847900021
35101260400010
35102479900030
35104237900021
35104323700046
35105644500049
35106233600059
35107746600024
35109842100032
35109935300028
35111941700035
35111977100019
35113228700019
35114412600023
35115334100083
35115974400017
35116448800139
35121536300026
35121739300054
35124695400041
35125617700038
35125709200020
35126310800018
35126428800017
35126515200063
35129369100041
35129748600091
35132065000200
35136118300020
35136224900044
35136310600045
35136563000018
35138106600031
35138649500011
35139497800024
35139703900014
35141156600026
35142277900014
35142555800019
35143355200020
35144208204839
35144208207337
35144241300024
35145092900010
35145246100038
35145693400014
35146066200031
35146930900022
35149164200010
35149397800024
35151918600016
35153157900024
35153760000022
35155447200024
35156199800011
35156236800024
35156439800037
35157275500020
35158475000027
35158675500016
35161146200059
35162561100022
35162787200036
35162867200013
35163951300016
35164879500075
35165453800013
35166072500026
35166231700012
35166862900022
35167375100019
35167719000016
35169343700011
35170667600027
35171353201559
35171727700039
35174692000039
35175966700014
35176045900039
35176847800023
35179362500028
35180742500050
35181409000012
35182501300011
35185532500046
35185673700041
35185697600011
35185891500017
35185945900031
35186400400020
35187595000047
35187677600128
35189069400018
35189383900016
35189798800017
35190337200024
35191682000019
35193622400028
35194060600012
35196603100053
35196694000022
35198779700013
35198803500017
35200508600017
35201618200011
35204786400017
35205070200047
35207365400043
35207625100029
35207986700011
35208736500016
35211380700031
35211548900010
35213124700012
35213727700013
35215141900012
35215431400012
35216018800079
35216483400017
35217050000016
35217182100031
35219300700072
35219300701096
35219300701559
35219444300037
35220502500047
35222249100024
35223254000042
35224172300027
35226135800019
35226184600054
35226790000020
35228984700019
35231276300019
35232057600023
35233166400040
35236345100019
35236723900303
35239556000043
35240531000017
35241378500028
35242573000038
35242706600035
35243334600058
35243517600016
35244671000043
35247275700017
35247861400014
35250075500058
35250316300011
35251986200010
35252962200016
35254187400017
35255888600011
35255924900045
35256081700012
35257669800026
35257832200021
35258305800016
35258624200013
35259512800021
35259925200017
35261792200013
35261811000014
35263166700016
35263343200021
35263747400011
35263932200010
35265920500020
35266136700016
35267711600019
35268678600018
35268778400012
35270969500014
35271788800023
35272257300016
35273098000013
35274087200010
35274601000011
35275073100015
35275120000614
35275219000020
35277029100065
35279172700014
35280148400036
35281537700028
35282189600037
35282752100035
35282961800037
35283111900040
35284053200019
35284054000012
35286063900439
35286063901122
35286063901577
35286063902872
35289131100016
35289596500023
35291037600016
35291658900026
35295618900034
35295757500074
35296890300018
35297977700070
35299582300015
35299808200015
35300150600016
35300435100014
35301159600015
35302342700019
35302535600042
35302898800049
35303341800032
35303836700044
35304622000011
35305569200019
35307797700018
35308555800024
35308582200016
35309143200024
35310578600019
35310692500087
35312299700011
35314964400034
35315060000024
35315598900067
35316285200019
35317107700129
35317511000017
35321139400021
35321196400021
35322792900018
35323342200024
35323996500018
35326418700017
35326637200021
35327206500015
35327280000031
35327294100041
35328183500010
35328254400017
35328600800035
35329642900031
35334456700022
35334812100040
35335590200027
35335609000020
35337251900010
35338749100023
35339908200026
35340147400021
35341316400016
35341900500015
35342838600026
35343274300048
35343690000016
35344919200023
35344949900022
35345425900014
35347242600017
35348591500022
35349185500014
35349215000019
35350287500019
35350406100014
35351005000027
35351551300011
35351712100029
35352365700016
35353039700051
35353236900066
35353575000023
35355132800027
35355321700012
35355736600021
35357400700012
35358988000031
35359408800018
35359903800018
35360558700032
35362442200013
35363006400056
35363481900026
35364357000016
35364391900015
35364434700018
35365593900018
35366941900262
35366941901344
35366941902474
35368226300028
35368420200016
35369517400105
35370403400019
35371208600027
35371951100019
35372766200051
35375115900016
35375797400012
35376401200012
35377307000019
35379676600015
35379985100012
35381133400021
35382102800225
35382102801850
35382102804490
35383878200038
35386738500018
35388278000011
35388487700013
35388953800024
35389340700018
35390680300013
35392337800015
35393357500014
35396294700019
35396965200018
35400222200017
35400784100035
35401181900019
35401275900024
35405800000036
35405921400024
35406537700054
35407539200051
35407607700016
35407653100012
35408227300047
35408818900023
35409802200040
35600000001492
35600000002009
35600000004449
35600000007865
35600000008922
35600000010465
35600000014079
35600000020540
35600000022854
35600000024573
35600000024654
35600000027656
35600000029177
35600000029983
35600000031246
35600000032420
35600000032556
35600000036543
35600000037619
35600000050475
35600000052699
35600000053431
35600000054390
35600000056442
35600000066252
35600000066950
35600000068674
35600000069420
35680157101054
35680157101153
35680157103456
35850163300137
35850192200068
36780140400255
36780140400438
37677442800076
37724032000053
37748377100012
37753805300010
37753816000013
37755358100036
37755552900017
37756043800030
37757574100055
37757593100029
37757736600026
37758953600038
37760485500025
37761777400015
37763159300094
37763772300034
37766942900013
37767391800837
37767391801264
37769157100014
37769532500011
37770062000083
37772655900034
37772749000015
