34482986600047
34483258900040
34483497300010
34483547500056
34484178800021
34487085200011
34487462300020
34487890500050
34488712000048
34490691200037
34491597000018
34491896600021
34491919600016
34492000400027
34492271100017
34493905300015
34495090200017
34496007500010
34496525600045
34496733600027
34496974600033
34497759000068
34499604600019
34499903200016
34500812200011
34502648800022
34503852500035
34504627000020
34505349000024
34505463900017
34508487500037
34508617700986
34512125500011
34512396200010
34513048802005
34513048810842
34513048811907
34513048825303
34513048826418
34513048829669
34513048830469
34513066000136
34514154300016
34516743100013
34517323100019
34517920400028
34519282700029
34519527500028
34519625700017
34520674200016
34520820100037
34520903500038
34522607000018
34524312500043
34528059800011
34530440600027
34530688000526
34533312400013
34533633300017
34540107900057
34738627800035
34738869600028
34740924500037
34743288200038
34743687500012
34743939000019
34744189100012
34746118800075
34746681500045
34747473600035
34748880100049
34749626700019
34750551300023
34751314500032
34751562900017
34752178300014
34753419000058
34753804301061
34753804301855
34754973500038
34757835300018
34758285000017
34758570500028
34759568800016
34760143700010
34760156900028
34760903400033
34761100600011
34764895800010
34765260400047
34767122400017
34768803800046
34769926600032
34770290400033
34771014700013
34775674400012
34776845900047
