34482619300015
34486291700012
34486500100038
34488638700010
34489603000014
34490243200030
34491245600011
34495660200041
34497249200021
34497424100012
34498093300024
34500602701210
34501501000027
34501734700047
34504889600012
34506101400022
34506139400010
34508617702685
34508617705696
34510280000017
34512350900019
34513048807301
34513048807376
34513048807657
34513048810701
34513048812400
34513048813465
34513048819132
34513048822672
34513048823456
34513048829875
34514458800034
34515249000057
34515469400557
34515546900017
34516540100018
34516641700054
34516813200057
34516883500022
34520389700052
34520898700056
34521216100029
34523117900028
34523887700012
34524439600015
34525081500031
34526362800058
34527567100021
34527978000034
34529297300038
34529572900064
34530617900028
34530898500026
34531622800021
34531785300017
34533557400025
34535786700018
34536260200053
34537804600014
34539663400056
34540415600068
34738796100019
34739574100031
34740388300080
34741497100015
34741798200019
34742284200018
34742460800011
34742705600028
34742939100043
34745799600028
34746349900033
34747047800053
34747466000011
34748025300025
34748366100034
34751944900016
34753312700176
34753414100077
34753744100029
34753804300956
34754779600040
34755961900015
34756360300013
34757176200017
34758260300028
34759119000017
34759822900016
34763477600061
34765863500045
34766232200028
34766251200016
34766685100030
34772393400027
34774390800019
34775588600020
34776167800015
34776383100018
34776510900017
34777039800019
34777363200026
34777585000014
34779118800019
34779686400010
34779846400025
34781215800025
34781536700037
34783123200017
34783169500015
34783862500015
34783983900011
34784074600023
34784222100017
34785368100034
34785605600028
34785809400027
34786272400015
34786481100026
34788794500017
34791229700038
34793860700012
34793936500016
34793941500068
34793958900029
34795868800017
34796245800027
34796388600028
34796814100056
34798338900011
34800671900028
34801623900025
34802883800020
34803369700023
34804899200013
34805067500035
34806572300044
34807895700035
34811079200010
34812002300026
34812082500040
34812166600047
34813163200021
34816262900037
34816781800031
34822285200017
34822967500015
34826011800032
34826330200047
34827096800038
34827530600028
34827738500020
34831076400017
34831690200025
34833603300017
34834209800046
34834534900024
34836821800056
34839764700010
34840171200032
34840339500018
34840786700012
34841599300057
34843216200025
34843389700025
34845844900017
34847114500014
34848118500018
34848305800015
34848996400018
34851766500033
34855627500025
34855771100010
34856807200014
34857085400011
34857209000010
34858963100020
34861819000022
34862758900024
34863118500017
34863355300022
34863479100019
34863650700017
34864540900023
34864816300049
34868047100029
34868615500030
34869469600041
34870443800020
34871623400045
34872114300025
34876302000016
34877561000044
34877920800019
34878328300016
34878677300054
34879185600019
34880209100036
34880808000017
34881826100011
34882070500013
34882161200010
34882777500035
34882885600016
34885445600038
34886790400164
34889044300024
34889229000019
34890351900018
34891545500011
34894384600017
34894410900050
34894935500013
34894943900031
34895028800012
34895083300023
34895560000013
34895667300019
34896389300022
34901381300010
34901496900019
34903560000015
