34483618400038
34483726500026
34484754600019
34485002900028
34485181100010
34486186900016
34489274000020
34490168100017
34495978800037
34497947100010
34498799500034
34500288500027
34500411300022
34501335300205
34501812100011
34502810400015
34503425000059
34503789900019
34503974700059
34505129600027
34505222900068
34507674900026
34508034500019
34508617706330
34508872800042
34509327200028
34512058800016
34513048814265
34513048821500
34513411800016
34514034700047
34514346500028
34515294600058
34516256400016
34516683900018
34517783600011
34519305600016
34520073700012
34523306800047
34523615200038
34524950200013
34527524200021
34527525900017
34528491300018
34528960700052
34530031300326
34531237500107
34531508900036
34535705700024
34536329500048
34539100700027
34540167300024
34540845400014
34540922100024
34572004900047
34738573400012
34739712700015
34739828100035
34741317100021
34741377500052
34741975600023
34742161200073
34742401200016
34742629800035
34742752800018
34743959800033
34744130500013
34744638700016
34745062900030
34745879600021
34746184000022
34746267300026
34753804301921
34755198800020
34757915300011
34758090400014
34758331200025
34759253700018
34760489400019
34762291200066
34763003000018
34763897500016
34764548300012
34766190200168
34768842600027
34770137700025
34771166500013
34771722500051
34773113500021
34773362800015
34774007800055
34776838400039
34778988500022
34779513000017
34779570000041
34780285200017
