34485568900032
34486537300015
34486924300032
34487456500031
34488215400018
34489629500021
34490822300029
34491858600084
34495134800012
34497003300033
34497234400016
34498811800016
34500994800034
34501676000018
34501836000023
34502037400020
34503683400017
34505114800103
34506458800022
34506916500024
34507198900015
34508145900132
34508617701570
34510476400096
34510929200028
34511340100011
34511480500012
34513048801742
34513048802203
34513048819439
34513048820882
34513048825709
34513048825824
34513048826103
34513048826491
34513048829339
34513657600013
34516329900042
34517495700026
34517520200042
34518601900013
34518797500098
34519835200071
34521272400024
34522196400025
34524872800015
34526137400051
34526218200123
34526300800012
34526521900013
34526958300042
34529213000027
34531237500099
34538685800087
34538691600018
34539340900064
34539387000018
34539499300025
34539507300041
34540594800034
34741082100016
34741544000010
34742733800038
34744928200024
34745570100032
34747155900026
34747724200049
34747926300019
34749452800032
34751347500090
34751447300029
34751887000048
34752164300010
34752696400015
34753317600041
34753804300782
34754761400011
34755339800038
34756713300058
34759469900030
34760413400010
34761072700013
34761358000013
34762183100184
34762903200017
34764216700014
34765210900013
34765274500014
34766533300014
34766696800057
34767401200013
34772442900027
34772769500012
34775598500012
34777484600013
34779515500055
34779630200045
34781219000010
