34483841200031
34487816000011
34489035500029
34490665600014
34492137400015
34492675300031
34494620700026
34494683500099
34496469700066
34497724400021
34498211100025
34498696300033
34499717600013
34500498000016
34500613400018
34501524200067
34501980600016
34502642100015
34503010000332
34506813400013
34508617701984
34508617703154
34508617704392
34508617705399
34512569400025
34513048823779
34513625300035
34516479200011
34517050000036
34518654800045
34518671200054
34520590000011
34524735700022
34525296900026
34525337100024
34525439500014
34526218200081
34527863400026
34528696700012
34528929200012
34529456500022
34530380400040
34530783900018
34531293800011
34531884400023
34532023800032
34532337200036
34532738100066
34533105200026
34533414800086
34533473400026
34533518600010
34533815600028
34534278600018
34534559900020
34536333700014
34536397200026
34537560400195
34538222000035
34539593300053
34539855600091
34540415600290
34540613600035
34702013300018
34739591500031
34741909500018
34742536500017
34742937500038
34744656900019
34744854000026
34748086500026
34748389300017
34750189200025
34751604900025
34753360600021
34753804302309
34753927200018
34754778800039
34754786100026
34755544300014
34756175500013
34757694400057
34757922900027
34757977300032
34758322100077
34758967300016
34761191500021
34763397600068
34763881900016
34765329700015
34766729700068
34767856700012
34768093600056
34768494600036
34768877200032
34769809400088
34770579000025
34772844600019
34773722300037
34775142200010
34779714400032
34780464300018
34780912100028
34782185200030
34783156200017
34787530400011
34788819000019
34789405700087
34790374200018
34791889800029
34792671900233
34793259200038
34793403600018
34794301100010
34795438000056
34795881100023
34796485000056
34798853700010
34800252800019
34801198200082
34801922500013
34803279800012
34803429900019
34803756500028
34803767200022
34804281300017
34804881000090
34804946100026
34805097200010
34806643200017
34807100200078
34807953400023
34808184500029
34808820400055
34808974900017
34809456600026
34809582900035
34809816100014
34811278000013
34812385200017
34813753000054
34816175300036
34817999500017
34818140500054
34821174900034
34821868600015
34822322300010
34822347000017
34823696900021
34824367600064
34825467300042
34829108900038
34830940200041
34831814800023
34833291700056
34833859100046
34833986200016
34834163700026
34834513300014
34836672500029
34837186500034
34837790400027
34839959300022
34841550601550
34843236000025
34845145100010
34847041000013
34847205100013
34847343000034
34849132500042
34849642300024
34849793400011
34851425800014
34851550300012
34852444800019
34852943900013
34852988400036
34853718400015
34854700100035
34855127600028
34856210900010
34858699100021
34860471100021
34863390000017
34863790100011
34865878200035
34865884000072
34867542200045
34868255000044
34870150900013
34872010300020
34872661300014
34872938500016
34873136500030
34875095100058
34875300500035
34878022200025
34878682300016
34879415700035
34880584700020
34881694300016
34882598500024
34882694200032
34883420100025
34883611500017
34886638500027
34886657500015
34887305000036
34887603800020
34889326400211
34889876800026
34890414500011
34890610800033
34890989600014
34891035700014
34891456500018
34892435800057
34892807800016
34893135300018
34893916600024
34893946300033
34895259900010
34895744000012
34896410700026
34899155500478
34899155501633
34899746100093
34900002600030
34900041400020
34901171800021
34901986900024
34902002400015
34902125300035
34903305000015
34903325800014
34904071700028
34906011100029
34906097000036
34906279400046
34908014300010
34910177400017
34911168200010
34911180700013
34911674900012
34912863700031
34915313000019
34916415200010
34917269200023
34917300500019
34917794900014
34917910100010
34918572800020
34919324300012
34920001400026
34920793600015
34921711700051
34922841100022
34923879000035
34925302100027
34925947300032
34928171700042
34930910400017
34931796600035
34931904600018
34932377400050
34933708900032
34936543700020
34937454600043
34939683800014
34942625400018
34942776500020
34942875500178
34945642600015
34947646500019
34948673800017
34949653900025
34949734700014
34949782600017
34949969900107
34952194800027
34953326500014
34955853600018
34956468200012
34958302100010
34963024400037
34964713100078
34965313900015
34966457300020
34968196500035
34969254100015
34969270700061
34969660900024
34970603600010
34971522700014
34971667000014
34974785700036
34975047100014
34975522300014
34975703900012
34976337501085
34977486900011
34979020400227
34979668000032
34979849600015
34979972600022
34982782400013
34983875500016
34983885400025
34984860600019
34986763000015
34987263000026
34987733200016
34989308100019
34990155300033
34990759200027
34991088500038
34991108100025
34991822700019
34995712600023
34997753800025
34998236300153
34998673700022
34998857600014
34999661100035
35000124400010
35000264800011
35000616900014
35001230800010
35005136300017
35005781600026
35007594100012
35009545100059
35010420400044
35011736200011
35011848500027
35016316800023
35017656600023
35019113600026
35019859400045
35020181000024
35021371600011
35023282300079
35033670700012
35035258900047
35035645700043
35035870100059
35037925100357
35038630600046
35042994000025
35044732200040
35048374900015
35048826800011
35052458300019
35053697500062
35054468000035
35057322600015
35057731800024
35058047800013
35058197100016
35058955200024
35059298600078
35059390100019
35060538200026
35061225500017
35062998600448
35063530600045
35065240000044
35066177300019
35069352900066
35069548200041
35069993000037
35070084500018
35070559600053
35070905100030
35072159300019
35072222900019
35072291400016
35072417500012
35073238400010
35074401700012
35075483400025
35076910500015
35078957400067
35079161202265
35079191900011
35080977800052
35081651800020
35083694600011
35084941000021
35085347900011
35085554000018
35085822100020
35085938500014
35086824600025
35089174300022
35089649400019
35090581600046
35092673900045
35092801600012
35093273700017
35094280100027
35096884800068
35097115600012
35097162800028
35098023100012
35099980100029
35100173000040
35100275300025
35101038400045
35102377500023
35102591100014
35105277400012
35105284000011
35106946300013
35107315000010
35109865200016
35109987400049
35113629600024
35114251800023
35114445600016
35114715200018
35115263200011
35116934700017
35118588900059
35118686100016
35119111900426
35119510200014
35119895700042
35120348400040
35122122100036
35122324300079
35123384600036
35125057600060
35125504700026
35125828000012
35126030200028
35126884200033
35128817000027
35130770700015
35130855600015
35131547800021
35133177200019
35133587200021
35133985800034
35133996500011
35134047600016
35135756100023
35135949200011
35140214400023
35140958600051
35141025300022
35142934500082
35143823900565
35144208207253
35144587900031
35145216400087
35146169400454
35146169400595
35146535600019
35148144500036
35148372200028
35148458900038
35148764000036
35151840200034
35153415100011
35154178400028
35155149400021
35155557800027
35156341600038
35156587400051
35156699700026
35157205200014
35158951000046
35159221700027
35159986500018
35160116600017
35160453300015
35162400200025
35162920900013
35163329200021
35163705300015
35163989300012
35165068400019
35167599600042
35167614300040
35168826200028
35169583800018
35172353100015
35172637700010
35173002300014
35177185200016
35177205800035
35177261100031
35177730500076
35179140500050
35179170200019
35179652900052
35180008100017
35181203700015
35182588000013
35182601100014
35183740601466
35185788300018
35186769201076
35187303900017
35188168500017
35188454900012
35191675400010
35192000400030
35194527400048
35194903700011
35200850200028
35202507600030
35203610700022
35204075200011
35207316700012
35208104600042
35208798500011
35209393400011
35210923500072
35211101700013
35212454900010
35213335900013
35213843200013
35213962000012
35214483600025
35215622800012
35215641800035
35216662300012
35218714000012
35218726400036
35219276900011
35220464800039
35221554500026
35221687301821
35221687302670
35221773100020
35221876200016
35223665700032
35224334900029
35224483400011
35224839700015
35225204300026
35225732300035
35225755400019
35225938600014
35226528400021
35227262900028
35228363400025
35229121500015
35230217800012
35230425700038
35236676900037
35237038100027
