34482302600010
34482351300017
34484801500055
34484874200047
34485016900014
34486236200110
34490826400031
34491203500013
34491234000025
34492654800043
34498795300025
34499243300013
34501547300043
34503190000011
34504387100044
34505169200027
34506476000035
34506709400010
34508086500024
34508184800011
34508617705480
34513048810180
34513048813325
34513048821872
34513775600028
34514151900040
34514269900023
34514322600032
34514658300025
34514936300052
34516248100021
34519541600028
34520532200026
34521325000037
34521720200042
34523535200035
34524116000075
34527858400049
34528132300013
34529180100016
34529300500061
34530437200013
34531856200021
34532369500014
34537813700029
34539149400035
34539858000034
34540134300024
34738176600026
34738622900012
34739992500010
34743104100057
34745338300072
34747578200012
34748183000029
34748636700019
34748939500025
34749206800080
34750225400068
34750301300034
34750748500014
34752627900026
34753206100020
34753683100030
34754900800014
34756330600013
34757035000038
34757128300022
34758045800011
34758353600045
34758665300029
34760676600025
34762126000020
34762144300014
34763506200024
34764337100011
34765774400046
34767015000221
34768276700020
34769095000014
34773834600019
34774601800063
34780599600019
34780600200239
34781599500027
