34483621800018
34484433700032
34485546500011
34486412900012
34487701400029
34489654300016
34490902300014
34492012900014
34494258600027
34495101700013
34495929100024
34497073600015
34499152600015
34499705100018
34500286900021
34500602701863
34502628000015
34503941600796
34504680900033
34504931600010
34505793900018
34507052800012
34508617700390
34508617700895
34508617702636
34508617704848
34508617707189
34508617707247
34509205000029
34509641600036
34510295800013
34510875700021
34511239500016
34511890500107
34513048802534
34513048813903
34513048818993
34513048822797
34513048825428
34513048825915
34513048827051
34513048829750
34513048830816
34513927300014
34514260800024
34515469400219
34516069100027
34517805700013
34521102300022
34522182400021
34524526000095
34524828000041
34524874400012
34524935300060
34525008800027
34525286000035
34525368600017
34526560700027
34530725000026
34532454500036
34533173000019
34533303300024
34533712500016
34535218100027
34535603400016
34536256000012
34537754300011
34539445600015
34539631100010
34572004900062
34742575300014
34742714800023
34746336600018
34748060000019
34749315700015
34751532200019
34751573600036
34751766600058
34752438100014
34756655600010
34756937800032
34758198500046
34758396500020
34759687600024
34760535400013
34761336600025
34761761500088
34764994900018
34765312300021
34765462600022
34768131400030
34768766700043
34769019000017
34769051300028
34769216200022
34770196300022
34770310000037
34771958500015
34772822200063
34772969100043
34774324700012
34777751800023
34778156900012
34778162700026
34778267400035
34778467000023
34778833300016
34780342100036
34781361000016
34782137300037
34782505100027
34784138900021
34784516600011
34785297200020
34785586800043
34786649300047
34787253300018
34787809200019
34790964000018
34791535700078
34791717100014
34792671900183
34796034600026
34797105300017
34797496600025
34798350400015
34801848200011
34802166800010
34802793900100
34803667400037
34803854800015
34805021200037
34805135000018
34806511100018
34806728100025
34807788400024
34807877500023
34808066400058
34808165400058
34808374200026
34808391600059
34808457500011
34809733800050
34810203900016
34812017100031
34812366200044
34815944300020
34817548000022
34820771300515
34821440400017
34822961800015
34826920000021
34827173500022
34831301600019
34833613200017
34834818600019
34836272400018
34838143500018
34840904600011
34841563900056
34841769200012
34841864100026
34842228800053
34843105700028
34843536300026
34843609800019
34844921600012
34845986800041
34846066800018
34846545100014
34847551800018
34848101100016
34850183400033
34850212100018
34850293100036
34853544400015
34857002900010
34857076300022
34857251200013
34857364300015
34857387400065
34858385700027
34858588600016
34858674400016
34859615600060
34860923100017
34862259800020
34862431300048
34862696100018
34863457700012
34865615800022
34867416900134
34867416900811
34867416903948
34867416904771
34867416906313
34869904200035
34870538500014
34872141600041
34873673700027
34873684400047
34873908700024
34873951700012
34874183600012
34874518300031
34875302100032
34876850800023
34876957100046
34877824200035
34878062800015
34878499200011
34879158300027
34882966400021
34883196700032
34885216100010
34888148300013
34891041500010
34891089400016
34892483800025
34892592600027
34893106400011
34893475300024
34893699800015
34897794300011
34897982400011
34898570600038
34899059900022
34899155502037
34899429400026
34899492200014
34899755200032
34900092700013
34900537100019
34902748200034
34903154200054
34903281300025
34906390900015
34908311300028
34909887100032
34910831600010
34911738200029
34911813300058
34911855400022
34912225900071
34912488300050
34915269400015
34915414600030
34915665300025
34916263600014
34916775900027
34918136200014
34918585000014
34918625400018
34918742700019
34921005400038
34922004600016
34922849400036
34922909600012
34923342900027
34925148800012
34925393000037
34925867300038
34927722800020
34928104800059
34928535300018
34931730500010
34931989700014
34932664500083
34934751800020
34934786400044
34935621200010
34935625300014
34936059400056
34936603900056
34939857800022
34945052800030
34946261400042
34947273800013
34947497300014
34948324800036
34949369200082
34949723000012
34949884000025
34950623800014
34951016400016
34951879500035
34952076700014
34952995800077
34955133300017
34955573000010
34956212400033
34957557100014
34959140400034
34959509000037
34959893800026
34960933900016
34961450300010
34961960100017
34961965000089
34963454300053
34965545600011
34966547100042
34967153700034
34967587600016
34968954700025
34970964200012
34971220800017
34972221500093
34974332800024
34974783200013
34979266300016
34979408100035
34979788600018
34980659600012
34981985400010
34982139700057
34982503400029
34982595000026
34982747700036
34982941600024
34983028100037
34984240100011
34984283100019
34985505600017
34986210200028
34987219200084
34988024500049
34988971700014
34989152300087
34989424600017
34989946800012
34990035700022
34992019900040
34993037000029
34993572600035
34994377900018
34994847100017
34995875100019
34996090600064
34996459300017
34996480900017
34998189400034
34998236300211
34998372600010
34999911000019
35000274700052
35000366100062
35000424800109
35001063300013
35001998000043
35004170300033
35004652000010
35004739500016
35005312000050
35005687500023
35006053900045
35008788800045
35008869600017
35008953800028
35010135800025
35011690100074
35014757500012
35016612000013
35017982600010
35020009300010
35020335200017
35021459900010
35022154500014
35023282300046
35025006400051
35027185400019
35027610100028
35027672100015
35028207500034
35028733000012
35029187800022
35029681000046
35029701600015
35029704000049
35030203000019
35030595900016
35031062900059
35031138700038
35032648400028
35032683100129
35034654000023
35035614300015
35036729800022
35038071300056
35038341000023
35038543100043
35044196000019
35045449200017
35045615800038
35045791700010
35046767600028
35048767400011
35050390000036
35051222400022
35055185900019
35055261800018
35055705400078
35055809400016
35056635200026
35057587400028
35058031200014
35062030800014
35062564600012
35063075200011
35063968800018
35065730000017
35066782000020
35066954500013
35067313300012
35068457700041
35069836100010
35070202300036
35070390600023
35070502600010
35073287100016
35074412400040
35076758800022
35078031800019
35078843600011
35079161201028
35079726200051
35080324300012
35080501600010
35081304400053
35081748200036
35082262300038
35083415600019
35084539200017
35084725700028
35085929400034
35086857600033
35086935000024
35087358400030
35088766700011
35090676400021
35091757100019
35092317300016
35092445200013
35093237200013
35093791800059
35096068800025
35097234500028
35097434100017
35099021400016
35099906600011
35100102900039
35104437500019
35105191700034
35105570200028
35106610500013
35108105400048
35112172800015
35112223900020
35112879800029
35115912400038
35116029600015
35116634300019
35117023800015
35118092200038
35118614300126
35120123100039
35120259300015
35121891200035
35122324300129
35122426600038
35122927300047
35123453900044
35123593200016
35124050200010
35124211000028
35124796000021
35126813100031
35127083000059
35131289700017
35131963700069
35132240900019
35132705100063
35134063300012
35134611900016
35134817200013
35134869300018
35135203400034
35135858500013
35136364300013
35137253700081
35138481300025
35138634700022
35142368600010
35142592100027
35144208204979
35144208206883
35145454100019
35146937400018
35147922500010
35150574800019
35151566300026
35152532400049
35152996100010
35157288800417
35158215000022
35160016800014
35160219800027
35163201300014
35163939800012
35164109700024
35164112100030
35167082300043
35168438600037
35168475800052
35169233000027
35169489800021
35169642200010
35170154500011
35171232800019
35174902300039
35175864400014
35176767800037
35178084600033
35178239600037
35182764700063
35183409800029
35183808100013
35183934500045
35184871800026
35185063100018
35185669500017
35186045700016
35188437400080
35188664300045
35188667600029
35189980200018
35192308100035
35192407100027
35193090400021
35193546500036
35194112500012
35194299000018
35195011800049
35195984600038
35196125500038
35197092600025
35197548700015
35198217800052
35198936300038
35199142700011
35200026900014
35202699100013
35203912700035
35204114900019
35204278200024
35206261600029
35207250800018
35209042700076
35209875000016
35212543900013
35213075100022
35213695600013
35214962900011
35215007200119
35215700200044
35215892700025
35218331300027
35219759400026
35220067900046
35220291500026
35221656800035
35221769900011
35221822600012
35222737500016
35222896900049
35223000700010
35226336200019
35226414700013
35226672000015
35228041600046
35228513400016
35229357500010
35229827700026
35229987900010
35233735600021
35233747100010
35234273700025
35235672900041
