34482479200255
34482786000042
34484374300305
34484970800021
34485504400014
34486185100063
34488443200073
34489761600126
34492306500025
34492511000035
34495026600025
34495281700023
34497116300029
34499228400119
34499411600046
34500065700055
34500199400010
34500602700550
34500967400036
34501362700020
34503355900013
34503502600011
34504104000022
34506211100025
34508617701679
34508617702206
34508617705001
34508617706371
34508617706561
34510154700015
34510801300011
34511024100030
34513048821252
34515988300015
34518034300013
34518627400022
34518693600018
34521475300047
34521950500020
34526674600014
34527159700030
34527596000010
34527625700028
34528098600059
34534022800054
34534846000022
34534986400024
34535511900016
34539165000040
34539329200023
34540250700049
34540387700029
34658017800033
34738576700020
34740193700037
34740657100021
34744899500022
34745203900014
34745437300031
34745479500035
34745738400035
34746167500022
34746953800016
34750370800013
34750866500028
34751483800056
34753804301764
34753804302234
34754274800012
34755401600027
34756163100016
34756481700026
34756527700014
34758209000051
34758223100556
34758440100017
34759423600015
34759858300016
34761079200025
34761083400025
34761220200080
34763977500019
34765043400017
34765481600011
34765844500023
34766736200011
34766853500011
34767063000024
34768292400019
34771639100086
34772761200025
34773811400029
34773922900016
34775037400063
34775621500039
34777058800064
34777791400032
34780873500034
34782175300048
34783050700054
34783091100033
34783091100041
34783478000020
34790155500032
34790683600023
34790737000055
34792023300017
34792358300038
34792510900014
34795407500052
34796499100017
34797711800012
34800745100019
34802442300025
34804434800699
34806273800029
34806785100017
34809684300027
34814064100013
34814135900011
34815510200018
34816866700197
34817915100025
34818253600030
34819213900023
34820303500046
34820623600047
34821107900028
34826899600058
34827660100047
34829007300025
34831408900015
34832742000017
34834746900069
34836418300023
34838043700031
34838185600015
34838230000039
34838493400017
34839500500039
34839818100043
34841550600354
34841550602004
34842020900010
34845347300012
34845577500026
34847912200015
34849516900016
34849910400027
34852141000020
34852258200017
34853601200027
34855125000023
34855543400029
34857078900035
34859134800027
34859580200011
34860897700016
34861265600036
34861593100014
34864198600024
34866504300017
34867650300033
34867976200016
34868170100028
34868688200062
34869277300024
34869699800015
34871073200044
34871595400015
34872053300028
34873278500038
34873532500030
34873766900013
34874199200047
34876023200010
34880239800092
34885920800012
34886270700026
34887370400012
34888110300017
34889539200010
34890262800034
34891527300018
34891926700024
34892173500026
34892274100049
34892448100016
34892508200011
34894326700016
34894980100024
34896326500023
34896721700046
34896749800018
34896845400010
34899194400037
34899679400015
34899783400042
34900756700028
34900792200017
34901006600026
34902233500039
34905062500012
34905752100016
34906013700016
