34482205100027
34482734000094
34482952800076
34483590500094
34483668900028
34484918700010
34485379100012
34486056400055
34488335000011
34488410100017
34488974600071
34489881200021
34490632600022
34490632600030
34490909800024
34491431200048
34491533500022
34491534300042
34494381600019
34496024000010
34497863000012
34498717700021
34500602701665
34501672900062
34504006700026
34505541200059
34505784800011
34508244000016
34508425500016
34508617702792
34508617706215
34508617706603
34508814000016
34509904800018
34510373300019
34513048809117
34513048816690
34513048826863
34513048827341
34514064400062
34514155000037
34514527000053
34514684900087
34514719300030
34515923000043
34516093100035
34516366100019
34517345400033
34517571500019
34518374300052
34519499700028
34521876200028
34523070000030
34525376900011
34526218200115
34527344500014
34527477300034
34527718000070
34527963200029
34528323800052
34528713000024
34529743600031
34530369700071
34533656400025
34534380000016
34535589500029
34535867500014
34537399700013
34537580200013
34537888900017
34538609800031
34540008900024
34540568200021
34741049000069
34742442600026
34742984700010
34743942400016
34744231100028
34744524900035
34744820100017
34747361300029
34748092300023
34748291100026
34748970000018
34749620000010
34750050600055
34751127100038
34753642700011
34753804301459
34754149200026
34754281300022
34755164000019
34758223100663
34758962400019
34759870800027
34763282000028
34763494100012
34763596300023
34764148200018
34764317300011
34765193700018
34765715700017
34766799000019
34767247900016
34767994600025
34768228800019
34772356100028
34772770300014
34775404600030
34776430000021
34777197400073
34777331900087
34778136100022
34778409200020
34780793500015
34781191100028
34781333900061
34781705800030
34781763700023
34782134000119
34782181100051
34783120800025
34783348500027
34784927500016
34785770800015
34786605500028
34788310000054
34788690500038
34789139200016
34789340600012
34789508800016
34790013600024
34790695000022
34791913600049
34792163700018
34792326000058
