34482623500022
34482690400023
34483130000068
34486570400151
34486865800016
34488083600012
34488539700044
34489568500024
34489761600092
34490688800013
34491522800037
34492693600016
34494438400017
34494483000035
34495679200016
34498473700017
34498794600011
34499029600032
34500342000014
34501361900019
34502032500014
34502374100027
34502928400014
34503420100037
34504315200031
34505584200081
34506981900059
34507840600013
34508098000161
34508199600059
34508617704525
34508617704764
34508617705514
34513048801155
34513048805487
34513048819215
34513048825410
34513048825816
34513051202036
34514229300017
34514625200019
34516064200012
34516186300021
34516432100019
34517242300062
34518602700081
34518894000042
34518921100039
34519134000016
34521652700019
34522077600024
34522533800010
34528165300013
34529381500014
34530064400027
34536449100018
34536504300016
34538634600018
34714188900027
34738457001365
34739573300012
34741001100238
34742304800060
34743408600042
34743596800016
34745259100014
34746155000027
34746357200011
34748364600019
34748390100034
34749276100015
34753529600029
34754581600014
34754622800029
34755481800042
34758152200054
34758700800058
34758802200025
34758956600020
34760871300025
34764054200044
34765334700026
34765779300019
34769164400038
34770937000022
34773606800045
34773769400039
34773769400054
34775162000027
34776874900033
34777904300020
34778920800027
34780532700041
34782239700035
34784876400036
34784935800010
34786894500036
34789350500011
34789437000019
34791346900032
34791604100085
34792671901504
34795033900056
34797366100015
34798440300019
34798608500020
34799756100019
34801102400067
34802000900026
34802114800013
34803122000018
34803361400028
34803444800038
34804490000036
34805690400033
34806438700031
34806918800038
34806976600031
34808117500054
34808610900033
34808634900043
34811895100014
34814966700019
34816054000012
34817041600013
34817442600026
34818128000028
34818215500013
34819537100011
34820604600016
34821564100013
34822094800924
34822588900032
34823976500012
34824291800012
34824509300011
34825275000032
34825613200039
34825650400013
34826811100047
34827434100166
34828121300010
34828177500026
34829807600079
34830172200040
34831261200024
34831786800019
34832029200017
34832390800015
34834539800013
34834716200029
34836000900024
34837125300058
34838426400035
34838823200012
34839924700033
34841064800011
34842395500023
34847099800017
34847152500033
34848148200019
34848647300013
34849017800012
34849608400024
34850732800014
34853861200014
34854283800019
34854306700014
34854745600023
34856193700049
34856211700054
34856463400015
34857407000028
34858202400017
34858493900014
34858559700068
34858746000034
34859590100037
34859595000018
34860882900019
34861197100014
34863058300014
34863643200026
34864305700022
34865086200033
34866099400024
34866167900012
34866319600015
34867297300024
34869678200054
34869704600012
34869739200028
34870069100028
34870320800010
34872579700016
34874047300031
34874533200034
34876328500015
34877682400040
34878134500015
34878470300020
34879987500029
34880370100013
34881004500024
34882268500015
34882800500028
34883132200022
34884414300050
34885180900023
34885380500037
34885744200068
34886817500012
34887082500018
34887200300028
34889047600313
34889264700010
34890834400065
34891203100021
34891834300073
34891879800052
34891958000020
34892064600034
34892098400021
34893051200010
34894020600058
34898165500015
34900054700035
34902533800063
34906541700017
34906979900022
34907455900015
34909918400013
34911048600017
34912068300066
34912201000011
34915918600031
34917062100024
34919504000010
34921918800019
34923592900149
34924781700035
34925291600037
34925870700018
34926588400016
34926998500017
34927945500027
34928112100054
34928489300022
34928756500056
34929070000013
34929507100014
34929928900042
34930741300055
34930904700034
34931342900020
34932353500022
34932514200017
34932573800020
34932999500022
34933464900044
34936154300029
34937594900022
34939404900036
34942773200012
34942899500063
34945138500042
34945476900010
34946224200034
34947679600025
34947746300013
34947940200035
34949078900048
34949253800039
34949756000020
34950025600012
34950687300018
34951375400011
34951394500015
34951412500013
34952388600027
34953287900013
34953970000014
34954100300019
34955120000034
34956406200017
34957689200047
34958020900014
34958104100051
34958758400013
34959635300012
34962778600016
34963140800045
34963175400034
34964179500019
34966130600010
34966956400032
34967733600043
34969283000038
34969416600019
34969544500016
34971743900013
34974297300051
34974320300037
34977182400019
34979452900017
34980983000012
34982060500013
34982424300100
34982871500012
34983467100019
34983824300021
34985451300018
34985583300019
34987016200147
34987322400019
34987418000012
34987691200016
34988495700029
34991971200050
34992709500035
34996539200021
34997493101007
34997555700050
34998086200057
34998187800029
34998236300062
34998799000034
34999533200070
35000085700010
35001259700067
35003332000028
35004166100025
35004979700011
35005888900048
35006116400017
