34482479200131
34485522600017
34485723000041
34487411000044
34488138800039
34489104900027
34491352000021
34494373300016
34495241100025
34495308800012
34495575200029
34498299600045
34499534500032
34500437800013
34501055700071
34503627100012
34504607200012
34506174100012
34507291200024
34507760600019
34508617700234
34508617704566
34510130700022
34510965600073
34511180100030
34513048808838
34513048810321
34513048811881
34513048817284
34513048821112
34513048824090
34513048826004
34513048827176
34513048828224
34513066000276
34514684900095
34514749000055
34515086600043
34516661500020
34519689300027
34523394400056
34524011300042
34524762100062
34525487400026
34526539100010
34527299100018
34528093700037
34528721300028
34528964900021
34529121500043
34532567400025
34532934600026
34533439500018
34533660600024
34535494800027
34537326000016
34538810200021
34540415600183
34641172100027
34738351500017
34738457003064
34738777100020
34738923100015
34739633500015
34740606800010
34740622500016
34741304900136
34742423600045
34742592800020
34742620700044
34745097500011
34746536100041
34747563400015
34747753100078
34747929700025
34749438700033
34749645700032
34750755000056
34751261800047
34751733600017
34752919000014
34753114700044
34756139100025
34758056500021
34759667800016
34759709800016
34761948800013
34761977700019
34762639200034
34763450300028
34763799300044
34763852000028
34763895900010
34764009600066
34764627500011
34764864400040
34766091200036
34768227000017
34768566100022
34768844200032
34768916800024
34769236000014
34769530600014
34769835900077
34770737400018
34770919800027
34771214300028
34771398400024
34771412300010
34772776000014
34774359300027
34775151300016
34776406000021
34776934100020
34777432500018
34777746800013
34777843300016
34778575000014
34781506000020
34782110000018
34785652800026
34785957100015
34786910900012
34786943000012
34787295400065
34787404200026
34787421600026
34787604700064
34791357600026
34791530800022
34791777500061
34792518200011
34792671900753
34792741000014
34793540500063
34794813500079
34795779700025
34797650800015
34798291000155
34799357800017
34800044900010
34800943200017
34803059400025
34803990000025
34804005600015
34805869400020
34807569800012
34808733900019
34810761600081
34811322600172
34812611100023
34813168100028
34814265400097
34816013600027
34816801400044
34819026500044
34819964700028
34820771300366
34822094800841
34823829600035
34825037400025
34825809600018
34829262400049
34830120100011
34830479100018
34831067300101
34837184000011
34840722200010
34843771600015
34844112200010
34845749000012
34847032900023
34851859800019
34852303600021
34853655800029
34853934700016
34855709100017
34856439400016
34859769100040
34860294700015
34861519600014
34862475000025
34864037600011
34865303100057
34867416903419
34867590100022
34868228700019
34869063700015
34869857200024
34869904200043
34870013900010
34872060800028
34872594600019
34872673800076
34873708100011
34874029100037
34876636100029
34877756600020
34878897700042
34880655500010
34880912000077
34881547300031
34882473100015
34884470500023
34884737700028
34885895200016
34889416300016
34891310400033
34892309500015
34893523000022
34894323400057
34897383500021
34897731500020
34898575500019
34899155501807
34899266000020
34901560200023
34902356400025
34903702800025
34904186300029
34904498200057
34904511200027
34905465000016
34905530100015
34905696000058
34906391700034
34907137300022
34907772700023
34908071300036
34908230500039
34910065100018
34911522000015
34915203300057
34915621600013
34915899800014
34915978000015
34917936600019
34918563700023
34920680500013
34922783500049
34923592900073
34925192600060
34925408600078
34925956400012
34928292100023
34929016300030
34934537100034
34935517200033
34935969500021
34936330900023
34937520400022
34938764700044
34938824900014
34940613200010
34940693400100
34941672700031
34942967000095
34943633700027
34944790400013
34945396900017
34946516100017
34947403100052
34947857800017
34948022800015
34948424600013
34950942200045
34951007300043
34951562700025
34952180700017
34952366200014
34953127700060
34953424800019
34954130000035
34954241500022
34955553200010
34956351000032
34956359300012
34957595100026
34957651200066
34959045500011
34959762500012
34960298700019
34961711800014
34963597900017
34964574700016
34965269300020
34965514200025
34966085200014
34967419200035
34968278100035
34968709500019
34968791300021
34969899300012
34970402300028
34970462700018
34970569900024
34970778600019
34972888100013
34973058000033
34973451700015
34973455800019
34973858300021
34974075300018
34974317900971
34976184100015
34977369700116
34977822500061
34980699200021
34981413700023
34982808700024
34983494500025
34984166800016
34984201300014
34984366400013
34985387900014
34985788800011
34987016200345
34987208500023
34987243200050
34987336400021
34987476800014
34990962200046
34992233600012
34992950500031
34994357100050
34995591400016
34995887600295
34996573100038
34997028500061
34997869200052
34998342900011
34998522600027
34999612400047
34999675100013
34999865800018
35000260600019
35000935300029
35001358700026
35001859400019
35002257000013
35003300700039
35005071200024
