34481987500016
34482220000053
34483928700010
34485772700046
34487600800030
34490707600014
34494199200028
34494306300034
34494420200037
34494604100011
34495199100019
34495582800035
34495715400018
34497742600040
34498229300054
34499408200016
34500978100047
34505261700015
34505542000029
34507816600013
34508617700341
34508617706926
34508617708070
34509293600011
34511047200015
34511712100029
34512790600047
34513048800793
34513048810305
34513048811014
34513048813986
34513048825196
34513048828661
34513114800024
34520602300011
34521298900015
34521927300025
34523595600017
34524403200032
34524776100017
34526493100022
34526878300015
34527837800038
34528313900011
34528643900012
34528683500029
34534665400014
34536533200021
34536554800055
34538239400038
34539185800049
34738457002793
34740157200024
34740670400010
34741430200054
34741770100013
34742459000029
34743701400074
34744070300044
34744426700012
34744658500015
34746119600029
34747481900013
34748342200015
34748820700015
34748867800025
34751935700045
34751956300014
34752857200048
34753301000042
34753804301749
34759723900024
34763286100030
34770581600044
34770892700012
34771978300024
34774514300029
34775692600015
34777672600015
34778147800016
34778367200061
34780600200155
34780622600010
34781197800019
34781437800027
34781783500031
34782066400030
34782072200010
34782113400033
34782202500107
34784190000041
34786519800027
34786523000010
34787307700056
34788501400022
34788849700059
34789622700027
34790063100057
34790819600061
34793984500017
34794048800054
34794589100070
34797171500029
34798860200061
34798949300031
34801185900017
34801995100030
34804658200014
34804939600024
34809571200017
34810147800017
34810840800033
34815982300023
34816697600038
34818185000028
34819544700027
34821708400022
34821894200012
34822094800767
34822429600056
34822882600023
34825489700013
34826707100036
34831729800035
34831737100048
34832398100061
34833581100082
34834593500038
34834949900031
34835436600109
34835693200015
34835771600037
34836634500448
34837347300035
34840003700050
34841482200026
34841550600610
34841550601691
34841953200034
34842015900033
34843691600012
34845038800064
34847224200018
34847516100074
34847986600017
34848197900048
34848754700021
34851704600044
34851732700162
34852925600037
34853218500017
34854193900040
34854382800019
34854672200029
34854882700016
34855789300024
34856014500016
34856199400016
34857196900016
34857865900016
34857966500012
34859033200048
34860939700016
34861498300016
34861854700015
34862212700010
34864517700018
34864691000045
34866092900053
34866466500042
34866713000010
34867416900795
34867416902809
34869002500021
34869758200032
34869855600027
34869986900015
34871253000032
34875399700025
34876714600023
34877741800032
34878506400018
34880052500027
34880513600010
34881218100025
34881886500019
34883454000026
34884335000029
34884770800040
34885530500010
34886088300027
34888792800011
34889730700040
34889784400026
34889929500359
34891522400011
34892420000036
34892568600019
34892981100043
34893006600025
34893042100014
34894544500016
34895287000049
34895684800025
34896463600032
34896475000049
34896869400011
34901061100011
34902176600069
34902511400035
34903391000069
34906677900027
34908887200032
34911113800013
34913036900011
34913211800010
34915142300051
34915146400022
34915507700010
34915723000062
34918534800019
34919453000011
34919785500027
34920357000016
34920575700058
34920620100072
34921536800037
34924973000012
34925584400038
34926623900012
34927272400015
34927399500036
34927726900024
34930720700036
34930806400014
34931161300021
34932122400017
34932391500018
34933237900016
34933528100011
34934173500018
34934607200029
34936207900056
34938742300032
34940058000016
34940180200054
34941308800023
34941799800037
34942351700011
34943599000024
34945067600078
34945309200018
34945522000013
34945618600056
34948300800067
34948606800019
34949951700044
34949977200029
34950184100010
34950937200018
34955944300024
34956594500012
34956766900024
34956857600012
34956944200024
34958463100015
34959190900016
34959659300021
34959848200017
34960577400026
34962078100014
34964834500016
34964898000028
34965910200082
34966198300040
34966800400022
34970505300016
34970859400024
34973739500021
34973740300023
34974285800013
34974317900237
34974442500050
34976057900012
34976076900019
34976238500038
34976292200012
34976416700012
34976569300073
34977252500151
34977325900016
34978426400070
34978830700016
34980229800019
34980554900012
34980747900010
34982675000011
34984138700013
34984828300058
34985892800014
34986014800015
34986155900012
34986959400029
34987008900027
34992249200013
34992852300019
34993409100019
34993766400028
34994194800029
34996912100012
34997270300012
34997295000019
34997435200032
34998623200032
34998937600026
35000078200010
35000602900010
35001629100030
35001669700020
35001706700017
35001708300014
35002097000025
35002462600045
35002651400017
35002867600012
35003973100061
35005058900505
35006506600069
35006939900029
35007358100018
35009976800029
35011381700018
35012179400019
35012303000016
35013474800010
35013821000017
35015016500040
35015806900012
35016531200017
35016653400023
35016912400046
35018950200122
35018984100017
35020909400019
35021528100022
35025255700011
35025674900069
35026456000037
35026666400019
35028165500034
35028231500034
35028867600017
35029519200016
35029816200024
35029923600108
35031566900019
35032194900017
35032391100015
35033337300016
35033407400027
35033455300020
35033838000024
35034080800020
35034352100018
35035217500011
35036183800062
35037142300012
35037891500010
35041246600020
35041282100026
35041411600029
35041932100012
35043473400041
35043836200021
35044096200032
35044109300068
35044392500010
35045478100013
35045606700015
35045867500021
35046016800049
35046723900017
35050618400034
35052453400012
35052854300027
35053256000017
35054810300026
35056047000014
35056761600015
35057619500092
35059417200016
35059827200051
35060866700019
35063234500012
35066431400043
35066483500013
35066781200035
35067802500023
35070027400011
35070145400018
35070902800020
35071761700012
35073425700065
35075312500821
35076823000020
35077297600014
35078549900012
35079346900015
35079976300023
35082449600037
35084013800019
35085614200012
35087331100020
35087800500023
35088135500027
35089232900078
35089336800059
35089410100046
35091420600015
35091452900028
35091639100229
35092712500368
35093540900010
35093651400016
35094103500015
35096360900010
35096396300011
35096686700052
35097549600018
35097826800042
35098011600015
35098992700016
35100373600086
35100429600064
35103125700022
35103886400036
35104071200025
35105247700012
35106724400019
35107272300031
35108644200024
35110644800027
35111790800027
35112282500026
35113827600024
35114843200021
35116448800626
35116448801715
35116448801756
35117837100016
35118453600016
35118523600020
