34482891800021
34483202700025
34485858400032
34486382400019
34486894800029
34486933400104
34487407800027
34487609900021
34489156900016
34489259100027
34489281500087
34489794700042
34491012000015
34491875000029
34492844500032
34493060700058
34493889900012
34495435900057
34496120600028
34496194100012
34499161700020
34500602700832
34501415300034
34502189300028
34502313900016
34503807900017
34504073700016
34506497600045
34507138500016
34508145900348
34508574000016
34508617701802
34508617706439
34508892600034
34509263900037
34509327200036
34509907100036
34513048820668
34513048823837
34513066000144
34515521200029
34516075800024
34516461000023
34517132600043
34517460100020
34518316400010
34520300400014
34520583500019
34521329200021
34521773100016
34521874700011
34522684900015
34522825800025
34523888500031
34524401600019
34526682900026
34527074800022
34529700600016
34529842600015
34531930500016
34531959400023
34533876800020
34536843500029
34537860800029
34537893900044
34540236600032
34540559100016
34540948600049
34585009300021
34738457002777
34739150000019
34740072300024
34742404600022
34744691600012
34750247800022
34751318600010
34752373000013
34752473800015
34752782200022
34753276400011
34753464600018
34753804300410
34754240900011
34755780300025
34756913900038
34758605900011
34762555000012
34762922200014
34763628400015
34764034400045
34764325600014
34766894900014
34767642100030
34767924300035
34769028100022
34771122800069
34779867000019
34780343900020
34780357900015
34781844500012
34783053100047
34784965500019
34785036400014
34785504100013
34787320000021
34787686400013
34788439700048
34788440500015
34789179800030
34789808200032
34790031800051
34790454200052
34792010000018
34792244500015
34792557000017
34796423100018
34797533600012
34797830600012
34797862900017
34798893300037
34799294300014
34799454300085
34800097700051
34801143800010
34802357300101
34802383900049
34802995000022
34803506400016
34803521300092
34803773000028
34806456900034
34807200000014
34807683700023
34808244700015
34809538100037
34809884900014
34810891100044
34812290400017
34815970800018
34816051600012
34816565500039
34818191800015
34821824900053
34827221200047
34828364900047
34830820600062
34831772800023
34832111800039
34832290000021
34833000200059
34837033900023
34837084200042
34838529500012
34839217600015
34840828700012
34841061400021
34841860900015
34841934200012
34842126400022
34842198300035
34842824400019
34848083100067
34848317300012
34848542600012
34849589600014
34851391200017
34851883800027
34852150100042
34853627700018
34855396700020
34855772900038
34857035900011
34858664500015
34858726200034
34858730400018
34859148800013
34861010600034
34861154200013
34862205100012
34862375200030
34862668000048
34863292800035
34863318100048
34864205900011
34864990600032
34865067200051
34865125800025
34865273600011
34865617400037
34865731300022
34866064800018
34866405300041
34867416900449
34867416902635
34867416903716
34869065200030
34869542000011
34869953900014
34871054200047
34872564900019
34873915200059
34873939200028
34874986200010
34876200600743
34876621300014
34877676600019
34878591600019
34879259900089
34880146500025
34880755300063
34880913800020
34881000300015
34882326100014
34882853400027
34882921900024
34884946400063
34885004100024
34886150100016
34889259700017
34889592100016
34889916200021
34891468000049
34892952200012
34894025500337
34896734000012
34896817300016
34898700900027
34899155500254
34901978600012
34903214400017
34904304200036
34911286200058
34911526100027
34912628400042
34912716700030
34913642400018
34913777800016
34914602700025
34914603500044
34917266800056
34918380600018
34918573600270
34918886200016
34922219000010
34922945000029
34923009400055
34924129900016
34924600900014
34926535500041
34929326600020
34931517600025
34931650500032
34932371700026
34932701500013
34932816100030
34932879900037
34935929900022
34939322300012
34940617300014
34940805400014
34941970500034
34942735100029
34943686500019
34944209500031
34945464500012
34946176400012
34948471700070
34950788900013
34951064400017
34952402500021
34952769700024
34953265500017
34953884300021
34954274600038
34955158000013
34956709900024
34958023300030
34958119900032
34958350000039
34959002600036
34960138500017
34960400900010
34961965000048
34962903000025
34962995600013
34963012900014
34964306400018
34964376700024
34965564700056
34968534700032
34969979300056
34971317200030
34971869200032
34972589500016
34972807100011
34973171100058
34975988600055
34976175900035
34976360700018
34976425800019
34977292100038
34978179900045
34979156600038
34982375700035
34983905000029
34984017300075
34986118700012
34988973300029
34989462600044
34990334400019
34991917500035
34993227700024
34993876100054
34995760500059
34995760500158
34996916200123
34997149900042
34997830400021
34998115900016
34998297500030
35000247300048
35001858600023
35002386700012
35002875900016
35003261100088
35004103400025
35004213100010
35004743700057
35005058900224
35005735200014
35007062900018
35008408300053
35008735900039
35008970200012
35009634300024
35011146400011
35012347700019
35012733800019
35013434200012
35013547100018
35014566000014
35015288000026
35016912400053
35017070000016
35018205100010
35018845400010
35020183600011
35020991200020
35022319400035
35023191600023
35030789800014
35031433200015
35032860500018
35034414900033
35035419700047
35035423900013
35037732100020
35037864200358
35038371700013
35042262200299
35043092200038
35043601000010
35043613500049
35044810600012
35044834600030
35045571300049
35046665200012
35051087100014
35052738800028
35055841700027
35056191600064
35060642200045
35060822000033
35060861800053
35062983800011
35063138800021
35063276600035
35063836700028
35065427300027
35066025400045
35066837200039
35067445300039
35067816500043
35067918900034
35069841100039
35071167700038
35072054600026
35073115400018
35073636900025
35073646800017
35073664100019
35075312500623
35077628200013
35077765200032
35080170000013
35080883800014
35081836500016
35082488400042
35085376800041
35086706500038
35086802200012
35087248700011
35088066200043
35089000000028
35089053900017
35090293800025
35091639100161
35092623400039
35092918800042
35096069600044
35096837600011
35097686600011
35099973600019
35100837000022
35101045900045
35101191100044
35104166000025
35107142800046
35107635100045
35108953700028
35111749400010
35111977100027
35112081100010
35112569500020
35113700500051
35114276500020
35114469600017
35114921600027
35115699700014
35117447900011
35117579900029
35119430300019
35119457600010
35119844500048
35120402900018
35120702200044
35120828500020
35121150300013
35132706900032
35133576500035
35134161500018
35137235400016
35137813800017
35139491100017
35142164900010
35144080500031
35144208204474
35144208206768
35144208207204
35144562200019
35146169400306
35148380500013
35149618700011
35151345200034
35153704800040
35156199800045
35157683000027
35157954500010
35158119400070
35158981700011
35159250600015
35160096000022
35161253600042
35162449900023
35164678100010
35165212800015
35166379400052
35166992400026
35167581400104
35170239400013
35170388900029
35171353201591
35171800200022
35172011500010
35172071900019
35172304400019
35172452100015
35173878600018
35174300000017
35174426300010
35175245600076
35175653100015
35180711000025
35180993400042
35181249000032
35181687100013
35181742400010
35184188700067
35185391600028
35186769200458
35187570300016
35188349100018
35189267400018
35189542000013
35189865500045
35190761300019
35191147400028
35191237300047
35192000400048
35192391700030
35192959100029
35193389000011
35193922800026
35196163600047
35196370700036
35198270700124
35199384500012
35200748800047
35201116700017
35201208200025
35201880800068
35203910100014
35205297100012
35205501600013
35205782200038
35206333300053
35208014700205
35208122800053
35208401600059
35208485900037
35209327200040
35209813100571
35209813101116
35210145500025
35216474300028
35216805800019
35217592100019
35217842000076
35219300701385
35219300701534
35219846900012
35219868300018
35220330100010
35220537100037
35221174200015
35222747400041
35223054400012
35223890100032
35224354700036
35224756300013
35226081400012
35226243000015
35227637200047
35228010100010
35228395600014
35229288200011
35230229300027
35230296200019
35231002300069
35231255700015
35232035200011
35232239000027
35232470100015
35233302500018
35233596200606
35234073100012
35235393200044
35236613200046
35236723900048
