34484045900012
34485197700027
34486503500051
34486934200032
34487309600020
34488313700020
34491543400015
34491748900041
34495010000018
34495274200015
34498178200024
34501031800037
34501401300022
34502098600112
34503179300069
34503234600032
34504088500013
34504420000037
34508617701828
34508617703303
34508617704632
34508617707429
34508790200192
34509217500040
34510076200037
34510816100026
34512201400029
34512585000023
34513048801692
34513048802872
34513048803516
34513048808747
34513048816203
34513048823563
34513048827606
34513048828406
34513048830659
34513051202358
34515306800043
34516101200017
34516216800024
34518917900020
34520384800014
34520794800034
34521227800021
34521483700014
34521967900031
34522593200036
34524178000047
34527456700014
34528903700029
34529959800051
34529960600011
34531190600019
34534034300028
34535118300586
34539160100068
34540173100053
34540373700017
34540901500012
34738457001431
34738457001993
34738457003049
34739535200060
34744977900029
34745953900016
34746492700024
34748245700046
34748871000018
34749107800064
34749135900027
34751005900046
34752569300037
34752755800014
34753804301889
34753901700025
34754403300017
34757361000024
34758434400076
34759096000030
34759245300018
34760002500022
34760177500021
34760569300014
34760904200010
34762732500025
34764801600025
34764950100033
34765140800010
34766834500015
34767984700041
34768982000012
34769523100030
34769913400024
34773555700014
34775575300014
34775951600011
34775966400035
34776922600015
34778659200027
34779204600026
34780160700016
34781954200049
34784653700020
34786672500067
34787455400012
34788371200056
34788631900032
34788932100027
34789172300061
34789335600027
34789426300016
34789859500033
34794813500061
34795641900019
34796330800023
34798730700027
34799164800051
34799290100012
34799396600014
34800212200045
34801896100030
34803789600019
34804434800673
34804441300014
34805795100017
34809245300029
34810043900010
34812498300027
34815187900015
34815334700011
34816266000016
34817670200010
34821772000021
34821959300020
34822016100023
34822456900015
34823511000023
34823746200018
34823786800016
34831596100022
34832592900019
34833233900020
34833413700026
34833560500039
34835051300035
34835329300015
34836304500017
34843533000017
34844319300019
34846100500020
34846799400029
34851432400014
34852908200011
34853695400012
34854333100014
34854551800022
34854831400023
34855504600013
34856466700031
34857323900046
34860251700024
34860335800014
34860367100028
34861473600018
34861561800025
34865449200019
34866041600010
34867216300014
34867416902908
34867416906263
34867948100039
34868134700046
34868481200012
34869044700019
34869127000022
34869557800115
34869998400012
34871129200014
34871386800027
34872628200018
34873661200014
34874344400039
34878264000018
34878815900013
34879200300025
34879460300012
34881442700012
34883113200017
34883837600039
34884909200039
34886335800027
34887269800017
34891537200026
34891775800024
34892090100017
34896557500031
34897317300019
34897522800035
34897574900022
34901209600013
34901817600017
34902588200045
34904929600024
34905146600010
34905472600014
34905609300017
34907688500012
34908174500029
34909034000036
34910030500029
34910190700039
34910234300010
34910532000049
34911838000048
34912540100043
34913556600017
34915418700018
34916090300036
34917315300025
34918573600049
34919330000010
34920466900015
34922840300037
34922924500023
34923960800012
34925156100057
34925180100016
34926480400049
34927395300027
34927815000025
34929133600056
34929349800011
34931723000010
34933468000023
34933765900016
34934296400013
34935461300011
34937163300018
34938423000018
34939578000019
34941609900019
34942518100014
34942818500012
34943033000010
34943524800027
34943620400011
34946211900026
34946547600019
34946703500011
34946881900041
34947375100049
34948541700019
34950531300024
34951559300011
34952300100023
34954025200013
34955473300015
34956484900017
34957083800012
34957202400025
34957555500017
34958043100014
34958845900033
34959437400010
34962204300025
34962209200014
34962326400018
34964809700013
34964828700028
34966034000010
34967856500046
34968292200027
34968877000016
34970422100051
34972334600012
34975154500055
34975169300038
34975426700020
34975891200035
34976341700012
34977178200027
34978719200054
34980134000028
34980547300015
34980799000032
34980877400039
34982272600049
34983817700062
34984030600014
34986339900045
34986880200019
34987064200023
34987684700071
34987810800084
34988170600015
34989617500016
34990936600016
34991789800026
34994044500019
34994383700022
34995020400025
34995887600162
34997751200020
34998073000015
34998678600011
34998964000033
35000289500018
35000885000025
35001295100025
35001711700036
35002066500013
35002700900017
35002746200018
35002878300016
35003728900013
35004596900069
35005733700072
35005897000012
35006346700020
35006413500055
35006479600013
35006778100020
35007366400012
35008216000010
35008756500015
35008898500022
35009129400016
35011237100017
35013310400033
35014640300034
35015446400019
35016078400012
35016448900014
35018426300019
35019275300019
35019571500015
35019646500024
35020734600023
35021759200012
35022102400028
35023489400029
35023592500020
35024603900480
35026838900011
35027815600012
35029371800036
35030985200027
35031319300012
35031327600023
35031988500017
35033261500011
35035730700023
35037384100039
35037619000020
35038611600015
35038986200045
35039050600037
35039423500039
35042449500033
35042657300019
35044555700019
35046954000016
35047593500044
35047775800063
35047990300022
35048586800011
35048909200022
35050743000048
35054605700018
35056368000015
35057002400025
35060086200014
35060279300035
35060403900015
35062400300058
35064852300024
35065362200018
35066383700036
35067646600070
35068317300016
35070997800026
35074075900021
35074364700017
35075312500607
35076242300027
35076614300019
35077459200025
35078842800018
35079161200178
35079625600013
35080492800066
35083166500020
35084589700015
35085615900016
35087236200016
35088719600052
35089002601393
35091291100012
35091952800041
35093459200022
35096188400029
35096376500028
35096731100035
35097590000076
35097673400011
35097932400026
35098569300026
35098616200013
35098739200049
35099927200056
35100616800030
35101646400023
35101655500028
35103919300096
35105949800037
35106435700012
35107952000026
35109167300035
35111303000016
35112210600013
35112229600020
35114141100014
35116235900019
35116448802218
35117995700029
35118614300076
