34482793600016
34483643200049
34484054100058
34484064000017
34485773500031
34486843500027
34489199900023
34490119400011
34492004600036
34493438500016
34493680200018
34496053900015
34496255000010
34496648600013
34496685800013
34497271600023
34498417400013
34498606200026
34500252100010
34500668800013
34503941600556
34505096700016
34505209600012
34506299600037
34508115200026
34508556700013
34508617703766
34508617707767
34509736400029
34510993800026
34513048811949
34513048814083
34513048828646
34513048828828
34513048829818
34513418300044
34513554500027
34513555200064
34514783900012
34514887800019
34516668000024
34517726500039
34520403600064
34523813300028
34524897500129
34525052600018
34526808000016
34527164700033
34530161800038
34530430700019
34532766200028
34533522800010
34533618400030
34534295000010
34535110000051
34535449200018
34537196700018
34537349200015
34537605700021
34538484600035
34539253400011
34539832500034
34539989300048
34540415600084
34605002400642
34738457001332
34738920700031
34740884100075
34741017700013
34741030000011
34741241300069
34741706500013
34741874100018
34744082800015
34744978700048
34746332500030
34748915500015
34751584300014
34751725200032
34752074400017
34752472000021
34752935600011
34753804301244
34755589800035
34756070800021
34756768700012
34757443600023
34758120900033
34758267800020
34759192700038
34759974800022
34760075100023
34760595800029
34762425600017
34763431300030
34763769600019
34764110200020
34764938600021
34765317200010
34765675300022
34766190200036
34767825200060
34768139700027
34768751900012
34769446500027
34769847400017
34770358900015
34770419900012
34771298600012
34771967600020
34772209200017
34774043300029
34774363500026
34774409600020
34774563000017
34774996200010
34775239600023
34775247900043
34775429300012
34775740300030
34776520800017
34780671300066
34782396500020
34784137100029
34786077700015
34786198100087
34786965300050
34787247500020
34787447100084
34787697100032
34788403300015
34789538500016
34791929200057
34792709700027
34793810200014
34793830000139
34794279900045
34796681400019
34797110300010
34800369000016
34800956400025
34801121400106
34801387100028
34802110600037
34803348100022
34806681200036
34807149900019
34807260400013
34809236200014
34809536500014
34810952100024
34810969500018
34811793800012
34812299500015
34814115100020
34814530100019
34816866700338
34816896400032
34817696700068
34819080200010
34820628500010
34821024600016
34822110200026
34823046700014
34825197600034
34825683500011
34826086000047
34828217900012
34828615400029
34828862200015
34831728000025
34831967400035
34833473100018
34833537300026
34833699100040
34834712100025
34839191300020
34839247300024
34839433900090
34840566300033
34840819600031
34840961600011
34842730300014
34843231100036
34844629500019
34845732600018
34845986800058
34846139300012
34846559200015
34846842200020
34848020300010
34848375100015
34849141600049
34849200000024
34850912600036
34852389500012
34852673200022
34853240900029
34853536000047
34859781600035
34860454700011
34860660900082
34861130200012
34861586500030
34865397300019
34866581100025
34866823700012
34867416902320
34867416904870
34867701400022
34868315200063
34868588400010
34869476100019
34870758900035
34871005400027
34871995600040
34872454300015
34873752900019
34873978000016
34874222200014
34875263500022
34875595000022
34876128900027
34876200600339
34877397900045
34878419000020
34879295300021
34880243000010
34881107600051
34882057200017
34882074700015
34882125700014
34883187600027
34883837600021
34884131300011
34884147900051
34884960500053
34885438100087
34886415800012
34888816500035
34890012700013
34892450700018
34893093400016
34893389600022
34893629500040
34895107000021
34895504800031
34896557500049
34896656500023
34896791000095
34897786900026
34898077200027
34898717300013
34901459700034
34901750900036
34901989300040
34904865200037
