34482165700022
34482932000037
34483447800036
34484213300029
34485564800038
34487191800019
34488238600032
34488316000014
34488785600021
34489522200018
34490057600010
34490080800017
34490205100053
34490865200029
34491665500014
34491741400015
34491837000018
34493636400050
34494366700057
34496963900014
34497008200022
34497103100051
34498174100012
34499228400051
34499325800039
34500646400019
34501442700024
34502504300026
34504172700024
34504438200025
34505070200025
34505866300021
34506104800046
34507618600021
34508617702867
34508617702883
34508617703550
34508617706298
34508896700038
34509499900025
34511306200045
34513048811360
34513048821948
34513048823191
34513048828398
34513048828968
34513048830428
34513066000045
34515971900029
34516433900011
34518703300013
34521219500027
34521344100016
34521371400016
34523184900034
34525633300013
34525866900018
34526150700072
34526370100012
34526756100024
34527094600048
34527734700034
34527968100018
34528201600228
34528201600426
34528941700015
34529802000016
34530688000708
34531240900039
34533691100085
34534854400015
34534941900027
34537543000021
34538894600047
34539204700048
34540415600712
34738457000904
34741595200014
34741675200017
34743875600038
34750933300030
34752665900011
34753804300592
34753804303117
34754006400024
34754960200030
34755031100018
34755863700034
34756281100013
34756679600020
34757028500010
34757069900012
34757616700014
34757714000010
34758223100465
34762698800013
34763600300027
34764222500010
34764934500035
34765571400017
34766963200015
34766963200049
34767167900012
34768115700017
34768716200011
34769575100037
34771626800011
34772575600014
34773812200014
34774829500016
34775043200036
34775464000014
34775484800039
34775918500015
34775996100027
34776260100016
34776933300019
34777245100014
34778255900012
34778990100035
34779164200056
34780717400029
34782199300016
34782360100039
34782423700056
34782700800025
34783718900047
34783899700042
34784272600023
34784419300024
34785002600019
34786844000012
34787165900012
34787404200018
34787637700024
34787859700025
34788078300027
34788638400010
34789264800010
34789624300032
34790488000023
34790900400025
34792671900092
34793336800032
34794048800088
34794287200024
34795855500018
34798868500058
34798993100014
34800307000037
34803927200011
34805816500328
34806431200203
34806832100150
34808630700017
34808947500019
34809949000016
34810280700016
34810297100036
34811229300025
34812442100044
34816084700011
34818666900019
34819818500020
34819877100019
34820145000015
34820168200013
34821361200040
34821408100062
34825620700039
34827220400028
34827412700037
34827434100083
34828335900035
34831658900012
34832365000013
34832619000017
34833033300033
34834872300027
34835361600025
34836116300010
34841450900011
34841632200017
34841773400012
34841944100038
34842903600018
34844862200012
34845235000013
34845645000066
34846743200012
34846745700019
34849968200014
34851363100062
34852030500056
34852300200023
34854403200025
34854919700021
34855997200016
34856202600024
34856298400016
34856719900016
34857688500019
34860705200027
34861505500137
34863099700040
34863941000029
34864930200018
34867098500020
34867416901769
34869330000017
34869633700016
34871364500011
34872075600041
34873760200014
34873879000024
34874139800021
34874871600019
34875768300019
34875952300015
34876229500031
34876291500018
34877022300033
34877176700046
34878477800022
34879175700019
34879422300019
34881066400022
34881414600026
34882323800020
34883011800017
34884083600012
34884161000010
34884376400054
34884844100047
34884936500021
34886535300026
34886880300019
34888042800019
34888068300027
34888434700017
34889351200023
34889802400024
34890791600053
34891497900045
34892905000022
34893046200018
34894768000032
34894987600018
34895287000056
34895866100012
34897469200017
34897676200040
34897913900055
34899411200020
34899969900039
34902660900017
34903549300015
34905751300039
