34483034400026
34483807300031
34484500300054
34486433500015
34487824400039
34487980400021
34488618900010
34488795500088
34489274000046
34489462100079
34491491600038
34491597000034
34492717300015
34495135500025
34499414000020
34499829900020
34500769400028
34500929400025
34501601800029
34501833700013
34502118200018
34503941600440
34508617701778
34508617703105
34508617703444
34508617705720
34509206800039
34509695200055
34510621500014
34511338500032
34511726100015
34512986000028
34513048805172
34513299700015
34513428200010
34514051100022
34515364700010
34517688700015
34517815600054
34518252100012
34518429500029
34522442200021
34522830800028
34525027800016
34526446900015
34528625600010
34529783200031
34531753100027
34532193900042
34532614400069
34532854600048
34540245700039
34741001100097
34741322100016
34741481500022
34743744400016
34743816000017
34745487800054
34747676400035
34748356200083
34748374500019
34748737300016
34750046400040
34751297200048
34751387100025
34751434100028
34752448000014
34755285300033
34755691200041
34758223100812
34759402000021
34760543800022
34761931400029
34762058500013
34762166600028
34763078200014
34763327300029
34764251400033
34764756200029
34766963200155
34768300500016
34770851300010
34774794100016
34775818700061
34776401100016
34777263400015
34779417400016
34779670800019
34780035100012
34781432900020
34781698500019
34782041700017
34782642200029
34783062200036
34783433500031
34783745200049
34784051400017
34784059700020
34784964800022
34785941500023
34786079300012
34787036200048
34787151900026
34787190700023
34788080900012
34789321600015
34790049000033
34791769200019
34792365800012
34792604000077
34792671902031
34792978800045
34792980400024
34793285700027
34794060300025
34794351600042
34794498500014
34795001600035
34795028900038
34795528800027
34796396900014
34797884300014
34798895800034
34799936900064
34799962500036
34800127200023
34800644600259
34800763400044
34801194100013
34801198200215
34803611200020
34807109300028
34807217400017
34807578900027
34808117500039
34808490600018
34808890700012
34810284900026
34810761600032
34811832400014
34812199700020
34812203700016
34812242500054
34813948600016
34816866700403
34821336400055
34822004700016
34822764600042
34822922000010
34824229800019
34826445800012
34828728500012
34829866200019
34831286900012
34831466700083
34832034200036
34832762800031
34833108300033
34834022500021
34837691400027
34837747400013
34838041100036
34839190500018
34840367600029
34841550601584
34843089300027
34845525400022
34845565000013
34846674900010
34847715900043
34848008800031
34851473800072
34851839000037
34852964500023
34853471000010
34853971900016
34854727400038
34856851000039
34856861900020
34857486400032
34859880600043
34859944000016
34861073400017
34865290000013
34865510100049
34867416901074
34869972900029
34870001400015
34870521100012
34870833000025
34871746300015
34872204200010
34874258600012
34875545500022
34876810200017
34879691300054
34879939600018
34880529200029
34880904700015
34882692600019
34882971400016
34883138900013
34883325200029
34883445800013
34884329300021
34885027200017
34885482900010
34885616200030
34885995000027
34887522000017
34889005400011
34889403100015
34889973300011
34890125700041
34890185100017
34890589400013
34891834300149
34892783100035
34892803700038
34892962100053
34893840800013
34895504800023
34895709300019
34895879400045
34897186200035
34897237300016
34897778600014
34898187900011
34899007800027
34899900400024
34900540500015
34901031400020
34901937200045
34902872000028
34905041900010
34906096200058
34906475800015
34911345600033
34912619300029
34914105100020
34914229900024
34914403000047
34914872600053
34916403800052
34917980400043
34919437300016
34920171500035
34923009400022
34923785900013
34923944200016
34924277600020
34926077800015
34926880500042
34927870500026
34928980100012
34931954100034
34933601600028
34935749100027
34936493500016
34937282100018
34937435500064
34937715000025
34938509600012
34941527300029
34943502400014
34943733500012
34943796200054
34944399400018
34944626000037
34945017100047
34945235900020
34948340400019
34948671200012
34948895700011
34949617401938
34951728400015
34951926400049
34951953800012
34952648300020
34952716800018
34953055000012
34954818000042
34955407100028
34956536600029
34956962400050
34958324500049
34959407700027
34960877800057
34961577300026
34961662300014
34968096700016
34968460500018
34968543800021
34969160000010
34971387500012
34972841000037
34972952500023
34973747800017
34974382300016
34976337501192
34976906700019
34977976900018
34978964400029
34979020400102
34980892300024
34981577900021
34983260000010
34983739300033
34986783800048
34987025300011
34988306600020
34989288500014
34990024100010
34990633900024
34990869900011
34993197200039
34994340700016
34994784600011
34995473500024
34995726600027
34995736500027
34996796800018
34997103600018
34997493101486
34998306400016
34998522600043
35000350500012
35001788500012
35001936000048
35002294300020
35002643100022
35003479900014
35004299000019
35004894800045
35005033200013
35006536300037
35006777300027
35007592500015
35007699800011
35009317500015
35010018600013
35010385900012
35012832800084
35013540600022
35016297000015
35017073400015
35017160900018
35017916400016
35018610200025
35020206500016
35021419300012
35021585100022
35021663600018
35022929000035
35023527100011
35023903400027
35027460100060
35027480900028
35027500400017
35028036800027
35029121700049
35032608800027
35032683100038
35033402500037
35037089600044
35037751100026
35038013500060
35038080400020
35038365900041
35038880700058
35038953200028
35040606200025
35040692200012
35041222700026
35041878600033
35043100300036
35044467500044
35045186000034
35045903800112
35047352600035
35047693300022
35048221200015
35048383000021
35048957100025
35049745900080
35050087200030
35050476700046
35050510300019
35050948500040
35050981600012
35051904700087
35051987200070
35053821100011
35055254300018
35055675900016
35055895300021
35056506500017
35057074300012
35057405900019
35058142700019
35058311800020
35058394400011
35058521200011
35059698700015
35068325600027
35068766100016
35069121800027
35069638100044
35071168500015
35072788900015
35072934900018
35074440500035
35079161200210
35081625200018
35081882900011
35082949500026
35083805800039
35083960100043
35084151600031
35084194600014
35085920300019
35086069800033
35086902000049
35088049800034
35088741000016
35089002600114
35089506600016
35090673100038
35091115200022
35091268900022
35092919600011
35095368300025
35097990200011
35098029800011
35098657600089
35104072000028
35104624800016
35105975300019
35106852300015
35111823700012
35113660100041
35113935700013
35114129600027
35114131200022
35114390400016
35115021400010
35116448802804
35116998200029
35120216300025
35122404300015
35122406800038
35123450500029
35123745800036
35124871100019
35126643200076
35126681200012
35126875000038
35127053300034
35127831200027
35128311400012
35129543100057
35129896300106
35130442300038
35130839000019
35131463800021
35132573300134
35134583000019
35135288500021
35136224900036
35136662000026
35137059800044
35138326000053
35138741000019
35138843400059
35139618900026
35140389400014
35140574100023
35141688800029
35141912200079
35142498100014
35143823900532
35144194400011
35144208201181
35144208202387
35144208203534
35144610900024
35145322000060
35146003500048
35146703000018
35146707100012
35147517300032
35147891200014
35149927200018
35149936300015
35151084700038
35154636100038
35154708800044
35155898600011
35156029700050
35156125300011
35156144400016
35156454700047
35157252400038
35158304200012
35159615000026
35159802400047
35159814900026
35159988100015
35160547200023
35160570400011
35161180100017
35163584200070
35164415800047
35165596400010
35165656600012
35168833800018
35171472000031
35172794600029
35173219300047
35173387800059
35173768900015
35174181400021
35174572400374
35175151600029
35176850200012
35178506800021
35178739500018
35179315300021
35181269801509
35182928800049
35183056700019
35183333000019
35183334800011
35183740600146
35183740601284
35185855000079
35186125700019
35186442600033
35187511700019
35189529700015
35190017000017
35190523700019
35190784500066
35190805800016
35191849500018
35192551600038
35193788300012
35194808800015
35196099200011
35197245000016
35197510700019
35199057700014
35200161400044
35201265200025
35202192700012
35203032400029
35203728700021
35204976100039
35205153600022
35205905900027
35206871200020
35206959500028
35207378700025
35209904800097
35209904800212
35214133700019
35215320900031
35216068300038
35216311700026
35217672100186
35219336100016
35221572700012
35221687302654
35222277200035
35222501500010
35227140700053
35227681000020
35228217200027
35229673500017
35229844200026
35230490100023
35234119200057
35235073000045
35235628100035
35237179300014
35240183000026
35242866800086
35243872500033
35245067000034
35245522400027
35245932500036
35246208900025
35246932400011
35247115500015
35247407600028
35247627900034
35247725100040
35248072700010
35248334101510
35248334102864
35248334103110
35248995900010
35249184900019
35249255700017
35249359700012
35250256100033
35251531600094
35252165200136
35253491100024
35253983700018
35254803600016
35254907500070
35255385300016
35255637700021
35256004900020
35256956000019
35257198800018
35257696100010
35259151500015
35261037200075
35261118000014
35262358100050
35262384700014
35262924000016
35264115300023
35264395100010
35265391900022
35266249800018
35266739800031
35267224000020
35267527600013
35267733000016
35268649700038
35269445900020
35270435700016
35271646800017
35272226800013
35272401700061
35274701801102
35275309900014
35275431100020
35275664700017
35276070600023
35276275100019
35277085300013
35277249500011
35278625500047
35278654500066
35279315200021
35279411900029
35279605600013
35279778100015
35280279700022
35280997400012
35282303300019
35282620000029
35282789300012
35282950100019
35283110100055
35283339600174
35283973200026
35284245400014
35285131500015
35286063903318
35286063903656
35287252700085
35287691600011
35288983600073
35289796100012
35289802700136
35290909700029
35291003800046
35291824700011
35291968200018
35292027600024
35292749500072
35294397100023
35295521500012
35295847400038
35297048700018
35297135200013
35298216900034
35300333800061
35300570500010
35301399800011
35301869000027
35303364000015
35303767400036
35305460400015
35305681500023
35305924900022
35306861200012
35307313300012
35308484100025
35308552500023
35308666300021
35309634000024
35309716500016
35309821300013
35309902100019
35309931000073
35310204900049
35315846200013
35317016000025
35317540900039
35317634000019
35317761100012
35317868400034
35318790900034
35318847700023
35320625300018
35321236800057
35321629400010
35323059200019
35324224100019
35324485800034
35325516900016
35325803100049
35326145600019
35327362600013
35327485500017
35328742800026
35330043700020
35330265600023
35330472800085
35330734100019
35330791100027
35331486700048
35332124300019
35333133300016
35333457600017
35335349300011
35335982100058
35337577700029
35338336700029
35338577600011
35338926500011
35339197200018
35340540000014
35340961800025
35343093700014
35343620700024
35343721300021
35343932600011
35344046400876
35344305400013
35345452300013
35345932400037
35346088400011
35346536200039
35346714500010
35347984300024
35348415700014
35349072500010
35350567000011
35350881500043
35352070300029
35352202200014
35352958900031
35354954600029
35355456100012
35355530300018
35356026100011
35356619300010
35357408000027
35357982400015
35358937700012
35359924400038
35361632900028
35361640200023
35362766400017
35363815800041
35365253000067
35365302500018
35366083000020
35366709000032
35367986300012
35370756500019
35372039400025
35372699500015
35372966800015
35373039300025
35373618400048
35374880900038
35375026800016
35375946700023
35378654400026
35378820100013
35379988500010
35380203600015
35381341300070
35382102802130
35382102802452
35383439300020
35384592800020
35385334400011
35386003400043
35386028100016
35386995100049
35387031400047
35387589100031
35388118800026
35390287700219
35390680300021
35391021900016
35391243900018
35391439300015
35392065500027
35395432400037
35395490200014
35396034700022
35396116200024
35397745700046
35398381000014
35398779500039
35399674700047
35400852600015
35400946600013
35401375700019
35403175900047
35403426600024
35405215100017
35405632700019
35405796000016
35407035100037
35407896600018
35409126600057
35409283500074
35600000004363
35600000006569
35600000007180
35600000007644
35600000008729
35600000011275
35600000011914
35600000012567
35600000013002
35600000014425
35600000018430
35600000020879
35600000025095
35600000026391
35600000034964
35600000037597
35600000038848
35600000039239
35600000046029
35600000051749
35600000051753
35600000057879
35600000060172
35600000060343
35600000061356
35600000061815
35600000067198
35600000067544
35600000068327
35600000070617
35600000071319
35680157102201
35780070500133
35880170200012
36670403900010
36750089900219
36870006800043
36960001000028
36970266700030
37280206600079
37711165300020
37748135300011
37749306900027
37749432300035
37750656300099
37751485600030
37751889900077
37752074700017
37752660300032
37757419900065
37757580800029
37758649000023
37758927000018
37758945200020
37759229000045
37759303300014
37762464800012
37767391801694
37767987300010
37769111800014
37769360100017
37769701600022
37769754500012
37770265900048
37771902600058
