34482048500045
34483516000013
34484226500011
34484604300018
34485702400048
34487964800022
34488619700013
34488952200027
34491200100031
34494340200018
34494853400039
34495536400023
34496172700031
34498903300016
34500602701384
34501879000013
34502095200023
34503586900014
34504963900015
34506195600024
34508145900421
34508546800030
34508617701141
34508617702081
34508617704962
34508783700059
34508927000010
34513048806188
34513048819090
34513048826293
34513048828075
34513048829123
34513157700016
34513432400036
34518677900046
34518698500023
34518969000026
34520170100058
34520255000017
34521009000014
34521094200016
34522295400058
34523445400030
34524716700017
34524756300041
34525348800034
34527740400033
34527778400012
34528654600014
34529064700014
34530955300021
34531036100018
34531290400021
34535037500043
34535518400028
34537953100014
34538343400098
34538380600014
34539024900018
34540254900033
34540888400012
34738704500052
34739133600034
34739993300014
34740193700011
34740353700017
34741535800022
34743867300019
34744288100020
34744689000019
34744957100046
34752304500016
34753804303257
34758508500033
34758607500033
34760436500028
34760533900048
34761109700010
34761606200019
34762470200028
34762667300011
34763520300032
34763933800024
34765800700013
34766147200014
34766490600026
34766981400019
34769313700015
34771012100026
34771185500051
34772285200030
34774360100010
34775545600063
34775670200028
34776742800019
34776880600031
34779802700020
34780607700017
34781628200011
34784349200013
34785531400014
34786032200010
34786241900038
34789466900014
34789936100039
34792349200040
34792671901991
