34482563300045
34485967300024
34486038200029
34487425000055
34487647900066
34488170100058
34489440700016
34489761600050
34490476800019
34491184700012
34493121700014
34495539800054
34497951300019
34499273000038
34499664000027
34500602701392
34502646200019
34503143900044
34503872300010
34504679100074
34505235100029
34507152600023
34508094900026
34508617700192
34508617703089
34508617707403
34509189600026
34509813100039
34509943600015
34510976300010
34511089400028
34512174300016
34512650200029
34513048823951
34513048825345
34513048829503
34513051201483
34516106100063
34516269700014
34516866000065
34518596100017
34518874200034
34520403600056
34520959700029
34522758100013
34524321600016
34526776900023
34529548900032
34529909300012
34530031300292
34531152600023
34532517900074
34534032700013
34536291700022
34536388100037
34538001800050
34539160100043
34539992700036
34540415600043
34540415600142
34540518700021
34738457001787
34739666500015
34739884400014
34740260400024
34741181100024
34741373400026
34744794800022
34745455500017
34747002300016
34747662400015
34748135000010
34748296000015
34748443800028
34751028100038
34753804301400
34753804302382
34754350600021
34754681400042
34755033700013
34755709200017
34756651500057
34758341100017
34759618100011
34759743700024
34770245800022
34770607900048
34770666500036
34771780300014
34772103700021
34773893200032
34774157100017
34774310600044
34774859200065
34774859200073
34775030900028
34777835900013
34778490200020
34778541200011
34779141000066
34780247200014
