34482658100029
34485219900019
34486399800037
34486850000028
34487837600021
34488498600011
34489293000019
34489761600076
34492364400027
34492472500015
34496954800017
34497956200032
34498689800015
34499219300013
34500602700923
34501342900013
34503228800010
34503235300020
34503906900074
34503941600838
34505862200076
34505947100010
34506202000044
34507310000017
34507803400013
34507882800018
34508525200038
34508617701125
34508617705175
34508617706983
34508617707106
34508920500016
34509863600037
34510355000017
34510503500025
34511223900024
34512165100029
34512239400025
34513044700013
34513048805032
34513048807319
34513048810404
34513048814380
34513048816898
34513719400022
34514851400028
34516524500035
34517566500016
34517889100056
34519412000035
34519682800015
34520855700016
34521854900011
34524636700022
34525280300035
34525978200026
34526440200024
34526633200021
34528495400012
34530324200027
34531155900024
34532187100013
34533669700023
34533899000053
34535303100023
34538444000045
34538616300025
34738181600045
34742550600057
34743158700026
34743243700031
34744142000010
34744786400039
34745401900030
34745413400011
34746173300011
34746514800067
34747396900025
34748004800011
34748300000027
34749766100020
34752417500036
34753151900036
34757279400035
34757551600039
34760126200012
34761220200064
34763143400045
34763899100013
34764294400099
34764574900099
34766130800010
34768299900060
34769834200032
34769835900085
34769879700052
34770103900088
34770231800028
34770244100036
34770993300019
34771150900013
34771783700012
34772273800049
34773006100020
34773020200012
34773910400029
34774406200055
34775949000027
34776026600028
34776542200014
34777404400015
34777419200038
34778765700019
34779273100015
34780218300017
34780901400017
34782630700014
34782882400065
34786366400020
34787175800012
34787422400046
34788288800014
34791438400024
34791529000014
34793242800019
34794093400024
34794744200021
34797859500028
34799155600015
34799995500029
34802838200011
34805226700039
34805915500021
34806832100143
34807358600037
34808432800031
34808768500049
34810461300057
34811282200021
34813194700015
34813586400042
34813685400026
34813910600036
34813934600020
34815942700015
34816582000021
34818854100026
34819659300027
34819904300012
34820771300259
34820771300325
34821085700077
34821597100063
34821963500052
34823394100031
34823481600034
34824854300038
34825497000018
34826370800052
34828740000017
34828858000023
34831811400066
34833061400028
34835753400026
34838989100048
34839860300020
34841354300011
34841550601675
34843602300017
34843750000013
34844210400058
34844636000011
34844767300024
34844804400019
34846130200047
34846357100029
34847285300046
34848446000020
34849164800013
34849563100031
34850842500017
34852043800089
34852450500065
34853062700010
34853368800035
34853535200028
34853625100013
34854110300043
34856744700027
34856871800053
34858283400217
34858672800019
34859911900024
34860507200084
34861273000104
34861458700015
34861876000014
34864052500013
34864811400034
34865849300039
34866729600019
34867416904094
34867416906602
34868603100025
34868671800035
34868811000017
34868902700020
34869010800066
34869989300015
34870431300025
34873795800028
34873796600013
34873910300011
34874382400024
34875366600018
34875468000075
34875689100027
34875791500122
34877371400038
34877567700019
34877684000046
34879724200040
34880066500013
34880571400014
34883882200024
34884560300011
34885635200029
34886990000020
34887346400013
34887408200038
34888368700017
34888488300078
34890581100041
34892143800019
34893638600955
34894964500017
34896337200019
34897903000015
34899054000018
34899277700014
34899376700022
34900764100021
34902398600012
34902832400037
34903345600022
34904518700011
34905674700042
34908161200054
34909683400081
34911674900038
34911917200030
34916787400024
34917553900015
34918093500018
34918814400027
34921814900012
34923592900099
34923787500019
34923975600050
34925988700124
34926028100010
34926203000019
34926669200095
34928161800018
34929023900012
34929505500033
34930287700015
34933542200011
34933568700027
34935159300042
34935306000065
34936336600023
34941249400024
34941594300019
34944287100084
34944602100033
34944608800032
34947823000015
34948384200051
34949735400010
34950031400027
34950769900016
34951789600016
34954101100012
34954980800013
34955793400040
34957748600013
34959333500012
34960055100023
34960495900024
34961010500026
34961708400349
34962411400022
34962582200011
34963431100022
34963938500039
34964436900010
34965255200028
34966009200017
34966541400018
34967063800049
34967380600015
34968220300014
34971374300038
34971790000014
34972373400019
34973658700032
34973910200029
34974530700018
34974530700026
34974958000032
34975172700018
34975677500020
34975927400013
34977726800013
34980980600020
34981236200011
34984320100014
34984645100012
34985372100034
34986876000019
34987149100016
34987189700014
34991362400020
34992725100018
34992966100016
34998926900098
34999063000049
35001088000044
35001974100031
35003316300022
35004028300011
35005058900497
35005229600034
35006655100010
