34483720800059
34484499800106
34484809800010
34486601700017
34488050500039
34488846600010
34489705300015
34490404000013
34490588000052
34491471800079
34492955900013
34493282700019
34494331100045
34497903400016
34498462000015
34500394100027
34500602700576
34503074600019
34506864700048
34508617703931
34508617708047
34508772000024
34510561300011
34511245200049
34511936600044
34513048822763
34513048823803
34513048824959
34513048829099
34513048829248
34513048830527
34513051201210
34513051202259
34513417500065
34514776300014
34514956100010
34515256500023
34515837200010
34516501300045
34517444500014
34518625800041
34518792600018
34519021900047
34520794800018
34521411800027
34522287100039
34522590800010
34522979300038
34526705800013
34526801500095
34527219900034
34527716400017
34528424400018
34530030500025
34530031300243
34530031300276
34532304200027
34533446000085
34533659800023
34535133200035
34536863300011
34537003500015
34538357400018
34538523100039
34539485200015
34540301800012
34540415600555
34739180700026
34740230700099
34741001100204
34741421100040
34742130700021
34742987000038
34743736000055
34744355800015
34746475200075
34747324100029
34750288200025
34752367200017
34752374800023
34752563600010
34752679000022
34753759900057
34753804301772
34753804302556
34753804302846
34755939500012
34756233200010
34756281100021
34756548300018
34757591200071
34757625800029
34758192800012
34758614100025
34760650100034
34762243300063
34765399000015
34766350200016
34768217100058
34769722900032
34772380100044
34774426000030
34774596000018
34774630700078
34775552200047
34775689200027
34775728800167
34776632100025
34776762600026
34777019000028
34777480400061
34781487300043
34781626600014
34782532500025
34782994700022
34784239500019
34784516600029
34784760000025
34785484600040
34785571000039
34786607100066
34787689800110
34788906500020
34789460200031
34790132400025
34790702400017
34791663700031
34792671901595
34794753300050
34795962900010
34796379500013
34796909900105
34797734000038
34797760500026
34799379200022
34800518200046
34800750100011
34800757600054
34804223500039
34806238100028
34806616800017
34808597800016
34810632900025
34810859800031
34814122700044
34814275300014
34816308000016
34817324600011
34818738600027
34819470500029
34822437900043
34826448200020
34826628900019
34827242800031
34827275800023
34827434100141
34827926600012
34828356500029
34829188100020
34829675700019
34836076900031
34836483700073
34836634500349
34837005700021
34837090900015
34838197100038
34843196600046
34844120500039
34844906700027
34845230100032
34845601300047
34846095700023
34846641800020
34848069000059
34848770300046
34850240200012
34850682500028
34851297100022
34851376300089
34851395300029
34851575000019
34853960200022
34855294400012
34856871800038
34857849300010
34859559600035
34859721200029
34862053500024
34863919600016
34865405400017
34866839300013
34867416900894
34868436600035
34872718100052
34876496000012
34877773100012
34878388700055
34880146500066
34880602700010
34880815500017
34880945000086
34880999700011
34881016900014
34881812100017
34882036600048
34883942400010
34884416800032
34889064100015
34890621500036
34891423500018
34891721200014
34892440800019
34893444900029
34893590900088
34894794600011
34894917300036
34894998300038
34895643400024
34896793600033
34897330600023
34898256200053
34898419600025
34898839500029
34899016900024
34899155501948
34899746100010
34900353300065
34900495200025
34904666400026
34904904900027
34905285200093
34905844600023
34906069900031
34907189400035
34908298200019
34909459900025
34909476300019
34910535300024
34910653400036
34910700300056
34911877800050
34912848800062
34914030100012
34915021900013
34917327800079
34918791400057
34918930800019
34919172600018
34920443800023
34920518700025
34921551700013
34922075600051
34922321400066
34922612600010
34923686900013
34924080400014
34924200800028
34926669200111
34926937300032
34927357300015
34928372100034
34929088200027
34930372700037
34931344500018
34931773500018
34934177600012
34936366300015
34937470200091
34939068200061
34939168000056
34939839600037
34940016800028
34940342800023
34941175100036
34942433300012
34942658500015
34945053600017
34946682100015
34947357900010
34947789300011
34948003800018
34948899900013
34950183300025
34950357300033
34953123600017
34953827200031
34956562200033
34956854300061
34957810400037
34958003500013
34958471400043
34958505900018
34958681800024
34960904000010
34961347100037
34962211800017
34962463500075
34963123400060
34963457600012
34964085400023
34965643900016
34965854200015
34969076800719
34970578000014
34970584800027
34971784300024
34973226300018
34974102500010
34974125600029
34974470600020
34976119700012
34977014900012
34979248100013
34982283300019
34984231000014
34984832500016
34988879200018
34989041800040
34991086900016
34991485300032
34992584200024
34993558500035
34993980100032
34994466000019
34995393500013
34995887600220
34996645700047
34997129100027
34997283600010
34997493101122
34998629900023
34998890700086
34999178600022
35000039400014
35000295200017
35000462800037
35000557500013
35001224100146
35001386800046
35001930300014
35003036700014
35003645500029
35003969900037
35004912800019
35005108200062
35005617200017
35005670100047
35005712100021
35006629600038
