34482156600058
34484228100018
34484559900028
34485193600049
34486277600038
34486385700027
34487883000027
34494868200036
34496206300014
34499228400101
34500247100034
34500296800013
34501082100014
34501379100016
34501643000034
34501900400018
34503201500017
34503869900046
34504849000030
34504945600063
34505689900031
34505832500019
34506831600016
34507346400017
34507435500016
34507876000021
34508332300013
34508406500019
34508513800062
34508539300014
34508617704434
34508617705498
34508923900015
34509410600019
34509712500040
34510097800021
34510557100011
34512092700016
34512465500050
34513048807244
34513048814075
34513048826392
34513048829834
34513471200016
34514158400010
34514861300010
34515155900019
34516534400028
34520451500026
34522055200011
34522234300013
34524767000010
34525508700081
34526718100039
34526989800010
34527114200019
34530814200024
34530868800018
34531201100025
34531343100032
34531390200016
34532462800030
34534513600021
34535917800018
34536287500014
34539214600022
34539577600080
34540357000012
34585045700028
34671036100020
34738457001399
34740315600032
34741492200034
34742435000044
34743496100020
34744704700015
34746455400018
34747113800029
34747407400015
34747422300018
34748425500018
34749079900017
34749198700017
34749484100013
34750041500018
34750281700039
34751936500022
34752426600025
34752578400026
34753361400033
34753804301343
34754003100015
34754399300021
34754720000043
34755892600056
34759096000048
34760005800023
34760933100041
34762034600028
34762363900015
34762464500029
34762571700025
34762884400016
34764085600022
34765974000042
34766190200218
34766370000016
34766703200044
34768502600010
34769482000015
34769761700012
34769971200050
34770871100010
34770967700012
34773133300022
34774018500025
34775595100014
34777075200017
34777135400078
34779690600019
34780686100014
34780899000068
