34482660700022
34482889200044
34485180300041
34486181000028
34488084400016
34489172600012
34490956900016
34492301600010
34492779300036
34495424300020
34495903600056
34495957200035
34498097400010
34498713600043
34500602701459
34501137300015
34501578800036
34502215600037
34503317900010
34503941600119
34504278200010
34504295600051
34504821900017
34505485200016
34505596600013
34506189900034
34506567600065
34507030400018
34508617704244
34508617707353
34508617707809
34509060900065
34510409500020
34511314600012
34512920900028
34513048800827
34513048807228
34513048811279
34513048819207
34513048820775
34513048823787
34513048826962
34513048827432
34513069400010
34514678100025
34515013000010
34518689400019
34519050800019
34519060700019
34520569400010
34521228600016
34522754000050
34523217700047
34524825600041
34525608500035
34525899000026
34527882400049
34529911900023
34530031300318
34531150000010
34533205000029
34535088800037
34535278500041
34536512600019
34537332800029
34540037800021
34540297800026
34540415600266
34540996500034
34738457001548
34738457001571
34738541100082
34738616100017
34745883800013
34746295400012
34746365500022
34750278300025
34751141200053
34751901900033
34752551100015
34753889400010
34753959500038
34754610300024
34754812500017
34755878500056
34756095500010
34756807300022
34757345300037
34757572200033
34757584700038
34757594600046
34757793400032
34759658700035
34760496900019
34760881200041
34761700300046
34763017000012
34763868600043
34765009500016
34765932800020
34766190200127
34767357600034
34767719700027
34770198900027
34771064200013
34771608600017
34772072400033
34772319900035
34772591300078
34772764600015
34773882500012
34775659500018
34777945600032
34778009000010
34780081500024
34780600200569
34780844600012
34780984000023
