34482064200066
34486568800016
34487011800017
34487758400039
34488546200053
34489546100012
34489560200029
34491580600014
34492821300018
34495392200012
34497217900016
34499365400013
34501064900035
34501298300010
34501598600028
34503890500070
34503941600507
34504824300017
34505284900048
34505401900020
34505593300013
34506575900010
34508617701083
34508617704749
34508617705993
34508617707221
34509353800014
34510963100035
34512221200011
34512818500013
34513048823266
34513048824041
34513048824488
34513048829073
34513048830626
34513973700034
34514730000023
34515541000011
34518541700010
34520457200019
34522109700016
34523333200013
34524982500018
34525009600020
34525468400029
34526572200024
34528686800020
34530681500050
34531218500118
34535166200019
34535277700014
34535328800128
34536093700048
34536628000054
34536893000011
34538096800031
34538839100046
34539841600015
34540827200028
34540934600029
34741191000073
34742435000036
34742607400022
34743266800072
34743498700025
34743701400041
34744209700056
34744991000012
34746300200027
34748434700054
34749551700075
34750737800029
34754337300067
34754549300012
34754582400018
34757812200017
34760840800048
34760955400030
34761764900012
34764046800026
34766750300069
34766836000014
34767597700016
34769027300037
34769146100052
34769779900042
34771425500036
34772120100015
34772148200011
34772796800013
34773637300015
34777174300031
34778057900053
34778472000026
34778758200019
34779004000021
34780106000034
34781183800015
34783551400030
34784345000011
34786733500031
34789733200016
34791481400012
34792020900181
34792671900993
34792671901785
34792671902601
