34482571600014
34483218300018
34484019400015
34484230700029
34487482100012
34487728700039
34490484200020
34491073200033
34492428700024
34492619100034
34494990400033
34496065300030
34497568500019
34498397800026
34500428700024
34501875800028
34502694200010
34502832800028
34502844300017
34503253600020
34506979300015
34507758000016
34508097200010
34508302600012
34508555900028
34508617707056
34508617707601
34508617707676
34512347500088
34512939900019
34513048811535
34513048817490
34513048819660
34513048820676
34513048822565
34513048823209
34513048830576
34513051202663
34515005600025
34515469400342
34516276200016
34516338000024
34516769600029
34518072300032
34518272900102
34524615100038
34524898300016
34525291000012
34525673900011
34528216400028
34528692600018
34529397100015
34529727900019
34531752300032
34533505300020
34534477400053
34534779300050
34538601500019
34539876200012
34540349700034
34540774600063
34740230700149
34741926900019
34742385700015
34742911000047
34743014200021
34746331700037
34746419000029
34747778800025
34753804300295
34753804302200
34753804302945
34755497400019
34755568200017
34755988200019
34756155700013
34756312400010
34756674700015
34762865300052
34763641700037
34765402200016
34768239500012
34771109500021
34772805700014
34773281000010
34773496400039
34775179400012
34775520900017
34777167700023
34777536300067
34777742700019
34778103100047
34781187900027
34783144800019
34783366700038
34784957200040
34785437400027
34786867100012
34787162600037
34787777100027
34788776200065
34789904900014
34789911400024
34790469000026
34790772700023
34791023400017
34793024000036
34794094200019
34794902600012
34795062800045
34796732500015
34797770400043
34798959200071
34799433700082
34799609200032
34801262600019
34801823500013
34802043900017
34803824100025
34804434800319
34805254900014
34807019400025
34807608400048
34807740500010
34807807200017
34808232200028
34809320400033
34811242600021
34811246700058
34813670600010
34814115100012
34815136600054
34817814600018
34818050600019
34821269700059
34821349700020
34822384300023
34827434100067
34828895200024
34833774200012
34834075300014
34837261600022
34838983400014
34839667200035
34841283400015
34841550601212
34843604900020
34844095900024
34846972700013
34847265500011
34849286900030
34852768000022
34853538600018
34855464300018
34857708100014
34858056400014
34858087900024
34858994600014
34859500000046
34860351500027
34860854800031
34862156600028
34862168100041
34863234000025
34864316400018
34864691000086
34865000300059
34866283400012
34867416901470
34867416904193
34867906900016
34867994500025
34869809300047
34870903100036
34871837000011
34872363600067
34872858500012
34873397300013
34873663800019
34873842800013
34875207200010
34876425900019
34877758200068
34879406600020
34879600400052
34879650900027
34879704400024
34880334700015
34881472400012
34881930100113
34882728800039
34883289000019
34884657700016
34885277300020
34886461200026
34887047800016
34887827300013
34888232500031
34888338000019
34888703500031
34889461900017
34890167900012
34890330300017
34893192400016
34893795400033
34894460400043
34895630100041
34895724200012
34896844700014
34897393400014
34898230700137
34898381800025
34898805600019
34898996300031
34901098300014
34901699800016
34903806700014
34904318200014
34905059100024
