34485644800040
34487430000173
34487650300022
34488522300034
34488753400024
34489761600159
34490687000037
34493534100042
34494867400025
34496012500039
34497709500019
34502338600013
34502769200010
34504387100036
34504551200026
34506694800018
34507952900011
34508095600039
34508617704681
34509290200047
34509822200036
34510247900036
34510321200014
34510491300024
34512365700032
34512687400022
34513048802781
34513048808036
34513048810875
34513048811006
34513048811170
34513048813689
34513048815635
34513048820429
34513048822136
34513048823019
34513048825337
34513048827101
34513048827846
34513048829883
34514739100014
34515000700010
34515699600026
34516345500032
34516371100020
34517723200047
34518164800014
34523050200030
34528147100051
34528469900088
34529808700015
34531199700018
34532988200012
34533531900017
34535018500020
34537609900015
34537653700014
34538807800015
34540404000338
34738467900028
34741277700018
34741377500060
34741692700023
34745261700025
34747965100015
34748390100059
34748830600015
34750124900036
34750674300025
34750818600033
34753804301988
34756058300069
34757360200013
34757754600018
34757770200025
34759566200011
34760046200027
34760433200028
34760788900032
34761034700010
34762955200022
34763306700017
34763824900081
34763937900028
34770638400075
34771083200036
34774376700050
34774938400025
34775478000042
34776002700016
34776942400024
34777190900012
34778842400021
34778981000012
34779061000013
34779673200076
34780720800017
34781462600011
34781802300025
34782805500033
34783786600016
34783946600021
34784430000017
34785508200025
34787749000024
34788956000020
34789623500079
34789809000035
34790397300019
34791933400016
34792403700018
34792633900057
