34486884900045
34487932500035
34487965500019
34488144600027
34489996800020
34493134000022
34493564800016
34494974800026
34495636200042
34496239400013
34496640300026
34498844900023
34500238000011
34500538300012
34500602701251
34500602701871
34501938400014
34502539900048
34503154600038
34503906900058
34504000000019
34504191700070
34504792200132
34505579200013
34505853100020
34507960200016
34508328100021
34508335600021
34508609400041
34508916300017
34509138300017
34513048823324
34513048825089
34513048828422
34513048829420
34513048830543
34513417500057
34514458800042
34515163300038
34517788500018
34518074900029
34518232300021
34519821200010
34519938400016
34521003300030
34521005800029
34521465400013
34521728500062
34522246700010
34522980100047
34523165800062
34523304300016
34523482700037
34525499900013
34526218200016
34528343600029
34533588900035
34535118300578
34535279300029
34535598600018
34535685100013
34535824600048
34535919400023
34537972100011
34538702100107
34538728600049
34539896000020
34540810800024
34728014100024
34740165500084
34740907000062
34741182900018
34742403800011
34743530700017
34745605500032
34746265700029
34747923000018
34748147500015
34750210600011
34750803800010
34753804300865
34757546600029
34757873400068
34757911200017
34758916000014
34759908600027
34760251800016
34760753300028
34761696300018
34762017100038
34762167400022
34762202900010
34764925300031
34765259600011
34767188500015
34768752700023
34769752600015
34771155800077
34771615100019
34772310800010
34773001200023
34776273400023
34776406000039
34779014900038
34779813400024
34779913200068
34782332000044
34783290900035
34784894700037
34784896200044
34785290700018
34787216000010
34787534600012
34787615300011
34789793600022
34790175300033
34790346000074
34790550700021
34790856800038
34792548900028
34793027300029
34797656500015
34798240700020
34798318100020
34800159500019
34802273200039
34804899200039
34805120200011
34805241600032
34805273900011
34805895900050
34806593900012
34809212300028
34810142900036
34811080000011
34811846400018
34811912400017
34811972800072
34814468400043
34814497300024
34815044200039
34815317200039
34816248800020
34816387400012
34816772700067
34816987100012
34817867400050
34818543000017
34818619800035
34818726100014
34819245100055
34820269800018
34820611100018
34821446100025
34821556700051
34828136100017
34830410600076
34834973900014
34835660100032
34835713800026
34837146900027
34838048600046
34838221900015
34838442100015
34838530300022
34838902400020
34839097200068
34839268900017
34839386900014
34841192700026
34841797300032
34842165200010
34842750100039
34843423400012
34844892900011
34845051100020
34845055200024
34847882700028
34848848700052
34849142400019
34849612600015
34849901300053
34849903900017
34851298900016
34851440700033
34852571800030
34854025300021
34855719000025
34856555700025
34857526700011
34859375700084
34861719200011
34863512900011
34864404800012
34865322100021
34865879000012
34865918600012
34867416902205
34867416905067
34867902800038
34868700500010
34869325000014
34869897800106
34870183000013
34873238900021
34873413800012
34873534100011
34874072100025
34874606600029
34875739400013
34876275800012
34876978700030
34878246700032
34882837700013
34882899700018
34883396300013
34883498700045
34883862400024
34885958800017
34887401700018
34887461100018
34888190500023
34888985800034
34894374700025
34894567600016
34897782800014
34899155501203
34902224400017
34902870400048
34904843900021
34904973400032
34905033600040
34905693700015
