34482300000015
34484122600022
34484165500014
34486615700011
34491984000019
34493216500014
34493246200015
34494651200029
34494651200037
34494829400014
34495762600056
34495973900022
34498005700014
34498755700016
34499427200021
34500337000037
34501885700077
34506292100019
34507012200030
34507657400010
34508617703030
34508617705902
34508617706777
34508617708054
34510236200018
34510252900012
34510684300013
34510711400034
34511090200029
34511252800020
34511601600022
34513048804407
34513048807749
34513048808556
34513048814646
34513048819454
34513048822854
34513048825667
34513048828257
34513275700013
34513858000013
34515611100014
34516001400055
34516069100035
34517081500012
34518786800020
34518848600012
34520348300028
34520720300059
34521041300026
34521383900037
34521678200010
34523181500019
34528174500017
34529948100035
34530792000016
34531582400028
34538147900012
34539306000024
34539554500014
34738014900026
34740441000016
34741400500087
34741637200048
34742726200022
34742848400047
34743122300010
34745607100039
34747693900033
34748893400014
34749052600030
34752027200019
34753804302010
34753804302861
34754665700052
34756151600027
34758032600010
34758531700022
34758544000014
34759403800015
34759754400027
34761916500025
34762877800016
34763497400013
34764965900013
34766687700027
34766706500036
34767243800012
34767779100019
34768296500020
34769021600028
34769779900075
34771545000032
34772220900025
34773206700017
34773670400011
34774298300021
34775043200044
34775542300022
34776386400019
34776472200026
34776546300018
34779896900031
34781088900019
34784589300010
34786171800018
34786310200047
34787234300012
34787960300012
34788414000042
34789381000049
34789747200010
34790906100066
34793085100014
34793935700021
34794564400057
34794574300016
34795456200018
34799097000019
34801902700013
34804291200041
34804404100039
34805166500027
34806318100021
34807389100064
34807446900050
34809540700014
34811040400012
34813533600017
34814145800029
34814325600017
34818288200020
34819329300027
34819524900019
34821108700062
34821968400019
34822598800024
34824046600030
34824057300017
34824465800012
34825989600028
34826755000054
34829025500010
34829787000019
34835913400015
34839380200072
34841648800024
34842322900023
34842987900011
34845405900018
34845911600094
34846722600026
34848572300020
34849040000010
34849676100019
34849745400044
34850400200042
34850716100027
34850955500010
34851851500039
34851935600011
34853334000017
34853482700020
34854256400011
34854586400012
34855587100022
34856040000015
34857551500039
34859616400023
34861335700030
34862109500036
34862448700024
34863074000010
34863346200075
34863676200042
34863736400012
34864213300014
34866678500020
34867416900076
34867416900258
34867416900274
34867416906537
34868636100018
34869309400016
34869375500012
34869878800042
34869911700035
34871302500016
34872385900016
34872972400016
34873588700021
34876518100048
34879032000181
34880936900039
34881102700013
34881114200283
34883339300039
34883435900039
34883892100065
34884932400051
34885898600022
34886790400040
34887176500031
34887188000020
34887297900011
34888533600019
34889088000027
34891921800035
34892054700018
34892188300016
34892287300040
34893739200028
34893967900026
34894288900018
34896816500095
34897233200020
34897494000028
34897706700027
34898337000027
34899155500247
34899155500353
34899461700010
34899857600048
34900926600017
34906291900023
34906560700013
34906956700015
34907235500044
34907611700010
34908463200026
34910482800018
34910643500044
34911396900043
34913775200060
34913974100038
34915094600011
34915901200013
34916500100034
34918424200015
34918573600213
34919089200035
34919431600015
34919813500023
34921694500023
34923966500103
34924132300022
34924803900043
34928000800013
34928780500023
34929294600044
34930109300010
34930315600021
34936563500011
34936755700130
34936936300016
34938359600047
34938592200019
34939674700017
34940039000010
34941754300023
34943235100014
34943383900025
34944678100032
34944693000019
34946560900049
34948837900018
34949617400302
34950851500021
34951383800012
34954136700042
34955386700012
34955538300026
34956864200038
34957865800024
34958241100014
34961069100025
34961558300011
34961949400017
34963095400023
34964319700024
34964615800049
34965118200058
34965619900024
34965705600017
34967528000086
34968358100046
34968881200032
34969123800076
34969388700045
34969456200027
34969510600014
34969618700013
34971443600046
34971951800012
34973749400014
34974886300017
34975623900019
34976091800137
34976337500582
34976468800017
34977621100014
34980802200017
34981261000021
34981422800012
34981724700019
34982680000014
34983928200010
34985417400027
34985827400054
34986192200020
34987404000018
34987709200016
34989421200019
34991092700012
34992046200034
34992321900043
34992512300029
34993187300013
34993346500032
34993674000019
34998553100020
34999811200024
35000827200071
35001025200012
35001123500024
35001781000036
35002117600036
35003610900030
35003941800081
35005012600019
35005058900240
35005531500039
35007290600042
35009076700061
35009891900029
35010818900019
35011330400017
35011449200019
35011561400017
35012981300027
35014106500028
35014557900024
35014930800065
35016553600029
35019189600041
35019393400014
35019458500039
35020874000018
35021138900035
35021227000010
35021844200027
35024160000013
35027608500015
35029820400065
35029923600066
35030696500020
35030851600029
35030930800020
35031757400043
35032184000091
35033385200019
35034423000015
35035491600024
35036082200026
35036629000038
35036923700051
35037679400060
35037699200029
35038019200012
35043901400043
35044223200020
35050527700037
35050977400039
35052509300018
35052983000019
35053079600019
35053848400014
35054330200011
35054414400024
35056759000020
35058154200072
35058213600023
35058743200013
35060748700013
35065410900015
35065994200014
35066971900014
35067279600017
35068211800038
35068780200016
35068916200062
35068934500048
35072282300035
35072794700029
35072985100013
35074559200021
35075280400012
35076504600031
35077415400016
35078298300026
35079313900022
35080448000019
35083595500021
35084239900015
35085362800013
35085582100012
35086577000019
35087821100027
35091496600014
35094749500015
35096830100043
35096986100029
35097339200011
35098780600014
35100567300014
35101327100017
35103149700016
35105930800038
35106248400065
35110093800023
35111052300047
35111565400037
35113972000012
35114613900016
35114864800022
35119468300022
35121154500022
35122700400022
35123188100027
35124307600194
35124419900011
35124856200016
35125105300010
35125995700022
35128111800056
35128574700017
35128677800045
35128865900011
35130000900039
35130425800012
35131676500038
35132138500046
35133056800046
35133666400013
35134816400010
35134987300031
35135149900014
35137427700025
35138009200020
35138779000014
35138784000017
35138793100014
35138946500045
35138948100042
35138968900016
35140257300015
35140840600012
35141306700023
35141718300032
35142739800018
35143572200043
35144208203989
35145385700010
35145552200034
35146619800022
35150214100036
35151706500014
35153020900029
35153813700016
35155177500015
35156203800015
35157799400020
35158957700011
35160708000030
35161139700016
35162485300013
35163874700011
35163957000024
35163964600055
35164045300012
35164109700065
35164812600024
35168267900037
35170651000028
35171085000014
35171353201104
35171353201443
35172238400010
35172621100045
35173297900098
35173297900114
35173609500016
35174416400010
35174905600088
35175458500039
35177643000032
35178101800012
35180218600160
35180844900034
35180897700034
35181648300025
35181776200039
35181835600039
35183129200070
35183445200010
35184097000021
35184777700031
35186339400018
35186696700018
35186769200326
35186769200748
35186769201134
35186815300013
35187082900014
35187652900022
35187839200015
35187924200011
35188506600040
35189009000019
35189416700011
35190890000027
35191910500079
35192178800029
35192320600020
35193890700034
35193922800034
35194597700046
35195283300017
35197375500173
35197514900011
35197702000012
35199341500022
35199417300018
35201638000037
35202115800014
35202941700024
35203470600015
35207403300049
35208867800011
35209904800246
35212007500010
35212040600025
35212390500023
35212402800049
35214147700013
35215052800029
35216306700031
35216448700048
35217164900010
35217970900014
35218306500015
35219300700718
35219300701757
35220257600034
35221392000015
35221835800021
35223915600016
35225011200070
35237499500020
35237768300011
35237891300037
35238097600022
35239386200102
35241255500034
35243171200020
35243952500036
35244398000011
35244643900049
35244689200049
35244722100016
35244829400012
35245265000018
35245429200058
35246505800019
35246699900039
35246699900047
35248584100014
35250075500033
35250725500011
35251303000069
35254249200017
35254405000029
35255699700075
35257317400013
35259893200023
35260329400013
35260616400023
35260798000021
35262781400010
35263935500010
35263960300013
35264611100026
35265510400029
35266140900032
35266955000035
35269836900035
35270040500066
35270500800014
35271189900067
35271216000014
35271358000038
35271512200037
35272017100029
35273609400025
35274574900759
35274574901021
35274701800021
35275243000012
35276062300012
35277160400019
35277784100011
35279092700011
35279584300015
35280566700016
35281067500012
35281292900011
35281755500027
35282652300016
35282705900010
35282848700046
35283992200023
35284309800059
35285185100019
35285254500016
35285314700028
35286063902401
35288500800016
35292449200023
35293195000013
35295119800014
35295361600021
35295806000068
35296070200012
35298170800030
35298196300015
35298823200034
35299948600033
35300375900027
35301631400018
35301943300054
35302588500016
35304359900011
35304444900042
35305121200051
35305843100027
35307318200019
35312085000022
35312588300010
35313492700022
35313754000012
35315116000010
35317121800012
35317297600022
35317463400058
35319404600010
35319567000099
35320433200020
35320767300016
35321571800035
35321783900029
35322314200012
35324310800019
35324466800029
35325584700025
35326189400011
35327162000091
35328815200054
35330769700014
35332220900019
35334722200302
35334951700063
35335339400029
35335915100019
35336325200019
35336450800013
35337135400013
35337370700010
