34484081400042
34485119100066
34485254600029
34485423700015
34486875700024
34487473000049
34489152800020
34489204700012
34489306000022
34489987700015
34490287900032
34491231600033
34492021000012
34493030000019
34493688500021
34494085300023
34495108200041
34495671900027
34496073700015
34496745000026
34497249200013
34499002300048
34499044500019
34500228100045
34500470900027
34501215700037
34504311100052
34508225900010
34508617701463
34508617703238
34508617703394
34508665600039
34509826300014
34510949000010
34511242900013
34513048803789
34513048804050
34513048806683
34513048820387
34513048821716
34513048823670
34513048824496
34513048825675
34513048825725
34513048829487
34513048830741
34513249200108
34513530500026
34514883700064
34518109300039
34519228000062
34519967300095
34520623900013
34523002300037
34523987500015
34525022900019
34527103500015
34530103000028
34530215200011
34530688000070
34530724300039
34531387800026
34532162400024
34532652400013
34533329800015
34533818000010
34533953500030
34534153100019
34535158900022
34538281600022
34540058400024
34540136800039
34540914800086
34738137800020
34740058200024
34740364400011
34740957500011
34741662000024
34742199200012
34743583600049
34745602200040
34746497600039
34747235900038
34749372800013
34749789300011
34750171000037
34750850900051
34751743500017
34753804300600
34753804302069
34755739900016
34756949300021
34757110100018
34757195200048
34757362800059
34758322100093
34760011600029
34761162600016
34761867000033
34763415600017
34763669800032
34764020300019
34764170600010
34765273700037
34768377300035
34771110300031
34771482600026
34772276100041
34775753600037
34777257600018
34778425800019
34778889500014
34778959600025
34779138600019
34779587400010
34780534300097
34781998900026
34782052400028
34782945900044
34783122400055
34785589200050
34788424900025
34789925400010
34790116700010
34793632000014
34794399500014
34794492800014
34794680800016
34794798800015
34795657500018
34795736700019
34796243300012
34798344700017
34798409800017
34799586200021
34799858500017
34802471200013
34803702900025
34805031100011
34805664900026
34805970000032
34806016100018
34806215900010
34806455100016
34806775200017
34808947500100
34812598000014
34814316500036
34815429500011
34815562300203
34816328800023
34816848500012
34818891300027
34826164500017
34826686700012
34827531400071
34827712000013
34828001700016
34829917300024
34832583800012
34832871700023
34835481200060
34836576800012
34839049300024
34839389300071
34839917100027
34840432800034
34841636300011
34842025800025
34842228800020
34843708800035
34844190800012
34844946300028
34844952100049
34845230100024
34845793800028
34849302400015
34852836500011
34853441300037
34853799400017
34854091500033
34854505400028
34855051800016
34856440200017
34856540900011
34856611800017
34860470300010
34860640100019
34861007200079
34861663200033
34862215000012
34862251500040
34862604500010
34865222300010
34865677800027
34866161200047
34867416901884
34867950700049
34868218800035
34868548800010
34868675900013
34872447700016
34872469100012
34872950000010
34873412000010
34873570500033
34873660400029
34874782500035
34875519000017
34876162800034
34876563700064
34877036300029
34878763100061
34879144300032
34880004600024
34880184600026
34882338600019
34882453300023
34883471400027
34883993700037
34884772400013
34884907600016
34885299700041
34886640100022
34886823300027
34886927200040
34888813200027
34889213400019
34891324500018
34892060400033
34893585900036
34897385000012
34898561500015
34898567200024
34899219900029
34901307800028
34901891100025
34901947100011
34902201200018
34903453800018
34905587100025
