34482616900015
34484175400015
34484273700019
34484374300388
34484521900015
34485193600056
34493363500031
34493534100067
34496568600035
34499503000014
34499571700016
34500602701400
34501244700016
34501723000037
34504698100014
34504741900022
34508161600046
34508422200057
34508617702990
34508617704780
34508617705233
34508617706645
34510454100015
34510778300010
34512583500016
34513048818951
34513048824645
34513048826152
34513051202929
34513232800021
34515333200068
34516315800016
34516493300029
34516680500019
34517230800016
34518852800045
34520700500017
34520858100016
34521122100014
34521920800039
34522353100038
34522425700039
34522662500035
34523271400021
34524617700017
34528822900015
34530688001037
34530956100040
34532608600039
34534806400030
34535851900014
34536554800048
34538528000010
34539191600011
34539280700037
34540156600012
34738457000821
34738457001597
34738487700028
34739870300038
34740230700297
34741725500010
34742680100010
34745283100022
34747101300040
34748428900033
34748692000015
34749463500019
34749644000038
34750171000011
34753727600052
34754124500010
34755282000016
34755541900014
34755914800015
34757284400046
34758970700020
34759072100044
34759125700022
34760234400025
34760753300036
34760979400016
34761323400033
34761741700030
34763519500022
34764438700016
34766336100033
34770063500027
34771465100010
34772715800037
34773074900012
34773497200016
34773558100014
34774826100018
34776387200020
34776844200027
34777664300012
34777806000025
34777922500031
34778704600015
34779707800040
34780213400044
34781059000013
34781842900040
34782273600026
34783373300012
34783601700017
34783624900016
34783848400017
34785189100031
34786708700012
34787215200025
34788234200038
34788607900032
34791511800017
34791688400039
34792102500024
34795210300013
34795633600023
34795726800019
34795847200024
34797034500034
34797637500027
34797639100032
34798330600056
34799308100012
34799407100038
34799918700011
34800068800013
34800115700125
34801105700059
34801927400037
34801981100010
34802394600042
34802740000012
34804434800574
34807565600028
34807698500038
34809566200022
34811192300010
34811994200087
34812736600014
34815211700035
34815524300036
34816782600018
34817236200017
34818210600040
34818794900063
34818835000014
34820771300473
34822176300017
34822735600022
34824274400012
34824641400018
34824787500019
34827837500046
34827956300020
34828213800042
34830883400012
34831279400020
34831536700022
34834027400029
34834497900011
34836424100037
34837504900015
34837980100015
34837991800025
34838402500048
34838826500046
34839437000012
34839589800037
34840988900014
34844297100019
34847143400020
34848299300014
34849478200041
34849714000023
34849740500012
34850589200037
34851850700010
34851937200026
34852578300018
34853461100036
34855072400010
34855659800012
34856240600036
34856409700015
34857062300036
34857964000023
34858090300014
34858190100025
34858721300029
34859476300032
34859665100029
34860439800019
34860741700998
34862022000015
34863007000038
34863262100010
34863701800022
34863726500029
34865458300015
34867696600016
34868572800043
34870240800017
34870967600020
34871501200012
34873152200044
34875699000019
34875996000019
34878084200012
34878465300019
34884432500012
34884746800041
34885038900035
34885412600011
34885624600031
34886102200013
34886413300064
34886443000072
34886497600017
34889929500243
34890182800015
34891337700019
34894712800073
34895232600026
34896508800019
34898039200016
34899281900030
34902039600025
34902832400029
34902949600016
34903836400015
34905004700027
34905314000043
34906260400054
34909355900012
34909706300029
34909925900039
34912430500070
34912913000028
34913344700012
34913526900018
34914140800022
34914240600025
34916742900035
34917261900034
34919617000022
34920243200010
34920405700013
34920801700047
34921510300038
34922305700010
34922643100014
34923565500033
34925161100019
34925292400031
34928441400019
34928921500023
34929464500032
34931721400014
34933039900016
34933763400019
34933847500024
34934236000030
34938126900019
34939134200038
34939934500249
34942110700013
34942420000039
34942551200010
34943830900024
34944473700051
34944912400016
34945615200033
34946062600022
34946064200011
34946235800012
34951653400030
34952207800014
34952471000069
34954191200011
34955482400012
34955909600046
34957194300027
34957512600017
34958153800023
34958973900029
34960132800041
34960246600048
34960297900057
34960375300014
34961042800022
34961763900019
34962205000012
34962759600019
34963053300017
34963107700022
34964695000015
34964932700054
34967472100023
34967900100058
34968853100012
34970087200055
34971961700012
34972874100019
34973677700013
34973943300010
34975313700026
34976597400044
34976638600016
34976892900029
34977798700018
34978693900034
34978847100028
34979842100047
34979949400050
34980272800031
34980329600012
34982750100033
34984434000027
34984603000055
34984931500032
34985459600013
34985850600018
34986368800033
34986760600015
34987016200196
34988662200019
34989406300016
34989744700018
34991234500031
34991523100014
34992699800023
34993229300039
34993237600040
34995378600010
34995983300030
34996570700012
34996776000019
34996939400015
34997493101247
34998138100016
34998829500029
35000284600011
35000327300017
35000886800019
35001077300017
35002144000036
35002608400011
35002744700027
35002978100019
35003892300016
35004410300017
35005203100068
35005664400015
35005880600018
35007328400019
35007700400025
35008567600038
35009370400517
35009692100019
35013059700015
35013403700018
35013799800026
35014207100108
35014616300034
35016302800011
35017199700025
35019321500018
35019853700010
35022204800018
35025060100019
35026506200017
35029825300013
35030557900012
35032325900035
35032469500047
35032580900027
35032599900026
35032602100010
35032662500026
35032753200015
35033798600011
35034620100014
35037015100010
35037826100035
35037993900019
35038109100049
35038958100033
35041420700026
35042514600015
35043996400015
35044429500017
35046908600028
35047840000020
35050534300011
35051264600042
35051923700019
35053536500018
35054958000040
35056865500012
35058276300016
35058299500014
35059207700043
35062591900021
35063135400049
35063909200021
35064112200014
35064158500012
35064503200011
35066358900025
35066673100012
35067006300030
35067787800018
35068816400010
35071796300028
35072362300012
35073458800014
35073804300024
35075241600023
35075620100066
35075630000017
35075746400069
35076404900028
35076423900017
35076494000010
35078686900015
35079141400054
35079170300027
35082449600052
35083714200016
35084205000030
35084224100043
35084933700018
35085150700029
35086105000010
35086444300022
35086807100019
35088004300020
35090693900011
35091429700022
35093480800063
35094828700064
35095423600013
35096178500028
35096498700027
35097253500032
35097264200036
35098278100022
35099928000018
35101147300011
35101249700019
35104417700019
35104693300021
35104855800016
35108958600025
35111816100014
35112145400067
35113903500056
35113946400017
35116800000021
35118440300019
