34484641500018
34487010000072
34488111500028
34489096700013
34489944800031
34490183000036
34491479100043
34492676100067
34494825200038
34498789600018
34498818300010
34500844500016
34501535800038
34502481400013
34502947400029
34503353400016
34503381500035
34503941600697
34504046300019
34504763300093
34505297100032
34505471200012
34506424000046
34508087300069
34508513800039
34508617703980
34508617706421
34508617706827
34509104500020
34509766100028
34510797300041
34511094400039
34511193400021
34511793100013
34512099200010
34512872200021
34512886200025
34513048812301
34513048823407
34513048825899
34513051201939
34514226900041
34514607000031
34516332300016
34516813200065
34518262000012
34520128900013
34521604800057
34521878800031
34522754000043
34522951200016
34524875100033
34524895900016
34524962700059
34525492400094
34530031300235
34530688001011
34531629300017
34531816600013
34533628300030
34535979800021
34537001900084
34539339100064
34539546100022
34540415600134
34605002400360
34701024100037
34740588800020
34741639800019
34741875800020
34742401200024
34742914400046
34745456300037
34745774900013
34749406400046
34751626200040
34752214600013
34753664100017
34753804302929
34754700200027
34755033700054
34756839600027
34756845300026
34757841100014
34758223100515
34760147800014
34761270700021
34761578300011
34762410800010
34763712600025
34764299300013
34766208200119
34766290000013
34766559800020
34768596800013
34772750500021
34775089500018
34775893000015
34775928400024
34776915000066
34779843100016
34781019400022
34781755300014
34782041700025
34782049000022
34783355000077
34784061300033
34784203100036
34784738600013
34785331900015
34786046200022
34787471100018
34788492600010
34788649100013
34791083800023
34791318800038
34791757700012
34793128900024
34794775600032
34795426500067
34795481000037
34795924900058
34796166600018
34797129300019
34798377700017
34799108500031
34799912000038
34802151000014
34804225000012
34804241700025
34805624300010
34805981700026
34807233100013
34807390900015
34808210800013
34809786600019
34810099100010
34810566900033
34814475900019
34815292700045
34817368300023
34817653800026
34817954000029
34818246000017
34818267600018
34823989800011
34824930100022
34825342800042
34826257700045
34827063800029
34827540500028
34829635100011
34831744700020
34832712300041
34834459900033
34835070300040
34836192400015
34839042800038
34839119400019
34839567400057
34841938300024
34841962300023
34842705500028
34845696300027
34845719300046
34845895100012
34848346200027
34849045900016
34849192900017
34849298400029
34851616200024
34851930700055
34856436000017
34858259400035
34858899700059
34859546300046
34861281300017
34863099700032
34863346200091
34865387400035
34867416900159
34867782400032
34868032300014
34870259800023
34870686200011
34871256300033
34871658000033
34871696000011
34873457500015
34876747600057
34877191600031
34877295500194
34877521400045
34879257300027
34879820800016
34879985900031
34883206400029
34883486200016
34884684100016
34884844100039
34885128800012
34885144500018
34885275700023
34885649300039
34887197100019
34889738000013
34889974100014
34890196800035
34892746800010
34894020600132
34896314100026
34896801700015
34897371000018
34898131700012
34900219600013
34900899500053
34901182500024
34901541200019
34902264000016
34903294600080
34903676400042
34904900700033
34905200100014
34905415500024
