34482261400022
34485426000033
34487036500048
34488648600044
34490955100014
34491955000014
34493603400034
34493804800016
34494210700030
34497359900014
34497445600016
34498034700027
34499449600018
34499837200025
34499864600022
34500172100017
34500276000014
34501335300114
34501403900035
34501529100015
34503308800021
34503454000020
34506286300047
34506733400028
34508472700014
34508496600034
34508617704590
34508783700018
34512089300010
34512903500068
34512983700059
34513048800173
34513048812608
34513048821401
34513048823274
34513048830261
34514242600047
34514271500027
34514721900017
34520456400024
34523297900012
34523406600016
34524828000033
34526157200050
34526249700034
34526927800015
34530088300021
34530341600027
34530486900018
34530698900012
34532493300018
34533639000074
34534014500019
34534742100017
34536734600029
34536741100013
34538331900018
34540263000031
34602007600029
34652008300038
34738904100042
34740650600035
34743493800036
34743849100016
34744448100035
34746610400028
34747821600018
34748622700015
34750507500015
34751999300013
34752576800052
34752961200033
34753366300022
34753804300907
34754258100017
34754695400061
34755344800031
34756824800079
34757018600010
34759621500017
34760794700012
34762942000014
34763281200017
34763424800020
34764131800063
34765360200016
34765629000132
34766190200226
34768480500018
34769063800148
34769369900048
34769544700024
34775238800020
34776314600029
34776349200019
34777297200043
