34482416400034
34483847900014
34484019400023
34484385900572
34484648000012
34486002800028
34487517400023
34488231100022
34489319300021
34490062600021
34490596300023
34491933700099
34496183400019
34497533900021
34498228500027
34498499200018
34500602701541
34500602701814
34502795700041
34503212200011
34503871500024
34504563700013
34505843200013
34506276400013
34507035300015
34507899200095
34508617702602
34508617703139
34508617705944
34508617707973
34509928700012
34510533200018
34510934200013
34512260000017
34513048801668
34513048802567
34513048806675
34513048807178
34513048819314
34513048821666
34513376300028
34519183700045
34520066100014
34520657700016
34521042100029
34522857100013
34525004700023
34525150800015
34525339700029
34526141600027
34526370100038
34527037500016
34527769300015
34529995200019
34530951200019
34532064200019
34533560800021
34534512800036
34535838600018
34539146000010
34540415600613
34738457001126
34738457001654
34738901700026
34739530300014
34740092100065
34740454300030
34741001100089
34741275100013
34741300700076
34741377500045
34741936800019
34743081100021
34745168400067
34745986900017
34746347300012
34746390300109
34746741700015
34749951900010
34753804302853
34753804302994
34754593100037
34757270300036
34757570600051
34758223100788
34759906000014
34761070100018
34762454600037
34762741600014
34763030300043
34765245500010
34767015000056
34767588600019
34767979700014
34768385600012
34770229200017
34771348900024
34772784400040
34773050900044
34773615900018
34776931700012
34777472100018
34778764000056
34779301000039
34781993000020
