34482961900040
34486255200025
34486326100030
34486520900029
34486619900021
34486856700019
34487467200100
34488077800016
34488080200014
34492625800023
34493060700090
34493247000026
34494526600023
34494683500073
34495275900019
34496311100028
34497409200019
34499110400029
34500261200025
34500304000028
34501055700055
34502057200029
34502923500032
34503146200012
34508427100021
34508617700325
34508617703196
34508617705688
34508848800027
34510363400027
34510476400039
34511479700011
34513048810271
34513048812582
34513048816633
34513048816724
34513048819447
34513048822102
34513048822169
34513048823076
34513048825832
34514261600019
34514362200016
34514515500015
34514842300022
34515471000056
34516299400015
34518092100024
34518158000019
34519254600017
34519399900017
34519631500021
34519853500022
34519967300111
34520470500056
34520579300010
34521100700017
34523059300039
34524218400066
34524954400015
34526304000015
34527967300015
34531028800047
34533072400013
34533551700016
34534162200057
34534174700029
34535616600024
34536544900023
34538454900027
34538728600031
34539233600011
34634051600019
34738457002991
34739506300014
34739619400024
34739989100022
34740230700032
34741224900026
34741933500018
34745977800010
34747432200018
34748398400014
34748688800014
34750016700015
34751131300012
34751346700014
34753690600022
34755515300019
34756333000013
34756393400020
34759193500015
34760776400029
34761187300014
34761611200038
34761823300014
34761901700036
34762168200025
34762221900017
34763083200066
34763474300012
34765269500011
34765574800015
34765574800023
34765724900087
34765817100025
34767093700015
34769432500015
34770885100014
34773414700015
34774202500039
34774237100011
34775039000028
34775482200034
34775729600061
34776142100028
34777247700035
34779970200019
34780960000021
34781228100025
34781989800011
34782134000101
34782805500041
34783185100063
34783834400013
34785399600036
34789328100027
34789480000031
34789566600027
34790975600020
34792045600014
34792492000023
34792498700022
34793204800049
34793515700029
34794562800050
34794707900021
34796795200073
34797084000018
34799705800016
34799847800023
34800095100023
34800268400010
34800383100024
34800444100021
34800616400043
34800804600032
34801180000029
34801794800012
34802101500055
34803596500014
34803718500074
34803795300026
34810183300047
34811280600024
34811752400127
34812414000016
34815528400022
34815784300023
34816289200023
34817454100055
34819406900053
34820233400010
34820253200019
34820551900039
34821440400033
34822518600025
34823731400078
34825668600018
34826929100012
34829994200022
34830171400039
34830687900076
34831022800021
34831561500016
34832918600038
34833800500062
34835908400012
34837731800038
34838659000023
34841092900049
34841562100013
34843229500015
34844839000032
34846291200026
34846341500037
34846438900025
34846721800031
34846811700026
34847149100038
34847818100012
34848887500025
34850927400018
34853279700027
34856114300010
34857711500010
34858241200030
34858813800076
34858841900013
34861012200015
34865748700073
34865821200025
34867416902361
34867416902437
34868303800015
34869477900029
34869566900013
34870492500042
34871250600016
34871504600028
34871948500040
34872067300014
34872706600030
34873190200055
34874548000031
34874731200026
34875113200021
34875870700049
34876770800012
34876956300019
34877037100022
34878183200020
34879176500020
34879360500018
34881487200019
34881588700016
34882864100012
34883490400016
34884827600054
34886154300018
34887816600019
34888962700033
34889235700016
34889334800022
34889477500017
34890641300193
34890655300022
34890931800019
34892115600041
34893032200048
34893061100010
34894494300011
34896365300012
34898913800022
34899155501575
34899189400018
34900874800080
34901229400022
34904389300032
34905194600011
34906889000012
34907887300016
34908884900055
34909261900015
34909494600010
34910691400030
34911449600095
34913409800020
34913500400084
34913578000022
34914637300023
34915025000026
34918796300013
34919464700021
34920724100010
34921585500025
34922047500025
34925038100010
34925395500018
34926702100047
34927245000017
34929416500015
34930213300013
34930665400030
34934475400016
34934966200032
34935391200018
34935795400024
34936214500022
34937347200043
34938301800018
34938915500012
34941171000016
34943094200210
34943216100025
34946122800026
34947440300012
34947460100011
34947540000017
34948219000015
34949617402035
34952002300053
34952120300019
34952992500019
34954802400018
34955134100010
34955818900016
34956771900019
34957018400011
34957045700011
34957281800038
34957489700014
34957675100037
34959027300018
34959418400039
34959598300041
34960816600014
34960977600027
34961461000013
34962059100017
34963642300015
34964388200062
34965341000010
34967836700021
34967874800014
34967933200016
34968867100016
34968920800016
34970336300029
34971139000014
34972318900016
34973330300029
34974470600061
34974779000070
34974947300022
34975961300038
34976310200010
34976354000011
34977118800027
34978448800026
34981259400050
34981839300028
34982008400011
34982291600038
34982371600064
34983487900067
34984584200013
34986325800019
34986976800037
34987016200162
34987410700015
34987860300027
34989031900016
34991255000028
34991978700029
34992409200050
34993693000024
34995760500141
34997670400024
34998926900064
35001052600019
35003601800025
35003914500023
35004053100013
35005556200028
