34482640900015
34483151600010
34483840400012
34484374300479
34485285000017
34485292600015
34485779200032
34486603300030
34487657800016
34487776600016
34490233300014
34491289400013
34491547500018
34493842800010
34494344400044
34494427700013
34494857500032
34495527300018
34500516900031
34500600100027
34501109200029
34502322000014
34504837500017
34507154200012
34507851300065
34508267100016
34508617700721
34508617702545
34508617703188
34508617703345
34508617704905
34508728200025
34510965600040
34511121500017
34511295700013
34513048805081
34513048810446
34513048818167
34513048822839
34513048824553
34513048826566
34513048826681
34513048828612
34513933100010
34517209200016
34517832100013
34517973300026
34519183700037
34522530400020
34522706000018
34524017000026
34524528600017
34525466800071
34526801500087
34528028300010
34529832700023
34530567600016
34530658300039
34530688000393
34532775300033
34533752100016
34534281000016
34536385700045
34536553000038
34537687500042
34537719600042
34537795600015
34539277300049
34539767300038
34540234100035
34548016400044
34738452100022
34738457002231
34738457002397
34738457002892
34738746600027
34739024700059
34739175700056
34739466000042
34741538200022
34741807100051
34743869900022
34744967000012
34746547800035
34746758100018
34747497500013
34748071700011
34749206800049
34750258500032
34752659200014
34753103000018
34753864700012
34754436300026
34755748000014
34755895900032
34761102200026
34763496600019
34764035100024
34764651500028
34765554000016
34766127400014
34766497100053
34774704000082
34775078800015
34775883100015
34776300500019
34776500000018
34776513300025
34780600200320
34781234900053
34783335200037
34784312000010
34784668500027
34784960600020
34785461400018
34785967000023
34787042000036
34788291200046
34788797800026
34789149100016
34790141500021
34791022600013
34792671900357
34794784800029
34798740600019
34799070700015
34800783200028
34803178200017
34803319200025
34803787000014
34804434800442
34804994100019
34807933600015
34808371800018
34808970700023
34810142900028
34810456300021
34813504700010
34813801700051
34814203500040
34814663000036
34817391500011
34817663700075
34818148800027
34818175100010
34819621300014
34821261400013
34822394200080
34826489600021
34827023200070
34827436600023
34829307700015
34831085500039
34832222300036
34833149700027
34833397200019
34835436600067
34836146000069
34836423300018
34837785400016
34840235500021
34840631500021
34840728900050
34840850100057
34841550601279
34842953100018
34843761700015
34844204700018
34844703800012
34845228500011
34845294700032
34845326700026
34846784600013
34849675300032
34850456400025
34850505800027
34851659200071
34853873700050
34855191200101
34855341300017
34857841000014
34859438300021
34859606500030
34861811700025
34861894300016
34862454500011
34863254800015
34863275300029
34863346200117
34863358700012
34863602800105
34865190200028
34865505100061
34867416904086
34867664400092
34868350900023
34868630400018
34870011300023
34870541900037
34871016100020
34871966700019
34872294300019
34872549000067
34873220700025
34875857400027
34876740100014
34876821900027
34877165000010
34879214400019
34879490000020
34881930100147
34882361800023
34884565200034
34884639500039
34884850800019
34884862300016
34885297100046
34885351600014
34885509900043
34885660000013
34887110400025
34887497500017
34888349700011
34889425400039
34890278400019
34890288300019
34891296500053
34892321000127
34892384800017
34892654400027
34893638600856
34894389500063
34894412500015
34894531200026
34894733400010
34898785000016
34899770100019
34903351400028
34905200100030
34905413000043
34906946800016
34907018500013
34908407900038
34909140500028
34912510400035
34912871000010
34914770200030
34916656100200
34916819500031
34917027400048
34917248600012
34917438300019
34918086900035
34920538500017
34921612700028
34921652300028
34922380000021
34923086200022
34923403900023
34924071300017
34925168600011
34926647800016
34932293300038
34932312100021
34934062000021
34934252700026
34935079300015
34935418300072
34935734300020
34939733100019
34941067000013
34942496000012
34942853200064
34945097300012
34945511300010
34945923000026
34946224200026
34946557500018
34946618500015
34949095300040
34950915800011
34950988500050
34953387700040
34953689600070
34953695300053
34953791000011
34954800800052
34955969000046
34956097900032
34956322100010
34957749400041
34958629700039
34959633800013
34960819000030
34963484000012
34964480700027
34964684400010
34966322900012
34967219600012
34967338400013
34967505800045
34968443100100
34968678200054
34969001600010
34972844400093
34973863300024
34973986200028
34974432600019
34974914300013
34975280800023
34976780600061
34978952900030
34979138400051
34980017700066
34980036700014
34980125800048
34980165400071
34981654600015
34982162900020
34982463100023
34982659400013
34983049700039
34983303800020
34984157700019
34985289700082
34986256500026
34987237400021
34987354700013
34988402300053
34988610100014
34989964100014
34990881400016
34991107300030
34992528900044
34992865500019
34995662300038
34996400700059
34996670500015
34997461800028
34997958300011
35000516100012
35000768800012
35001101100037
35001120100018
35001559000010
35004322000044
35004430100017
35005058900646
35005654500022
35006091900031
35006244400020
35008191500018
35008440600023
35008640100022
35011734700012
35012560500013
35012627200011
35014457200012
35014530600055
35014997700018
35015218700026
35015851500030
35015893700010
35016892800017
35022170100047
35025965100023
35026010500027
35027371000029
35027575600012
35027609300019
35027713300038
35027776000038
35029281900041
35031281500011
35032441400019
35033853900025
35033935400028
35034608600035
35034640900013
35036035000077
35036314900039
35037439300030
35037865900048
35041126000010
35042321600026
35044257000015
35046718900014
35047292400017
35047341900017
35047675000020
35047711300020
35047762600039
35047916800014
35048312900051
35048317800017
35048549600011
35050687900013
35051822100022
35053999500018
35054228800021
35055743500012
35057193100012
35057286300024
35058171600015
35061226300045
35062125600014
35062359100012
35062759200024
35063127100037
35063252700023
35067651600023
35070839200088
35071025700030
35071413500018
35071616300026
35071849000013
35075513800012
35075988200029
35076510300022
35076530100014
35076588900026
35076915400021
35077482400030
35080239300032
35080398700014
35080471200015
35081585800021
35082820800032
35083783700029
35083856100016
35085024400012
35085384200010
35085693600025
35087138000027
35087203200023
35088263500021
35088832700011
35089002600379
35089313700017
35090788700011
35091106100017
35093618300051
35096266800058
35096362500057
35096492000010
35103490500031
35104571100022
35104571100055
35104965500019
35105693200012
35108060100013
35111626400034
35111775900016
35112086000017
35115598100027
35116448802846
35116488400014
35117142600015
35117719100019
35118739800018
35119935100047
35121838300054
35122020700010
35122312800023
35122762400019
35122969500058
35123454700013
35123716900021
35124096500027
35124884400018
35124911500020
35126579800022
35129019200027
35133268900022
35133377800055
35136327000064
35140333200049
35140937000035
35141819900086
35143056600015
35143967400018
35143986400015
35144208203195
35144208203906
35144208205026
35144311400035
35144834500014
35144922800037
35145257800096
35145398000036
35146353400013
35146793100041
35151708100011
35152473100020
35153130600022
35153715400053
35155747500107
35156562700012
35156891000043
35157449600060
35157784600022
35159321500020
35159542600013
35160588600016
35161889700018
35163325000011
35163451400027
35165966900029
35167203500042
35168395800018
35169799000056
35170486100027
35171652700038
35171922400013
35172147700013
35172464600085
35172949600015
35173073400016
35173114600012
35173423100035
35175698600029
35176604300027
35177162100031
35177740400044
35177881600022
35179376500022
35179876400244
35180188100019
35181521200011
35184071500012
35184583900064
35184735500036
35186705600019
35186966400034
35187810300016
35188501700019
35190456000064
35191544200021
35191608500019
35191820600027
35191968300018
35192577100013
35194539900019
35194974800088
35195802000015
35196492900019
35196845800015
35199393600019
35199745700012
35200100200026
35200580500010
35200662100036
35202689200021
35203818600032
35204024000025
35204945600010
35205353200029
35207706900016
35207801800012
35207945300028
35209813100688
35209904800311
35210923500064
35211083700049
35211344300019
35211600800017
35212571000017
35212874800014
35213523000030
35213867100016
35215994100025
35216741500079
35216950200015
35217140900019
35219789100026
35221687300740
35222105500010
35222654200020
35222755700019
35223322500031
35224080800035
35226655500023
35229941600037
35231097300016
35231185600012
35231767100050
35233943600011
35234260400035
35234573000027
35235183700062
35235331200049
35236191900017
35236862500013
35236994600020
35237568700014
35238730200065
35239543800018
35240425500031
35241844600014
35241918800011
35242429500033
35244251100015
35244894800054
35245885500025
35247162700013
35248334101460
35252725300012
35252836800017
35253080200045
35253598300014
35254063700027
35255466100087
35255562700020
35255779700011
35255969400018
35256272200012
35259959100059
35261825000018
35262950500046
35262982800042
35263014900040
35264046000056
35264772100013
35264805900033
35264885100033
35264903200054
35265583100019
35266122700020
35266600200030
35268570500019
35269509200010
35269842700015
35269913600011
35270442300016
35271200400014
35271286300013
35271336600016
35271859700037
35272321700027
35273423000043
35275490700017
35275910400016
35276910300040
35281537700010
35282214200019
35283805600013
35284048200017
35284829500049
35285017600012
35285188500041
35286063903334
35286063903458
35286063904456
35286091000012
35286326000019
35286768300018
35286867300026
35287420000012
35287596700015
35287779900028
35287998500013
35289871200018
35290629100013
35293058000019
35293634800049
35296154400017
35296664200014
35300346000014
35302671900040
35304854900011
35305023000013
35306224300020
35306736600164
35307031100041
35307088100019
35308049200021
35309554000053
35310054800034
35312688100021
35314846300055
35315440400019
35316986500022
35318571300016
35318871700048
35320501600010
35320856400040
35321484400014
35322903200068
35323349700018
35324926100044
35326327000061
35326708100027
35326760200038
35327107500015
35329552000087
35330523800381
35330577400013
35332638200028
35333210900019
35333987200056
35334107600019
35335848400015
35336213000026
