34482120200043
34482574000014
34484070700055
34484374300420
34484492300013
34485627300018
34486943300013
34489094200024
34490664900019
34491303300033
34491886700021
34493572100011
34495484700010
34495555400011
34495593500012
34496182600023
34496605600014
34500368500038
34500553200055
34500602701376
34501835200012
34502755100026
34504696500017
34506977700018
34507463700025
34508617703667
34508617704988
34508617705811
34508617708096
34508863700011
34509190400069
34510535700015
34511279100040
34512095000026
34513028000026
34513048807798
34513048826780
34513048830766
34513869700015
34514674000013
34517300900035
34517555800021
34519000300037
34522024800016
34522634400017
34522921500016
34523954500030
34524897500095
34528324600014
34528736100025
34531374600033
34532031100011
34534601900010
34535075500020
34535676000016
34535698400046
34535903800030
34537560400245
34538909200023
34539150200019
34539160100431
34539407600045
34540963500017
34741837800027
34748046900027
34749072400015
34752051200034
34752956200022
34755119400058
34755886800019
34756114400010
34757215800025
34758509300029
34758525900042
34758588700040
34759213100036
34764186200045
34764812300011
34765046700017
34765859300012
34765913800015
34766530900030
34767254500014
34767443400043
34768912700020
34769517300018
34770293800015
34772251400028
34774750300030
34774823800024
34775352700030
34775645400018
34778058700049
34780600200528
34780881800079
34780939400021
34781507800188
