34482843900036
34484374300552
34484503700029
34485505100035
34486764300035
34486984700022
34487628900010
34488412700020
34489101500010
34489394600048
34489798800046
34490020400027
34490074100044
34494574600016
34495962200012
34496978700011
34497459700025
34498088300013
34498254100023
34500602701095
34500621700045
34501247000026
34501656200018
34504213900013
34504402800016
34505326800024
34505498500022
34506035400023
34506481000012
34508617700713
34508617704095
34508630000026
34508917100010
34510316200011
34512152900035
34513048816484
34513048818696
34513048821856
34513048822920
34513048824116
34513048825295
34513048829776
34515719200039
34516981700011
34517132600050
34519110000048
34519763600037
34519932700015
34520008300045
34522535300019
34522644300041
34525492400144
34527820400010
34529507500013
34529529900035
34531328200013
34533322300021
34538547000033
34738457002215
34739786100050
34741388200023
34741673700018
34744105700044
34746475200059
34746735900027
34747402500017
34749080700026
34749332200015
34751347500017
34751597500022
34753804302101
34755362000035
34755756300025
34757186100025
34758223100564
34758369200038
34758502800017
34758507700089
34759018400011
34760676600033
34761997500043
34762713500010
34763092300048
34764486600076
34767088700012
34769467100046
34770436300022
34771039400045
34772072400058
34772454400064
34774997000013
34775380800026
34778855600038
34779800100025
34779960300027
34783091100025
34783110900041
34784786500024
34784986100021
34785587600012
34786467000026
34787815900016
34788086600038
34789771200035
34790085400022
34790310600016
34790665300048
34790699200024
34790957400027
34791049900024
34791443400035
34792105800025
34792671901165
34792671901876
34792671902411
34796795200065
34796972700036
34797422200015
34799208300035
34799246300013
34800309600024
34801600700067
34802424100021
34802485200025
34802981000010
34803588200011
34804827300018
34806354600025
34808263700037
34810025600018
34810059500019
34811397800020
34813492500026
34814086400011
34814653100010
34814697800021
34815521900085
34815985600015
34816747900016
34818080300028
34820273000019
34820620200015
34820887700020
34821284600011
34823678700035
34824220700044
34824699200039
34825692600042
34827845800040
34828329200020
34829412500011
34829612000044
34829740900016
34832850100013
34833772600049
34833806200030
34838826500053
34839068300103
34841244600018
34841285900012
34843299800022
34844445600027
34844801000010
34845499200010
34846481900013
34846954500019
34848130000013
34849286900022
34850605600038
34851145200016
34851569300011
34851858000017
34851922400029
34852397800016
34853952900027
34853975000037
34856469100015
34856508600017
34856516900011
34857467400027
34858038200011
34861714300014
34862410700010
34862914800027
34863294400016
34863317300011
34864849400071
34865409600018
34867416900415
34867416903633
34867416906511
34867602400014
34868688200039
34869999200122
34873150600013
34873508500022
34875290800023
34875754300015
34875769100020
34875859000031
34876997700029
34877982800030
34878562700012
34879350600026
34879611100022
34880291900012
34881958200027
34882344400016
34884242800040
34884453100031
34885087600023
34886587400039
34887227600061
34887655800019
34888123600023
34888483400022
34889527700047
34890644700019
34891271800023
34895418100049
34899465800048
34902290500021
34903132800058
