34482624300026
34482976700039
34483187000029
34485712300030
34487277500012
34487661000017
34487853300027
34489467000027
34489699800079
34490836300049
34492005300016
34494031700011
34498276400039
34498299600037
34499580800021
34500693600016
34501333800016
34501679400033
34502636300027
34504366500024
34505112200033
34505341700019
34506036200026
34506364800017
34508228300010
34508617700945
34508617705423
34510292500012
34511890500123
34513048809612
34513048824512
34513048824975
34514027100056
34514842300055
34515677200039
34516358800014
34516813200024
34516953600041
34519855000021
34521177500019
34521955400044
34524382800018
34525369400037
34525696000013
34526168900011
34528980500011
34530276400047
34530648400014
34531549300014
34535016900024
34535647100028
34537627100010
34537793100026
34538934000026
34539543800020
34539828300035
34738457002025
34738626000025
34739019700015
34739316700015
34741647100022
34742202400013
34744192500034
34744336800043
34744713800012
34745586700023
34746333300018
34747775400019
34747820800015
34749723200038
34749932900022
34750117300020
34751217000056
34753804302457
34753804302515
34753804303083
34754781200037
34755642500036
34757183800056
34759772600012
34760545300047
34762794500012
34764239900013
34766443500026
34767772600015
34767778300016
34769745000018
34771048500058
34771928800024
34772257100010
34772706700048
34775060600027
34775701500032
34775757700130
34777675900016
34777954800010
34778019900035
34778078500023
34780745500022
34781072300044
34781818900032
34781916100055
