34483466800024
34484616700031
34484811400015
34485599400051
34485802200017
34486784100019
34487328600019
34489047000018
34489835800074
34493354400019
34493510100057
34496014100010
34497216100014
34500180400037
34500602702036
34501253800012
34502350100017
34502383200032
34503447400030
34503510900015
34504134700039
34504185900033
34504495200017
34506505600011
34508617703790
34509024500019
34513048812293
34513048822078
34513048824850
34513066000193
34513123900021
34514627800022
34515517000029
34515674900011
34517328000024
34521296300036
34521505700026
34522250900035
34522744100036
34524897500186
34525565700032
34525608500027
34527664600048
34528642100010
34529082900018
34530688000559
34531621000045
34532984100026
34533465000024
34533873500037
34536641300010
34537303900014
34538444000029
34538675900053
34538890400012
34539160100266
34539340900031
34539872100018
34540234100027
34738457001688
34741375900015
34741536600066
34741554900018
34741861800018
34742079600018
34743107400017
34744643700035
34745299700021
34745558600011
34748282000037
34751510800020
34752560200046
34753046100016
34753427300052
34754207800014
34754617800059
34754752300014
34755744900027
34756286000028
34759416000025
34760548700029
34761951200028
34762724200063
34763888400010
34764826300015
34766245400177
34766963200080
34770570900025
34771704300058
34772141700017
34772681200055
34772833900065
34773566400133
34773801500028
34774921000022
34774929300077
34775811200028
34777640300011
34778466200012
34778893700022
34780313200013
34780798400021
34784241100014
34784474800033
34784589300028
34786198100038
34786764000018
34787704500034
34788166600015
34789870200068
34791418600023
34792326000033
34792671902098
34795097400019
34795630200041
34795796100019
34796492600013
34800644600317
34802465400066
34802660000018
34803932200048
34804434800079
34805999900014
34807077200036
34808662000096
34814660600010
34814923800019
34816025000018
34816439300038
34817981300046
34818498700025
34818754300023
34818950700026
34821679700020
34822480900080
34822639000014
34825496200023
34831545800235
34831760300010
34832406200028
34833094500026
34835561100016
34837973600047
34839389300121
34841356800034
34841443400020
34841550601741
34841703100013
34844031400014
34844418300019
34844932300073
34844984400011
34845904100037
34846427200015
34847079000034
34847115200010
34847803300015
34849580500031
34849601900012
34849683700017
34850771600010
34851979400013
34852689800013
34853152600047
34853374600049
34853580800037
34854077400018
34854755500048
34855011200018
34856079800038
34858016800055
34858115800022
34865152200024
34867416903559
34868229500046
34869530500014
34871334800012
34873458300050
34873511900011
34874560500017
34876239400024
34876997700037
34877500800017
34878461200015
34878680700068
34878788800042
34882284200012
34882852600031
34883264300020
34884358200019
34884891200153
34885125400014
34887597200039
34887673100012
34889010400089
34889499900039
34891448200016
34891496100019
34891934100019
34892896100013
34893215300037
34893542000052
34894168300016
34895707700038
34897407200020
34899101900020
34899291800014
34899838600026
34899866700037
34901333400033
34901542000012
34903206000031
34904536900015
34905459300034
34906810600054
34907491400012
34908427700012
34911542800022
34912486700012
34914734800016
34915630700036
34915723000237
34916080400028
34916531600010
34916604100021
34916649600019
34918220400041
34918644500020
34919006600010
34919108000036
34919195700050
34920270500019
34921819800043
34922722300014
34923955800019
34925582800015
34926932400019
34928277200038
34928639300013
34928769800014
34932483000018
34932933400016
34933120700028
34934487900037
34935745900016
34935858000018
34938111100013
34938690400040
34939118500015
34939220900038
34940574600026
34940794000023
34942694000020
34942731000017
34942740100048
34943090000051
34943112200010
34945705100010
34945746500012
34946307500011
34947674700010
34947782800025
34948425300035
34950389600038
34951115400016
34952276300011
34953190500033
34954291000014
34956290000010
34957586000011
34958108200014
34958920000030
34959821900013
34959964700014
34962198700016
34962831300026
34964217300026
34964460900035
34964633100018
34964930100091
34965169500034
34965264400015
34965490500026
34966892100035
34967145300018
34967575100011
34967802900019
34969192300024
34971074900020
34971358600023
34973193500046
34974057100022
34974317900070
34975137000074
34976592500012
34977113900046
34977810000017
34978171600023
34979920500019
34980014400025
34981190100017
34981611600066
34981617300018
34982065400011
34983487900083
34983843300044
34984072800027
34986907300016
34987586400036
34987649000039
34988992300026
34989731400010
34990216300014
34990929100024
34992701200048
34993690600016
34994272200035
34996393400014
34996702600015
34996820600012
34997289300011
34997493100991
34998259500010
34999211500015
34999914400018
34999946600064
35000577300030
35002465900012
35004082000010
35004185100055
35006338400373
35008227700012
35009272200015
35009926300039
35010640700025
35012605800022
35013192600031
35014347500027
35014541300042
35015953900021
35016109700034
35017831500031
35019606900024
35019665500020
35021094400046
35021930900019
35022105700036
35023612100025
35026631800020
35027102900018
35029166200012
35029557200019
35029892300011
35030133900023
35030777300043
35031431600018
35032528800016
35033061900015
35033211000013
35034133500064
35034675500035
35035149000015
35038760100072
35038893000074
35039146200032
35040078400020
35041059300015
35041304300067
35041873700010
35042248100027
35044150700026
35044355200012
35045046600031
35045262900016
35045619000023
35046873200010
35047984600015
35049281500070
35049595800034
35051405500010
35051897300044
35052141500025
35054005000027
35054173600012
35055386300407
35055588400013
35057273100015
35057500700017
35058016300011
35059488300083
35062998600489
35063774000043
35068215900040
35068609300013
35069162200012
35069257000038
35076664800058
35078278500017
35078839400012
35081592400070
35081851400043
35083007100030
35088649500026
35089660100027
35090968500025
35096854100010
35099847200012
35101065700069
35101729800032
35106481100026
35106921600056
35107760700056
35108253200042
35110319700015
35110754500060
35113203000013
35113976100016
35114023100066
35116834900030
35117811600015
35117840500012
