34482467700019
34484884100039
34485002900010
34486058000010
34487130600017
34487322900050
34488358200027
34488364000049
34492339600040
34493616600018
34494119000011
34494327900010
34494425100018
34496324400027
34497855600019
34498564300016
34499849700020
34500161400063
34500602702119
34501306400034
34501754500053
34501841000018
34504041400012
34504928200030
34504928200048
34505061100028
34505511500017
34506672400047
34506739100010
34508265500019
34508268900034
34508328100039
34508617702156
34508617704004
34508617704194
34508617704640
34508751400062
34510356800019
34512641100015
34513048800322
34513048805958
34513048807970
34513048822243
34513048826400
34513048827861
34513048828877
34513048829495
34513048830709
34513051203067
34517487400015
34518414700048
34518515100064
34518774400015
34522926400030
34524945200045
34525532700016
34526107700027
34526757900034
34528619900038
34530040400018
34530581700016
34532138400041
34532331500027
34533080700016
34534768600023
34535118300602
34536075400013
34536988800010
34538028100021
34538272500058
34540415600332
34540533600032
34540618500016
34540762100035
34738457000201
34738457002181
34739298700017
34739955200012
34742229700031
34743963000026
34746814200034
34747104700022
34747151800022
34749715800043
34750741000012
34751816900011
34751885400026
34752132000049
34752420900041
34752990100055
34753312700085
34753804302580
34754827300049
34756909700012
34757115000023
34758414600042
34760435700025
34760881200033
34761571800025
34763538500011
34763932000030
34764248000060
34766977200035
34768948100021
34770118700010
34770403300013
34770772100028
34770952900015
34771627600063
34773509400034
34773818900021
34774203300041
34775339400019
34779255800012
34779648400041
34780212600016
34781500300012
34782985500035
34785004200016
34786147800027
34789133500015
34789385100027
34790531700033
34792398900052
34792634700019
34792671902619
