34482367900032
34483531900023
34483965900028
34484000400032
34484499800155
34485404700018
34485513500036
34485737000011
34486343600053
34490150900010
34490667200037
34493489800067
34496556100014
34496829200013
34496894600022
34497667500027
34497993500022
34498546000031
34500602702044
34501335300189
34502547200027
34505080100017
34505440700027
34506000800025
34507065000030
34508092300039
34508359600030
34508617702065
34508617702396
34508617703295
34508617703964
34508617706496
34508617706652
34508978300038
34510433500038
34512441600016
34512685800025
34512944900038
34513048804175
34513048806733
34513048809075
34513048823829
34513048829735
34513048830196
34515045200034
34515469400367
34516441200016
34518437800015
34518490700011
34520806000037
34521415900054
34522171700050
34525091400065
34528801300054
34529175100013
34529243700042
34529915000010
34532052700020
34533666300017
34534231500024
34534557300017
34536437600011
34537226200021
34537635400014
34538888800025
34539642800038
34540237400036
34540656500043
34540827200044
34540922100016
34558013800013
34738306900023
34738541100066
34740913800026
34742699100019
34744278200079
34744485300019
34747183100045
34747734100015
34750085200020
34750882200017
34752015700012
34752658400011
34752865500017
34754246600011
34755077400017
34757775100030
34758340300048
34759532400034
34760573500013
34761008100015
34761267300025
34761712800066
34761770600028
34762882800167
34763063400025
34763680500041
34765537500025
34765985600095
34766744600012
34768201500057
34768558800027
34773697700013
34776429200012
34776771700031
34778370600018
34778999200018
34781546600011
34782004500016
34783045700011
34783743700016
34783959900029
34783996100039
34789089900029
34789617700016
34790881600023
34792671902007
34793099200024
34793280800020
34793619700016
34794490200019
34795906600023
34796974300017
34798046800040
34798684600017
34799068100012
34801691600010
34802964600026
34804001500052
34804185600033
34805827200041
34806932900012
34807646400026
34809998700094
34811217800036
34811273100032
34811536100035
34814239900024
34814678800016
34816135700044
34817534000036
34817739500038
34819603100010
34821996500020
34824100100018
34824464100059
34824492200012
34828827500053
34829803500018
34829838100040
34830047600036
34831421200013
34832308000013
34833240400022
34833381600026
34833485500023
34834488800022
34838978400011
34839939500014
34842125600028
34843086900027
34843190900046
34845265700037
34848146600046
34848346200035
34848898200011
34850276600028
34852298800024
34852836500037
34853345600029
34853894300021
34854059200014
34854188900021
34854596300038
34856278600023
34856342000028
34859154600018
34863629100026
34864275200011
34864482400016
34864784300013
34865392400046
34865420300010
34865958200038
34866008500021
34866101800021
34867416901157
34867416901686
34867416901785
34867416902593
34868544700016
34874562100022
34878986800042
34879704400016
34880361000032
34882597700021
34882631400059
34883319500012
34884557900013
34884654400024
34886899300018
34887777000076
34889929500250
34890566200014
34892026500017
34892643700024
34892661900019
34893515600011
34893794700011
34894258200019
34894472900022
34894970200032
34895023900031
34896104600029
34896379400022
34897111000039
34897851100023
34898276000046
34898283600010
34898356000031
34899155501914
34899792500014
34901276500013
34902756500077
34904837100026
34904947800028
34905663000081
