34483192000014
34483221700014
34484268700016
34484316400072
34487345000045
34487352600018
34488354100015
34489099100021
34492510200032
34493459100027
34494076200075
34495059700015
34495681800035
34496537100018
34498823300021
34499326600024
34499931300028
34500602700568
34500602701699
34501633100018
34501970700016
34502263600012
34508219200021
34508617703782
34508617707882
34509909700015
34511918400017
34512764100032
34513048801379
34513048817698
34513048819686
34513048826251
34513048827168
34513048827788
34513066000128
34515396900018
34515920600027
34518239800015
34519091200013
34520168500012
34520496000016
34520558700016
34523888500023
34524111100029
34524712600013
34525056700020
34525831300021
34526564900094
34527042500027
34528838500015
34530038800021
34533032800039
34537356700022
34538260000038
34539335900012
34540581500019
34540871000035
34738457001068
34739820800012
34740230700016
34741218100039
34742478000018
34744452300018
34745808500045
34747274800016
34748507000036
34749278700028
34749674700028
34750090200064
34753259000028
34754973500046
34755918900027
34756374400049
34756588900032
34756798400013
34759243800035
34759553000028
34759690000014
34759844300021
34760409200010
34763148300018
34764197900021
34764825500011
34765558100010
34769782300016
34771461000073
34772704200017
34772967500053
34773198600019
34774380900019
34776983800017
34777912600015
34778671700020
34779622900065
34780255500040
34782910300014
34783303000013
34783366700053
34784455700012
34785191700018
34785392100018
34785869800025
34790001100011
34790049000058
34791165300025
34791846800047
34792671903252
34793822700027
34794578400010
34798811500031
34798949300015
34799000400041
34799594600014
34799753800025
34799775100032
34799836100021
34800644600226
34801502500011
34801636100019
34802640200019
34804454600011
34806069000032
34808369200049
34808637200011
34808748700024
34809304800034
34809392300020
34811086700036
34811731800017
34811994200079
34812269800015
34813507000012
34813894200019
34816060700019
34818221300044
34818508300048
34819378000023
34820870300069
34821240800010
34823529200045
34823644900016
34825719700031
34826182700045
34826231200013
34826364100014
34828670900061
34828946300013
34829608800027
34829864700051
34831575500010
34831670400041
34832493000018
34832789100050
34834040700033
34834514100017
34838568300027
34840818800012
34841445900068
34843599100016
34843832600038
34846274800024
34846648300016
34847501300077
34851583400029
34852680700022
34853622800011
34854299400085
34857097900032
34858741100037
34858899700042
34859042300045
34859215500017
34859365800035
34860054500019
34860312700013
34860936300042
34862413100051
34863346200125
34864386700040
34866133100036
34867211400017
34867416903013
34867416903237
34867797200021
34868702100033
34869207000025
34870335600017
34870438800019
34870842100014
34871499900029
34873381700012
34874313900027
34874485500019
34874588600021
34876746800039
34876816900024
34878124600015
34878158400027
34879002300090
34881868300016
34882263600018
34882524100014
34883057100058
34885100700024
34885269000018
34885612100036
34885979400011
34888118600012
34888331500379
34888331500932
34889326400146
34889881800045
34891834300024
34892321000234
34892829200047
34893701200428
34894167500012
34894460400050
34896866000053
34896952800077
34899155501138
34900133900010
34900777300022
34901176700051
34901432400033
34904249900021
34906032700021
34906362800052
34906506000031
34906558100010
34909343500049
34909479700017
34910018000026
34911343100010
34911409000021
34911893500023
34913023700010
34913286000025
34914458400019
34915253800022
34916390700026
34917189200020
34917717000017
34918423400020
34918535500022
34918633800019
34919318500015
34920543500028
34921220900028
34921419700015
34923861800012
34923963200061
34924174500034
34925222100024
34925734500026
34926205500016
34926406900015
34926611400025
34927452200011
34927937200016
34930451900029
34932277600015
34932647000029
34933243700012
34933843400013
34935298900025
34935314400018
34936368900069
34937143500018
34937891900014
34938302600011
34938323200015
34938736500027
34941770900012
34945376100042
34947283700021
34947527700019
34947761200015
34948118400019
34948188700017
34949345200016
34949375900048
34951662500010
34952962800050
34954090600014
34954626700015
34955263800026
34955352900042
34955926000097
34956045800029
34957718900013
34959063800012
34959227900013
34960083300017
34961144200014
34962148200026
34962944400028
34963166300029
34964289200013
34965207300033
34965706400029
34967406900027
34967795500016
34969294700048
34969830800013
34972567100011
34973351900012
34974072000017
34974317901011
34975106500021
34976091800103
34976440700053
34977072700015
34982484700017
34983952200019
34984213800019
34985144400019
34985188100038
34986603800038
34986769700022
34987521100014
34987573200027
34987873600017
34990975400039
34992791300039
34994138500016
34995109500034
34995250700011
34995486700066
34996417100012
34996772900014
34996897400064
34997493101130
34997573000012
34998624000035
34998705700016
35000270500027
35001782800020
35002499800014
35002751200010
35004013500013
35007653500029
35009060100062
35011688500012
35012136400011
35012547200018
35012706400029
35014444000012
35015181700011
35015552900026
35015852300026
35015983600021
35018531000033
35020597700035
35026069100018
35026220000040
35028295000012
35028305700916
35028307300038
35029526700016
35032583300035
35033447000035
35034610200022
35034757100035
35034977500014
35036032700018
35037328800025
35037558000023
35037864200549
35037925103484
35038007700023
35039413600062
35039693300011
35039773300014
35039925900018
35040458800013
35041709300019
35042522900027
35043248000043
35043748900023
35043993100097
35044699300015
35045646300016
35050505300024
35051767800057
35051857700019
35051956700019
35052911100410
35053386500019
35054755000011
35054945700033
35057013100010
35057379600025
35057393700025
35058125200037
35058856200057
35058939600117
35059809000016
35060716400018
35061747800010
35062087800057
35064165000014
35064421700035
35065162600011
35065792000046
35066158300012
35066469400048
35066875200016
35068179700063
35068488200037
35069274500010
35071774000020
35072555200029
35073771400039
35074416500019
35075403200018
35077762900022
35079161200327
35080855600251
35081448900091
35084032800040
35085693600017
35087320400068
35089002601179
35089025700016
35089334300037
35089593400031
35092541800021
35093278600014
35093355200019
35093527600013
35093553200092
35095678500025
35095751000018
35095903700028
35096419300014
35099129500014
35099737500026
35100690300048
35100693700012
35104932500019
35105895300016
35108166600015
35108486800030
35110504400017
35112275900076
35112726100045
35113052100054
35113646000026
35116551900015
35117735700016
35118614300092
35118839600045
35120857400019
35121582700012
35124825700013
35124928900023
35125279600013
35125740700053
35126290200031
35126875000087
35127451900013
35127850200015
35127888200011
35129143000038
35129244600017
35131082600034
35131900900012
35132621000025
35133774600058
35134853700017
35136671100023
35141202800018
35141895900034
35143823901357
35144040900016
35144208206461
35144208206909
35144875800034
35146593500051
35148692300011
35149732600022
35149986800021
35150504500069
35150528400015
35151665300042
35151909500019
35152177800172
35153252800079
35153675000026
35153995200017
35154163600038
35154374900029
35155779800011
35157047800021
35159044300013
35159666300010
35159679600059
35160870800035
35160882300016
35161056300071
35161412800012
35161823600043
35162530600045
35164011500017
35164991800023
35166671400016
35167236500019
35168609200054
35169110000017
35170794800029
35173095700021
35174249900020
35174905600062
35175954300017
35178274300212
35179510900013
35179849100012
35180244200043
35181220100017
35182123600012
35182800900024
35183141700024
35183740601151
35185354400010
35185766900029
35186879900013
35187175100035
35187196700052
35188869800021
35189345800015
35189692300031
35190404000067
35191588900031
35191849500026
35192102800012
35193220700043
35193485600011
35195519000035
35197127000035
35197692300018
35199379500027
35201833700175
35202083800020
35202291700012
35202554800012
35202572000041
35202632200011
35205155100013
35206414100026
35207918000035
35208888400015
35209904800105
35211559600012
35212576900021
35213834100024
35214210300121
35214686400025
35216711800012
35217137500020
35217740600027
35219300700916
35219451800010
35221687302282
35221687302639
35222442200019
35222625200034
35223186400013
35225643200050
35226955900014
35227486400029
35227628100016
35229235300104
35229541400010
35230162600029
35230270700034
35231489200014
35233073200020
35235481500016
35237097700014
35238004200015
35238226100035
35240491700010
35240841300016
35242601900019
35247183300017
35247522200019
35248334101320
35248944700024
35249911500017
35251624900013
35254146000015
35254934900038
35255339000019
35256202900012
35258951900045
35260196700024
35260216300037
35262555200018
35263196400033
35265065900027
35265213500018
35265850400050
35267916100021
35268233000035
35269071300016
35269174500017
35269705600013
35270952100020
35271283000012
35271489300018
35271967800042
35272398500029
35272916400033
35273941101455
35274574900783
35274701801193
35276052400020
35276240500012
35278344300018
35279073700048
35279547000017
35279751800011
35279998500028
35280438900026
35282208400039
35282937800038
35284435100044
35285232100012
35286006800019
35286063902385
35286063903789
35292478100011
35293072100019
35294093600011
35294368200018
35295471300017
35299005500035
35299682100083
35299965000018
35300167000010
35300276900019
35301644700016
35302485400013
35304022300029
35304879600026
35304991900015
35305088300019
35305260800018
35305263200018
35305432300012
35305553600018
35306683000012
35307374500039
35307449500022
35307974200014
35311490300019
35312230200030
35313073500015
35314954500058
35315054300026
35315376000015
35316097100035
35316217500049
35316952700036
35317692800011
35318345200013
35318468200022
35319024200068
35319159600017
35321667400013
35322309200027
35322347200013
35324006200029
35324128400028
35324208400013
35324215900013
35324615000026
35329108100050
35329895300020
35330213600018
35331970000046
35332384300014
35332584800094
35332668900059
35334502800016
35334903800011
35336023300012
35336413600013
35336507500020
35336706300032
35336791500066
35336849100075
35338644400015
35338915800026
35339071900071
35339085900018
35339219400018
35339684900013
35340865100019
35344492000022
35344632100039
35345073700039
35348097300075
35348254000021
35348367000058
35348400900017
35350455800035
35351345000349
35354589003466
35355351400012
35356358800022
35357326400036
35361784800018
35362077600016
35362597300022
35362685600010
35365148200013
35366934400023
35367927700015
35368779100015
35369532300017
35370667400036
35371512100011
35371754900045
35371763000043
35372009700016
35372844700031
35373638200022
35373824800015
35374793400019
35376257800022
35376449100018
35378192500121
35379264100063
35379412600022
35379792100023
35380793600011
35381429600052
35381589700049
35382102802916
35382542500021
35383140700013
35383511900028
35383660400036
35384080400010
35388326700018
35388364800035
35388730000013
35389572500037
35391236300028
35391238900015
35394689000012
35395301100049
35396034700030
35396289700024
35396390300029
35397805900015
35398461000025
35399872700054
35400274300053
35400320400014
35400455800012
35400731200052
35402624700016
35403882000321
35404107100011
35405764800041
35407676200047
35408980700011
35409482300011
35409867500011
35450022501643
35450033200037
35600000000632
35600000001320
35600000004133
35600000005105
35600000009499
35600000009566
35600000011833
35600000013953
35600000015037
35600000017058
35600000017913
35600000018395
35600000020135
35600000021436
35600000021459
35600000023407
35600000025761
35600000028042
35600000028330
35600000030913
35600000032038
35600000034919
35600000034937
35600000039563
35600000040098
35600000043446
35600000044085
35600000049602
35600000051032
35600000054606
35600000057621
35600000058666
35600000063363
35600000064083
35600000064745
35600000064858
35680157103159
35812629000016
36550109700106
36750033700020
36910470800010
37040331300064
37080085600046
37350064400027
37572012500026
37585005400038
37691064200010
37698091800027
37738005000064
37749453900010
37750363600039
37750902100020
37751283500028
37751484900027
37752479800057
37753329403290
37754488700021
37754743500034
37754890400012
37755582600025
37759914700016
37760431900014
37762282400011
37765221900025
37766870200048
37767282900027
37767326400026
37767391800860
37767391800944
37768571400026
37772050300046
