34482672200011
34483589700010
34483627500026
34484653000014
34485555600017
34489226000029
34490578100011
34491350400017
34492074900027
34492175400125
34493295900010
34493431000014
34493924400010
34494012700014
34494128100026
34494399800023
34496544700065
34496884700030
34498330900040
34498781300013
34501198500024
34501778400017
34505195700016
34505567700016
34506065100022
34506477800102
34506958700011
34508145900330
34508145900454
34508617701349
34508617703907
34508617704186
34509434600029
34511009200029
34511375700016
34512176800013
34512944900053
34513048813382
34513048816344
34513048819264
34513048826889
34513051201947
34513546100068
34515429800011
34515628500024
34515742400010
34516649000010
34516894200018
34518072300016
34518735500028
34519400500020
34520794800042
34521969500037
34522609600096
34522651800024
34524392700018
34525090600020
34525617600040
34526291900011
34527549900019
34530287100024
34530493500025
34530598100044
34530792000057
34534008700054
34536766800083
34738993400014
34739507100025
34739646700016
34741097900012
34746124600071
34750240300038
34750585100035
34751292300017
34752046200040
34752553700028
34753804300089
34753804300774
34753804302903
34754110400019
34754288800057
34755243200028
34755490900023
34758070600021
34759532400026
34759635500037
34760146000012
34760222900010
34761813400071
34762092400055
34762344900035
34763576500014
34763582300029
34764289400021
34766774300012
34767501900017
34768100900010
34768690900040
34769062000021
34769402800023
34770689700027
34771813200025
34773570600017
34776767500015
34778512300014
34778881200027
34780811500039
34781721500028
34783049900013
34783563900019
34784504200030
34785166900015
34786469600013
34786717800076
34787154300018
34790231400025
34792085200014
34794049600016
34794070200058
34795032100013
34795212900034
34795463800016
34797848800018
34798550900038
34799181200012
34800690900025
34800813700013
34802465400041
34802540400131
34803217800017
34804936200026
34806167200013
34807308100070
34807514400017
34807607600028
34810621200015
34810642800025
34811971000039
34812423100021
34813782900019
34815356000027
34815521900077
34815562300294
34815624100021
34819280800023
34823326300030
34825531600013
34825566200036
34827418400020
34829286300027
34833331100010
34833445900032
34833951600059
34839455200023
34839474300010
34841550600131
34841652000032
34844013200036
34844201300010
34844423300020
34844705300029
34845149300061
34847092300015
34847495800025
34847510400017
34848778600017
34849491500070
34850962100010
34851004100018
34851245000043
34852139400042
34853268000025
34853487600027
34855076500039
34855439500015
34855489000015
34855894100012
34856368500018
34856451900026
34856988000019
34860695500014
34861031200020
34861638400015
34861873700046
34862348900062
34863509500014
34865597800016
34865953300031
34865960800015
34867416902049
34867416903286
34867416904482
34867416904607
34867416905257
34868919100016
34870834800019
34870849600024
34871351200021
34871594700027
34874011900063
34874343600027
34875597600019
34876401000024
34876801100028
34877056100077
34877909100019
34879454600013
34887627700016
34888467700298
34888800900035
34889845300017
34890866600020
34891450800034
34891879800060
34892321000143
34892505800029
34892534800040
34893016500025
34894705200042
34895632700012
34896288700017
34896834800014
34897644000027
34898510200105
34898707400021
34900670000018
34904018800014
34904125100019
34905530100031
34906728000033
34906944300019
34911009800028
34913539200034
34913565700014
34914524300078
34917492000034
34918573600130
34918573600163
34921463500014
34921545900018
34923369200012
34924458200053
34925202300016
34926951400023
34927757400043
34928131100028
34929626900021
34929887700029
34930017800010
34931120900028
34931343700015
34933314600026
34933761800046
34933974700025
34934646000026
34934670000033
34934993600014
34936315000021
34936622900012
34936755700080
34938216800020
34938378600010
34940424400098
34940768400019
34941269200015
34942545400031
34942756700012
34943570100017
34944476000012
34945250800014
34946039400019
34947365200023
34949617402167
34950281500013
34950864800020
34951574200014
34951633600055
34952012200012
34952574100022
34954283700019
34955315600044
34955364400031
34955439400016
34955627400067
34955643100014
34956219900027
34957104200010
34957809600027
34959965400044
34961375200022
34962729900010
34963876700021
34965470700018
34965549800013
34966875600019
34967149500027
34968408400016
34971937700039
34974310400052
34974317901037
34975170100013
34975404400015
34976444900030
34976605500140
34978955200016
34979735700028
34980987100016
34981153900015
34982395500019
34982521600022
34983547000023
34984466200024
34985726800040
34985832400024
34986272200023
34986404100018
34986959400227
34987684700105
34987785200047
34991211300041
34992196500019
34992701200030
34993228500050
34993482800048
34993710200045
34994175700024
34994568300028
34995197000020
34995252300026
34995760500083
34996131800012
34997493100314
34997493101205
34998039100024
34998885700018
35001626700030
35003751100010
35004469900014
35004696700013
35005602400010
35006220400010
