34482677100018
34484374300164
34490074100028
34492175400109
34492401400014
34494226300049
34495094400019
34495264300015
34496059600015
34498224400024
34499255700068
34499512100011
34501370000025
34503941600614
34503941600622
34504344200028
34505558600019
34505693100032
34506055200055
34509015300056
34510617300023
34511794900015
34512144600024
34512897900019
34513048809463
34513048826038
34513048826467
34513048828638
34513994300012
34514458800018
34514462000035
34518500300018
34518515100056
34519370000027
34521698000010
34523411600035
34524597100014
34525516000037
34527895600031
34528201600202
34528251100020
34529364100014
34531654100035
34532739900019
34533623400066
34533811500016
34536853400037
34537563800011
34539607100010
34540509600032
34552004300018
34605002400691
34739080900080
34739978400029
34741431000016
34742271900018
34744610600010
34745644400020
34746766400020
34750458100013
34750897000022
34754741600029
34757086300048
34758041700025
34762110400020
34762161700013
34764547500034
34765509400055
34766691900019
34766987100050
34769321000010
34769513200014
34772683800019
34773055800025
34773777700024
34776265000013
34776548900013
34776657800020
34777179200020
34777578500020
34779576700016
34780274600052
34780401500035
34781120000018
34782486400016
34782644800057
34783108300022
34783919300021
34784528100042
34784888900023
34786101500019
34787948800034
34788893500033
34792609900024
34792671902593
34792823600046
34794505700029
34795026300074
34799659700063
34802201300034
34805680500073
34805811600016
34806389200023
34806600200018
34807893200012
34808127400048
34808627300011
34809109100028
34809152100016
34809813800012
34810595800063
34812272200021
34812602000026
34815924500029
34816948300016
34818380700018
34819089300027
34819226100025
34819354100011
34819424200015
34819623900019
34821078200010
34821163200024
34821434700034
34822094800775
34824033400048
34824399900029
34824477300027
34824697600024
34825092900059
34826039900038
34826289000026
34827498600085
34831755300017
34832294200056
34833642100089
34833792400057
34835830000021
34837500700013
34838576600038
34839389300113
34839548400044
34839986600022
34840362700063
34841773400046
34841913600059
34842029000010
34842622200033
34842856600015
34843025700017
34845000800019
34845965200015
34847271300018
34847742300027
34849116800038
34849354500043
34849973200025
34850206300012
34850826800011
34851292200033
34857519200011
34857897200047
34861655800055
34862564100017
34864197800021
34864217400067
34864250500021
34864324800035
34864752000017
34864761100014
34864969000032
34866342800012
34866551400017
34868007500036
34869165000041
34870002200018
34870028700025
34874669400028
34874919300010
34875246000074
34875337700020
34876027300022
34876344200020
34877056100101
34878093300027
34878913200068
34878937100021
34879032000157
34879301900012
34879837200010
34882041600017
34882068900027
34884255000025
34887015500010
34887374600013
34889301700023
34889331400016
34890455800023
34891535600029
34891962200012
34892336800016
34892869800136
34893561000017
34894084200027
34896816500103
34896909800014
34896928800029
34897081500034
34898966600014
34899155500197
34899364300033
34899644800018
34899650500049
34900881300017
34903752300033
34904112900033
34904826400015
34905562400010
34906904700018
34910346500044
34911456100021
34911675600017
34911782000010
34912388500023
34913245600014
34916096000010
34916317000021
34917274200018
34917715400011
34918544700027
34918561100119
34918876300016
34918888800011
34921009600013
34921229000028
34922917900024
34922936900013
34923452600029
34923465800020
34925956400210
34926155200021
34927719400016
34928411700018
34928776300016
34929165800095
34929955200019
34931230600013
34931269400012
34932628000055
34932664500091
34933468000015
34933572900035
34933995200013
34936025500013
34937062700011
34940541500010
34940869000031
34941758400076
34942038000033
34943016500010
34944361400012
34944490100038
34946701900015
34946743100012
34947064100045
34949617401474
34950130400019
34950957000025
34953736500026
34954151600010
34957405300014
34958743600032
34958762600012
34959682500019
34960485000025
34961521100019
34961621900011
34962255500036
34962598800010
34962962600038
34966585100011
34971246300018
34972190200253
34974756800047
34976269000049
34977644300013
34980129000025
34980324700015
34981288300024
34981593600019
34984293000035
34985925600019
34986432200012
34986960200012
34987493300014
34990103300028
34990385600020
34991982900029
34992118900024
34992220300055
34993632800013
34994500600014
34995556700046
34995845400036
34997715700016
34998949100015
34998957400026
35001926100014
35002556500010
35002897300047
35003385800043
35003846900010
35004242000017
35004597700013
35005185000062
