34482813200011
34485203300036
34485732100022
34485987100032
34486416000041
34486518300034
34486818700024
34487509100011
34488060400030
34489710300018
34490128500017
34490248100037
34490842100011
34491793500035
34493648900014
34493675200023
34493765100018
34494343600032
34494481400054
34495309600023
34495799800034
34496733600076
34497874700014
34498600500017
34498959500014
34500602701244
34500669600016
34502505000047
34502649600033
34504561100018
34507900800016
34508617701877
34508617705845
34508617706769
34510911000014
34511012600017
34512764100040
34513048801114
34513048805420
34513048811774
34513048829644
34513513100125
34515676400010
34516392700022
34516463600028
34516641700047
34517134200032
34518717300025
34521539600010
34522664100016
34524047700017
34524594800012
34524886800035
34525007000017
34525598800023
34526958300059
34527567100054
34528616500013
34529073800011
34529295700015
34530688000401
34530688000542
34531888500026
34532097200044
34536135600024
34536338600011
34536350100031
34536648800020
34538701300062
34538811000081
34539160100407
34539546100014
34540722500035
34540765400010
34739986700014
34741353600025
34741359300018
34741574700018
34745322700014
34746529600049
34746633600026
34746973600032
34748240800023
34748493300085
34749832100012
34750182700039
34750255100018
34750580200020
34752331800017
34752552900017
34753246700011
34754693900013
34756126800066
34758926900013
34759237000014
34759337800016
34760581800041
34761193100010
34761972800012
34762873700020
34764150800010
34764259700020
34765569800012
34766068000013
34766294200031
34767094500026
34767898900026
34768518200045
34768865700019
34769316000017
34773660500036
34773879100016
34776031600013
34776285800020
34776532300014
34777501700044
34777554600018
34778027200030
34779339000019
34780728100022
