34482012100012
34482463600015
34482792800047
34483974100032
34484195200031
34486302200051
34488361600015
34488525600018
34488946400022
34490856100014
34491365200014
34492144000048
34493594500024
34494123200037
34494141400031
34495237900057
34496244400016
34496590000055
34498427300013
34498956100065
34499443900018
34499751500020
34499802600019
34502256000022
34506144400047
34508617701505
34508617704509
34511276700040
34511547100012
34513048827804
34513048828984
34513048829560
34513556000067
34514221000011
34516329900034
34516360400027
34516519500016
34517570700032
34518361000038
34519840200017
34520313700012
34520894600011
34522789600023
34523029600021
34524407300010
34524421400036
34526622500035
34528637100066
34529712100021
34529828500023
34530082600038
34532314100019
34534935100014
34536873200029
34538044800018
34540633400051
34540699500026
34698010500016
34738457001480
34740456800011
34742286700031
34742916900027
34743433400053
34743705500036
34745021500012
34745591700026
34745804400034
34750639600030
34751910000015
34753102200015
34753618700037
34755281200021
34755451100027
34756573100010
34758981400032
34759504300063
34766825300029
34766833700020
34767682700020
34768306200017
34768515800045
34769359000015
34769683300032
34769946400025
34770040300020
34771310900036
34771533600017
34772756200030
34772777800032
34773792600019
34775903700034
34777501700069
34778100700013
34778769900029
34779025500017
34779081800038
34779517100011
34781831200014
34783025900029
34784035700029
34784473000015
34786345800035
34788183100015
34788454600016
34788713500015
34789612800050
34790984800025
34791483000018
34792217100025
34792671900902
34792671900977
