34482064200074
34482794400010
34483625900038
34484617500018
34484975700069
34485336100022
34485924400016
34486844300021
34489283100027
34490211900017
34490680500017
34491160700010
34491701800014
34492611800011
34493402100025
34493404700053
34494000200035
34494310500017
34495393000023
34496674200019
34498057800019
34499407400039
34499854700030
34500190300045
34501054000010
34501268600035
34501320500033
34503214800032
34506708600024
34507659000024
34508009700016
34508159000035
34508617702537
34508617704327
34508617705415
34508617706892
34509748900016
34509860200013
34511164500015
34513048810891
34513048811220
34513048816674
34513048826061
34513048829917
34513051202077
34514242600021
34514273100016
34514607000023
34516253100031
34516425500027
34517089800018
34517253000015
34517568100047
34518602700073
34518782700018
34521086800013
34522896900019
34523529500028
34524564100013
34524774600083
34524865200017
34524897500061
34525533500076
34527965700026
34528640500021
34528659500011
34529300500079
34530916500024
34531811700016
34531884400015
34532634200036
34533042700039
34533065800013
34533239900038
34534129100010
34535337900018
34537628900012
34540570800032
34540774600139
34625018600019
34628009200054
34738457001696
34739543600020
34740561500035
34740809800015
34740828800012
34740959100034
34746108900059
34747087400020
34748619300035
34749358700054
34749680400027
34750627100050
34751369900020
34751727800029
34752698000011
34753472900038
34753804302770
34754460300025
34757822100025
34758119100025
34758892300032
34760271600289
34760667500036
34760768100017
34761153500019
34761917300011
34762375300022
34763377800092
34765273700029
34765584700015
34766245400276
34767760100028
34767761900061
34768776600027
34768912700046
34769809400096
34770477700015
34770798600027
34772538400031
34773394100046
34773543300026
34773665400042
34774856800032
34776282500029
34777804500018
34779555100022
34780382700018
34780734900068
34780909700020
34781839500019
34781859300050
