34482851200014
34483207600030
34488929000013
34490137600030
34491097100029
34491186200037
34492343800099
34493443500035
34494695900089
34495463100018
34497272400043
34497579200047
34500475800016
34502516700023
34502586000015
34502612400015
34502762700032
34502932600013
34504800300015
34507766300028
34508617704947
34508617706751
34508617707585
34508973400015
34509180500043
34509723200010
34509807300017
34510058000033
34512648600017
34513048803490
34513048810362
34513048820544
34513048827580
34514193100021
34514980100028
34515469400532
34516407300016
34517067400021
34517681200039
34518099600026
34518318000016
34518775100036
34519090400028
34520840900010
34521248400017
34521316900021
34522191500019
34522784700026
34524215000042
34524278800015
34525365200019
34528664500022
34530217800016
34530688000864
34530688000922
34531309200024
34532791000047
34535870900102
34536794000037
34537992900010
34738457002074
34738771400020
34741545700014
34742002800024
34744275800020
34747049400043
34749737200024
34750672700028
34751059600013
34751961300033
34752683200071
34753716900042
34753786200042
34753804300543
34753804302762
34755567400014
34755978300035
34756541800022
34757035000046
34758792500020
34761163400044
34762021300053
34766657000028
34766681000010
34767715500025
34768261900023
34769740100029
34773126700048
34773622500025
34774588700062
34775315400041
34779445500019
34779650000010
34781084800031
34782237100063
34782851900012
34785817700012
34786433200031
34787147700027
34787392900017
34787458800028
34787680700038
34788191400035
34789035200037
34789424800058
34792442500015
