34482479200073
34483285200018
34491132600017
34491238100029
34493980600065
34494621500052
34494945800030
34495765900032
34496127100022
34497561000025
34497990100024
34497995000013
34498204600023
34498413300068
34501570500022
34501713100011
34501754500046
34502138000018
34502493900018
34502857500016
34503640400027
34504824300025
34505354000026
34507050200025
34507628500021
34508276200021
34508440400010
34508617702941
34510049900051
34512643700010
34513048805925
34513048811733
34513048823480
34513048824595
34513048826855
34513048827689
34515469400094
34515947900012
34516045100018
34516390100068
34517342100016
34517344700029
34518177000016
34518724900023
34519008600024
34519535800014
34520830000029
34521321900016
34521690700021
34521751700019
34521901800016
34522300200030
34524305900028
34526543300028
34528201600269
34528749400040
34529338500018
34530688000476
34530764900086
34531404100079
34533124300013
34534809800020
34535032600012
34535118300644
34535769300018
34539891100031
34539990100023
34540362000049
34738457000573
34738457002363
34739265600034
34739472800013
34744363200026
34745430800060
34748165700026
34749051800060
34749319900017
34750269200036
34752330000056
34752942200029
34753804300923
34755648200011
34757081400017
34759122400014
34761589000022
34763459400035
34763864500031
34766152200024
34766987100027
34767152100024
34768937400010
34769464800010
34773556500017
34776575200030
34777043000036
34777435800050
34777982900022
34779986800034
34781032700010
34781435200071
