34482200200012
34484374300537
34484713200067
34484788400030
34486270100044
34489238500024
34492208300029
34492540900056
34494355000030
34498732600032
34500091300011
34501014400052
34504119800028
34504937300011
34505357300019
34506702900016
34507564200016
34508617701612
34508617704707
34510111700025
34511154600015
34511444100024
34513048805289
34513048823233
34513048823373
34513048824983
34513048825691
34513048826756
34513048826806
34513048829016
34513048829164
34516001400063
34516588000021
34517213400024
34518366900018
34520525600026
34524008900010
34524116000067
34524163200024
34525123500023
34525508700115
34525538400025
34528281800011
34528641300033
34528697500015
34529208000065
34530193100035
34530688000997
34530898500018
34532376000032
34532394300018
34534344600026
34534870000039
34535496300026
34537560400252
34538894600054
34539004100035
34539581800031
34605002400345
34694065300022
34738457002546
34738759900033
34739671500018
34739943800055
34742089500075
34745610500027
34750299900043
34752907500017
34753136000035
34753804300790
34753804300964
34754195500014
34755285300041
34756178900038
34759259400043
34759697500016
34760271600081
34760271600222
34761265700010
34763271300017
34763637500029
34768806100063
34770225000015
34770613700010
34771190500047
34772501200012
34773816300034
34773888200021
34776058900049
34776665100066
34778478700017
34781620900022
