34482114500028
34483398300010
34483410600017
34487455700038
34487995200028
34488917500040
34489274000038
34491072400022
34493800600055
34494330300018
34495519000055
34496327700019
34496365700012
34496564500031
34498320000033
34498610400109
34498706000011
34502729600028
34503664400010
34503941600358
34504741900030
34504833400022
34505278100050
34507862000035
34508242400028
34508617703493
34508617704798
34508617706637
34509380100024
34510109100055
34511121500025
34513048805701
34513048825535
34513048829198
34513048829511
34513051203042
34514786200014
34516640900010
34517678800023
34518936900019
34519349400027
34521480300016
34527136500024
34529130600016
34529130600024
34533346200033
34533806500013
34536730400028
34537363300014
34538533000039
34539943000023
34678006700028
34738633600015
34739575800035
34740468300026
34741095300058
34742419400012
34742564700018
34742634800053
34743083700018
34743821000036
34744228700020
34747717600031
34748024600011
34748201000035
34748763900010
34749478300017
34751556100046
34751618900078
34751922500010
34752497700019
34752862200025
34753084200041
34753986800013
34754630100016
34755634200017
34756506100038
34756666300048
34757802300017
34758061500032
34760291400017
34761658300014
34761752400017
34763377800134
34763583100014
34764237300034
34764913900024
34764985700112
34765446900043
34767221400033
34767804700015
34769105700017
34771463600029
34772358700015
34772519400026
34772911300022
34773864300035
34776419300012
34776554700018
34776646100060
34777199000038
34779326700019
34779570000058
34780331400025
34780368600034
34781082200010
34782878200024
34783163800015
34785063800052
34785410100016
34787536100029
34789623500046
34790458300023
34790471600011
34790674500026
34791243800079
34792671900605
34792671902338
34795554400023
34797314100018
34798880000046
34800836800022
34801198200017
34801866400022
34802544600066
34802767300030
34803403400010
34804495900016
34804985900039
34805478400015
34805606000018
34805927000051
34808254600014
34810428200010
34810431600024
34810668300025
34811423200039
34812092400025
34812443900046
34814616800037
34815207500019
34815288500011
34815853600014
34816884000018
34818061300047
34818297300068
34818791500015
34819233700015
34819604900012
34820591500039
34820672300028
34820771300119
34820892700015
34823108500039
34823639900013
34824157100036
34825994600054
34827691600031
34828512300017
34831214100016
34831301600027
34831509400048
34832813900038
34833014300036
34833809600038
34834377300076
34835568600174
34836247600031
34837755700064
34837851400072
34837877900022
34838191400012
34838574100015
34839847000016
34840412000019
34841204000019
34841570400017
34841572000021
34841843500023
34842550500016
34842989500017
34844790500038
34845061000012
34846649100050
34847365300015
34847926200043
34848117700023
34848613500026
34849591200019
34849764500013
34850918300011
34851606300297
34851993500020
34852268100041
34853246600011
34853484300019
34853690500014
34854406500025
34855150800032
34855734900027
34855740600025
34855798400021
34855875000017
34858658700019
34859348400010
34859935800010
34860741700766
34861405800017
34862332300048
34865205800010
34866428500023
34867416900977
34867416901439
34867416901918
34867881400040
34867972100012
34868954800041
34869249200013
34870519500033
34871410600047
34873540800026
34874515900023
34876716100014
34878100600013
34878312700015
34878573400016
34879245800088
34879878600011
34880542500033
34880543300011
34881710700025
34881896400010
34882197600019
34882403800015
34883344300016
34889071600015
34889081500015
34890008500054
34890120800010
34891959800014
34892711200014
34893171800020
34894346500024
34894727600021
34895122900015
34895941200027
34897933700014
34899247000016
34899662000012
34903188000033
34903752300017
34904423000028
34905058300047
34906749600076
34906846000014
34909286600012
34909683400099
34911804200051
34912228300014
34912628400059
34916577900043
34917347600012
34919080100010
34919315100017
34919894500025
34920420600016
34921407200036
34922935100029
34924353500029
34924968000142
34925185000013
34926553800018
34927916600012
34931793300035
34933176900019
34933868100027
34933997800018
34935156900026
34938633400016
34940419400046
34940843500049
34940899700014
34941024100021
34943276500023
34946800900015
34947201900026
34948354500035
34950967900016
34953411500010
34953449500024
34955278600031
34955784300019
34955882500023
34958457300027
34960962800020
34962420500036
34962601000046
34963542500011
34963840300015
34964013600033
34964359300016
34964517600018
34964902000014
34965437600020
34965667800027
34965765000025
34966066200025
34967321000044
34968565100011
34969824100016
34973185100037
34973359200019
34973681900013
34975877100019
34975883900014
34975897900026
34976247600035
34978199700029
34980675200045
34981505000035
34982659400021
34983368100035
34984814300047
34985948800034
34986192200012
34987178000012
34987295200024
34988506100011
34988788500011
34990879800029
34991301200010
34992883800011
34993207900032
34994218500027
34998471600028
34999521700016
35000875100017
35002040000015
35003134000028
35004959900029
35005722000013
35006163600014
35006328500059
