34482709200026
34483718200023
34484954200040
34489125400023
34489281500079
34489592500016
34489691500016
34490425500041
34490487500012
34490876900047
34492752000058
34495063900031
34496813600012
34497039700016
34497395300013
34500983100024
34501218100060
34503457300021
34503871500016
34503941600721
34504804500032
34507203700046
34507468600022
34508617704137
34508617705142
34510476400104
34510613200029
34511446600021
34511594300010
34511698200017
34512376400044
34512911800062
34513048803193
34513048811543
34513048816955
34513048827762
34513828300014
34514159200013
34514370500019
34514449700020
34514515500031
34516396800059
34516754800014
34520109900065
34520336800013
34521810100029
34522041200018
34522605400012
34523875200025
34527834500011
34528699100038
34528793200023
34529363300011
34531357100068
34531800000022
34532340600057
34532408100016
34534170500019
34535065600046
34535078900037
34535118300495
34535459100033
34537639600023
34539353200014
34539704600029
34539957000018
34540012100017
34540415600399
34708004600027
34738457000524
34738457002199
34738457002983
34738600500016
34740522700021
34740746200022
34741991300012
34742131500024
34742481400056
34743841800027
34744188300027
34745602200057
34745931500011
34746987600044
34747990900017
34748400800011
34749354600019
34749404900062
34753804301228
34753804303075
34754502200092
34756315700010
34758093800020
34759173700023
34759901100033
34760633700017
34761530400024
34761999100016
34763882700019
34764721600014
34765252100068
34766589500012
34767926800016
34771530200027
34772907100014
34773526800026
34773965800024
34774501000020
34776074600029
34777975300057
34778480300012
34781417000028
34782509300029
34782661200017
34782740400059
34782922800027
34784673500020
34785952200018
34787443000031
34787537900021
34788462900028
34788875200016
34789567400013
34792613100082
34792671900415
34792671900621
34793441600012
34795131100013
34797555900019
34797744900011
34797751400012
34799263800028
34799797500060
34800303900032
34801204800016
34801785600033
34806850300013
34807231500040
34808867500031
34809123200028
34809162000016
34810643600036
34813166500013
34813801700093
34815779300038
34816297500034
34816418700091
34816609100036
34821014700016
34821182200096
34821781100010
34822662200028
34823105100031
34824962400027
34825648800043
34826013400013
34826936600020
34827572800023
34827875500015
34829404200026
34830459300018
34831006100026
34832147200030
34832880800012
34832991300035
34833433500018
34834122300033
34836276500029
34836605500013
34838077500018
34838121100013
34838653300031
34839388500036
34839582300019
34840639800027
34844879600014
34844899400015
34845263200048
34846623600026
34846929700025
34847040200028
34850150300075
34851765700014
34852168300014
34853026200024
34854108700055
34854499000024
34855101100011
34856486500023
34857573900019
34858076200014
34858708000014
34859011800017
34860160000011
34860802700010
34861946100018
34863350400025
34865328800012
34867416901173
34868513200014
34869420900076
34872252100013
34872377600012
34873184500015
34873441900016
34874814600019
34875192600067
34875325200025
34876399600017
34877480300012
34877994300060
34878447100065
34880519300011
34880614200033
34881101900036
34882258600015
34882633000048
34882693400047
34883595000059
34883750100017
34885576800027
34885694900055
34885790500015
34886775500079
34887327400016
34888331500205
34888411500026
34888414900025
34889465000053
34890267700023
34890659500023
34890914400019
34891090200082
34893925700039
34894891000024
34895410800018
34895554300015
34899002900012
34899155500924
34900523100015
34900551200018
34901008200015
34903298700027
34904039400018
