34483907100018
34484426100018
34485702400055
34486236200037
34486343600038
34487077900016
34487709700016
34488343400021
34488696500021
34491438700040
34491702600074
34491871900040
34492880900054
34493173800035
34495365800012
34497776400010
34499760600019
34500220800022
34500602701897
34500678700013
34503724600039
34504175000026
34504834200017
34505744200047
34505831700016
34506163400027
34508617705340
34508671400010
34509197900038
34509790100044
34510476400120
34511027400015
34513048803334
34513048811048
34513048814216
34513048825121
34513051201707
34513228600062
34515181500023
34515204500026
34518328900015
34519474000022
34521186600016
34521353200012
34521385400028
34522018000011
34523707700036
34524955100036
34526631600040
34527978000018
34528837700020
34528889800017
34530222800027
34530856300013
34533139100010
34538428300023
34539431600029
34739789500033
34740230700214
34741300700068
34743240300033
34745194000022
34745885300038
34746940500109
34747318300015
34747779600036
34748004800029
34749116900053
34749753900028
34750776600017
34750822800017
34753132900014
34753760700041
34753968600019
34755385100010
34757636500014
34759505000027
34759803900019
34760024900036
34760305200031
34760636000035
34760773100010
34761928000022
34763286100048
34764444500020
34764658000014
34765596100014
34766407000021
34767375800012
34768885500019
34769028100014
34769162800049
34771354700011
34772230800017
34772707500017
34773549000018
34775739500012
34776480500011
34776676800027
34778855600053
34779507200029
34779848000013
34780600200650
34782175300030
34782470800015
34782703200017
34783005100046
34784193400040
34784703000017
34784723800016
34785256800026
34788618600019
34788768900011
34789180600015
34790695000048
34792064700018
34792409400050
34792671901090
34792671903039
34793347500019
34793721100022
34793921700043
34794746700010
34795975100020
34796077500034
34796951100018
34797668000012
34798320700064
34799924500017
34800720400038
34801777300030
34802436500051
34804342300014
34804766300011
34806645700022
34806855200028
34807994800041
34809686800016
34810718600010
34810968700049
34812313400077
34813045100019
34813741500017
34814544200037
34815632400025
34816297500059
34817172900034
34817180200054
34817390700026
34819647800021
34820368800018
34820771300242
34821988200019
34822007000018
34823392500026
34824275100017
34825197600042
34825215600024
34825736100025
34825998700017
34827688200035
34829951200031
34833683500023
34833812000028
34834537200018
34837199800041
34837488500013
34837974400025
34838566700020
34840262900060
34842664400038
34842830100041
34845590800015
34845719300053
34846818200012
34848815600012
34850154500027
34850493700015
34856609200022
34857789100016
34857944200024
34858129900040
34858294100020
34858559700092
34859020900055
34859064700015
34859613100022
34861140100079
34861269800012
34862245700037
34862530200040
34863704200030
34864061600010
34864841100018
34865819600020
34867416906271
34867585100011
34869537000026
34869960400016
34870417200025
34870526000027
34872153100039
34872307300014
34873164700015
34874462400050
34875876400040
34876417600015
34876519900016
34878072700031
34878600500036
34879076700019
34879704400040
34881057300025
34881802200017
34881944200016
34881972300027
34882452500037
34884411900043
34884595900017
34887716800016
34888619300070
34889276100035
34890228900050
34891240300014
34892351700018
34893350800015
34893638600393
34895245800043
34896618500038
34897360300056
34898181200020
34898941900026
34899884000014
34899946700015
34900388900038
34900846600063
34900981100028
34901533900014
34902052900013
34902831600017
