34482479200289
34486236200151
34489940600021
34490078200014
34491502000020
34491932900013
34493482300024
34494713000029
34494980500016
34495171000054
34497026400034
34497505700060
34498205300011
34498396000016
34499557600057
34499839800012
34499852100019
34499878600042
34500602700501
34503941600317
34504590000023
34505706100029
34508509600013
34508617703584
34508617705779
34508617708120
34509816400055
34512233700016
34512431700040
34513048810230
34513048824405
34513176700013
34515033800019
34515150000013
34515471000049
34516794400015
34517634100013
34521225200018
34521376300013
34525243100019
34527232200024
34528201600293
34529324500014
34532349700031
34533888300019
34533997200027
34534312300054
34535566300021
34537555400010
34538056200032
34538702100131
34540415600340
34738457001829
34739692100038
34740230700156
34740706600021
34740888200020
34741001100063
34741018500024
34741173800011
34741976400019
34742793200038
34743111600016
34750393000013
34750838400042
34751289900027
34752194000028
34752261700039
34753545200028
34753804300550
34755002200029
34755699500012
34756922000028
34758375900019
34759784100035
34760767300014
34761682300014
34761758100041
34763959300024
34764879200039
34765039200017
34767015000080
34767411100021
34768082900012
34768497900045
34769257600015
34769506600030
34769726000045
34771765400029
34772026000020
34772092200058
34772773700038
34775817900050
34776840000017
34777621300014
34778236900016
34779043800043
34779964500044
34780734900050
34781029300014
34781583900027
34782237100139
34782815400059
34783020000015
34783527400023
34783962300019
34787670800012
34789803300019
34791820300014
34792542200029
34794070200033
34795821700023
34796470200026
34797311700026
34797509600079
34799265300019
34800720400020
34800964800042
34801073700032
34802865500010
34803820900048
34805574000016
34807444400012
34808772700023
34809160400010
34809555500010
34810233600024
34810339100010
34811438000028
34812344900046
34812366200036
34814945100018
34814975800016
34815485700034
34816974900069
34818146200014
34819240200066
34819430900012
34819843300016
34820576600010
34821633400030
34822731500028
34823074900031
34826037300017
34827221200054
34827520700010
34827641100017
34827779900030
34830347000010
34830813100013
34831428700015
34839042800012
34841039000036
34848583000015
34848757000031
34849832000012
34850784900019
34852901700017
34852970200014
34852975100011
34853154200069
34853625100021
34853836400012
34856592000017
34858612400029
34858694200040
34859236100029
34859470600106
34860803500021
34861077500028
34861875200011
34864827000018
34865520000015
34865758600031
34867416902023
34868540500022
34868962100012
34869012400014
34869123900019
34870070900010
34871675400075
34872027700030
34872407100041
34878017200030
34879431400065
34880299200019
34881885700024
34883165200014
34883395500043
34884348300028
34884726000042
34884806000029
34886718500012
34887872900022
34888331500510
34892248500027
34893772300040
34895188000023
34895928900029
34897273800010
34898812200019
34898854400014
34899521800016
34899528300036
34900777300063
34904019600033
34904761300030
34909410200028
34910407500016
34910949600027
34911591500010
34913917000014
34915817000044
34916812000062
34916918500015
34917367400012
34918573600155
34918573600353
34920391900015
34920792800038
34922866800068
34923634900032
34924208100017
34924742900013
34925233800018
34926518100017
34927440700023
34927785500046
34928372100018
34928613800038
34928905800050
34929083300012
34931003700024
34931164700011
34936771400012
34937482700013
34938068300020
34938280400020
34938887600014
34939361100067
34939935200013
34940329500067
34940424400080
34940730400071
34942770800012
34949367600036
34950431600010
34952771300037
34952779600016
34952960200014
34956879000019
34957408700111
34957634800016
34957838500016
34958284100012
34958546300020
34959193300024
34959328500027
34961673000058
34962036900281
34962897400017
34963969000032
34964688500021
34964933500016
34964965700039
34966203100013
34970759600012
34972118300011
34975664300020
34978214400019
34978973500017
34980413800049
34982694100016
34982881400013
34983757500043
34984361500015
34984373000053
34985774800017
34987977500063
34988933700029
34989008700027
34989869200034
34990265000010
34990687500019
34991089300024
34991292300027
34992450600018
34992496900018
34992573500095
34992855600027
34995760500224
34996330600015
34996913900014
34997493100173
34998879000052
35001660600021
35003710700017
35004103400017
35004181000010
35004524100014
35004578700016
35005364100022
35006257600045
35009419900022
35009716800016
35011122500016
35011300700024
35011362700011
35013598400101
35014409300019
35017147600020
35021650300028
35021780800012
35022646000037
35023058700015
35024664100012
35027248000053
35028678700030
35034376000020
35034392700017
35035048400035
35035813100018
35037201700011
35037782600010
35038388100058
35039275900014
35040039600056
35040209500029
35043542600019
35043995600037
35044328900037
35045359300013
35046694200025
35047537200032
35048250100011
35048414300028
35051111900017
35051602700033
35052186000014
35052207400029
35054395500032
35057747400017
35058163300046
35059949400035
35060727100011
35060816200011
35061056400014
35062998601123
35064181700050
35064411800035
35066616000022
35067298600030
35068544200047
35069747000051
35071210500013
35071616300018
35071782300016
35071977900018
35073879500029
35075188900014
35076083100023
35076734900011
35076790100019
35076811500098
35077070700015
35078386600022
35078684400018
35079420200019
35082826500016
35083083200035
35083170700020
35083304200020
35083598900012
35083701900032
35086145600019
35086959000025
35087704900014
35087718900034
35088041500012
35089002601120
35089833400015
35090366200012
35091228300024
35092977400056
35094775000021
35096394800020
35096693300011
35097238600030
35097369900019
35097992800016
35098970300011
35099531200013
35101463400023
35101493100056
35103744500050
35106634500015
35107116200017
35107694800014
35110332000013
35110393200031
35110527500033
35111753600018
35111969800022
35112022500013
35112549700013
35113469700025
35113652800020
35114300300033
35114531300018
35116073400023
35116448802317
35117314100042
35117476800017
35119771000012
35121725200011
35124550100017
35124551900027
35126381900028
35126636600027
35128861800058
35129133100012
35130135300014
35130854900010
35131085900050
35132272200254
35132573300175
35133087300024
35133420600015
35134693700037
35135307300015
35136064900021
35136497100033
35138104100018
35138766700014
35139176800014
35140095700012
35140123700026
35140747300021
35141073300023
35141302600011
35141727400013
35143011100036
35143218200019
35145727000053
35146169400538
35148108000072
35150132500010
35150211700010
35150224000010
35151357700046
35153758400010
35153841800010
35155247600019
35157341500012
35158725800051
35161367400016
35161431800019
35163000900451
35163503200052
35165059300020
35165478500010
35167700000017
35169542400017
35171353200825
35172053700023
35174135000034
35174862900018
35175398300052
35177975600011
35178035800054
35178110900027
35179004300019
35179229600029
35180615300034
35180659100100
35181269801228
35181624400013
35182688800056
35186769201027
35187682600014
35187850900022
35189683200026
35191891700037
35193257900037
35193566300036
35193866700034
35194016800013
35194784100018
35197675800042
35199336500011
35200267900012
35200862700015
35201219900019
35201262900031
35202247900013
35202440000025
35202498800011
35203440900040
35205397900014
35206228500031
35206774800058
35207167400035
35208209300027
35208720900016
35209607700032
35210516700014
35211457300038
35212267500064
35214700300011
35214950400040
35215439700041
35216527800024
35217139100043
35217506100014
35217672100012
35219094600017
35219843600011
35222573400016
35222757300040
35222791200016
35223156700038
35223194800048
35223880200016
35226923700058
35227055700023
35229231200019
35229818600011
35230064400015
35230449700022
35232824900060
35233512900024
35234248900023
35234811400013
35234952600025
35236579500058
35236667800030
35237664400014
