34483713300018
34484098800028
34484971600016
34489549500010
34489702000030
34489945500010
34494206500055
34494352700012
34495977000043
34496315200030
34497245000011
34497251800023
34500260400048
34501335300221
34501380900024
34501827900017
34502455800016
34504118000059
34504957100028
34506154300038
34507002300022
34507975000021
34508358800052
34508373700022
34508617707387
34509508700010
34509962600029
34511985300025
34512750000014
34513048812111
34513048817045
34513048825774
34513048825808
34513048827143
34513048828182
34513051201004
34515476900029
34515478500033
34515786100039
34515849700023
34517413000020
34519565500021
34519798200019
34520122200048
34521669100047
34521680800047
34522885200017
34523120300018
34525000500013
34525371000023
34526832000024
34528442600011
34532901500027
34534798300016
34535434400011
34535549900053
34535801400032
34535840200062
34537455700014
34540475000035
34635010100041
34738242600026
34738457000649
34738457002405
34738651800034
34739462900013
34740730600013
34742467300015
34743809500031
34744905000033
34744985200032
34745249200015
34746354900027
34747558400012
34749502000013
34749722400019
34750233800028
34750657800017
34750762600013
34751471300010
34753312700036
34755080800013
34755491700026
34755612800044
34757203400028
34758879000019
34759771800019
34761633600033
34762225000020
34762674900019
34764417100014
34764670500025
34765420400051
34765654800026
34765706600010
34766580400022
34768979600014
34769722900057
34769811000017
34770478500018
34771696100011
34773508600022
34776820200017
34778487800030
34780369400020
34782763600049
34782854300012
34783687600032
34785624700056
34786077700023
34786825900016
34786979400045
34787325900027
34788578200016
34790636400026
34790742000025
34792671903013
34793106500028
34793651000010
34795026300033
34795026300066
34796551900015
34799018600012
34801399600023
34803098200014
34804677200060
34804755600025
34805173100043
34806572300069
34808120900036
34811322600149
34812078300017
34812620200046
34812750700013
34812852100013
34813394300012
34813610200012
34814895800039
34814953500059
34815560700024
34816777600015
34817668600056
34817984700044
34819846600032
34822215900017
34823453500014
34824235500025
34826859000018
34827399600028
34829182400012
34831331300051
34831417000013
34831745400091
34831901300028
34832784200012
34834751900020
34837381200034
34838463700016
34838565900043
34841550601345
34842321100021
34842321100039
34842363300026
34843687400021
34844337500038
34847366100026
34847747200032
34849469100010
34851041300027
34854142600014
34855494000018
34856073100021
34857169600015
34857614100017
34858559700019
34859138900013
34859572900016
34859900200022
34861563400022
34864215800029
34864897300017
34865002900013
34865714900012
34866837700016
34867416903328
34867416905539
34869760800027
34870340600028
34870468500018
34870651600013
34871437900016
34871719000048
34874915100018
34876847400036
34876879700014
34878303600018
34879124500023
34879181500023
34879995800015
34880679500012
34882144800027
34884417600019
34885708700053
34887905700019
34888393500010
34888482600036
34888681300032
34889588900239
34889651500015
34892028100030
34892825000029
34893434000053
34893650100033
34893952100020
34894280600020
34894817500065
34896876900037
34897389200048
34897820600038
34899147200013
34899318900029
34899389000014
34899851900022
34901556000015
34903470200036
34903555000012
34904807400059
34905815600028
34907832900035
34909006800017
34909496100027
34909771700012
34910038800017
34911325800033
34912175600010
34912378600031
34912430500013
34913478300019
34913708300029
34914979900018
34916444200015
34917410200013
34918117200025
34918265900061
34918660100036
34918721100017
34919562800020
34919886100016
34920049300014
34921612700010
34921765300014
34924305500010
34924442600046
34925973900044
34926750000016
34927000900013
34928470300015
34928657500049
34928732600012
34930425300017
34931272800026
34931464100029
34931686900016
34934666800024
34935740000036
34935904200026
34937141900038
34938739900026
34939148200016
34939233200012
34941566100017
34942586800057
34942875500095
34943926500035
34944143600046
34945121100057
34945293800013
34945543600015
34949445000019
34950047000019
34951825800067
34951936300056
34953234100030
34953840500011
34955530000079
34956161300077
34956633100022
34957999500078
34958493800014
34961399200040
34962837000018
34963211700041
34963452700023
34964609100018
34965168700015
34966295700027
34967187500012
34967895300044
34969077600019
34969870400039
34970037700014
34970042700017
34971103600013
34971648000018
34974775800028
34974956400044
34975673400043
34976490200012
34977378800030
34977385300024
34979134300024
34980256100010
34980320500021
34980958200035
34982626300049
34983416800016
34983627000018
34983739300058
34983899500034
34985319200012
34989501100022
34989654800089
34992322700012
34993322600012
34993492700022
34996051800026
34996599600029
34997249700011
34999365900011
34999724700011
35000314100016
35000598900024
35002458400012
35003252000032
35004399800011
35004628000086
35005872300015
35006819300068
35007705300055
35007770700015
35008554400012
35008763100031
35008765600012
35009422300012
35009534500012
35009753100015
35011156300010
35011716400045
35012092900020
35013556200014
35014005900030
35017215100010
35017266400020
35018670600049
35018743100035
35019363700013
35019363700047
35020522500039
35021978800022
35022539700016
35022633800019
35025750700052
35029147200073
35030554600037
35031006600013
35031149400016
35032310100153
35033701000028
35034078200043
35035100300024
35035289400017
35036941900014
35037770100015
35037925103369
35038230500018
35038324600013
35038556300027
35038727000043
35038858300030
35039684200022
35039842600030
35040191500011
35041188000015
35041309200015
35042614400027
35043810700012
35044588800018
35045273600035
35045896400011
35046094500032
35046698300011
35049604800017
35049624600017
35049731900011
35050047600030
35050208400014
35051822100014
35053597700028
35056873900048
35058484300030
35059055000082
35061950800046
35062463100015
35063720300034
35064607100109
35065801900020
35067011300033
35067427100019
35070223900012
35072911700043
35073754000020
35073864700055
35074489200026
35076382700036
35077482400063
35077760300035
35077762900014
35077860100012
35078033400016
35079161202232
35080593300057
35080953900017
35082838000013
35083043600019
35083121000017
35084352000015
35084387600029
35084755400010
35084798400019
35085211700026
35086277700033
35086878200011
35087584500017
35088014200012
35088278300011
35088343500033
35089231100019
35089653600017
35089699900017
35089713800029
35090084100031
35090369600010
35091033700061
35091827200039
35092292800022
35092344700022
35092480900014
35093017800016
35093845200025
35095273500016
35095512600023
35095912800017
35096610700038
35097655100142
35098104900017
35098214600010
35098602200027
35100459300015
35101177000010
35102146400026
35104368200019
35105062000019
35106495100020
35106581800046
35108784600025
35110069800106
35111378200012
35111462400023
35112145400042
35114043900057
35115028900012
35116342300012
35117628400013
35118227400016
35119085500038
35120856600072
35124283900014
35126098900097
35126529300032
35127989800016
35128335300024
35128746100047
35130409200023
35130601400017
35130775600012
35130998400018
35131129500031
35132272200379
35132701000028
35133128500020
35133990800037
35136018500018
35136836000019
35137883100025
35138004300023
35138485400011
35138912700025
35140150000019
35141228300019
35143823900995
35143823901407
35144208206941
35145606600015
35145865800017
35146338500044
35146663600070
35147323600013
35147860700028
35148423300058
35149681500017
35154924100013
35155579200214
35156652600023
35157182300027
35157449600045
35157963600090
35158787800015
35160253700018
35160292500015
35160824500012
35161267600202
35163733500040
35164770600016
35165595600016
35166224200038
35167100300025
35167463500021
35168695100028
35168842900015
35169635600010
35171353200478
35171353200833
35173116100011
35173157500020
35174572400242
35175136700019
35175762000015
35175831300016
35175851100015
35176791800037
35178638900046
35179876400509
35182767000024
35185671100012
35189757400015
35189952100055
35190481800017
35192932800034
35194015000037
35194566200010
35196531400013
35201646300015
35202276800068
35203097700040
35207603800038
35208813200035
35209740600024
35210142200025
35211533100014
35211754300012
35213192400016
35213748300017
35214185700057
35215547700032
35217439500017
35218771000012
35219300701583
35219804800022
35220212100013
35220767400016
35221687303116
35221700400048
35221904200020
35222236800206
35224090700050
35224998100015
35227961600036
35228301400012
35228436800011
35229119900045
35232000600021
35232030300014
35232702700038
35232813200027
35233818000016
35233853700017
35235559800017
35235580400019
35238254300051
35239016500012
35239386200177
35239764000025
35241691100019
35243119100019
35243901200027
35248334104175
35248385300052
35248763100066
35249541000032
35250075500090
35252593500016
35253018200018
35253900100011
35254103100014
35254219500024
35255466100152
35256131000017
35256229200040
35256678000016
35256979200018
35257032900016
35260361700049
35261127100011
35262024900016
35262116300018
35265853800025
35268407000019
35269203200019
35269448300020
35269486300015
35270283100020
35271131100048
35271309300016
35272788700023
35275317200043
35276054000018
35276500200014
35276995400020
35277407900433
35277409500256
35278106600019
35278153800017
35279841700015
35279873000011
35279934000828
35280006400011
35280660800019
35280975000016
35283939300100
35284409600011
35285022600015
35285322000023
35286063902757
35287076000019
35287229500055
35288979400025
35289530400025
35290495700011
35290549100085
35291850200019
35292806300036
35294556200010
35294703000016
35294927500015
35296455500010
35297013100012
35298524600029
35299164000017
35301760100017
35302597600096
35302684200016
35303663500012
35303972000019
35304153600395
35305449700055
35305910800020
35305960300012
35306196300057
35306305000028
35306995800018
35307162400020
35309519300028
35309645600028
35310594300016
35310704800012
35311305300055
35311499400026
35313209500020
35314772100024
35315044400019
35315077400019
35316284500013
35316378500028
35316574900014
35318182900014
35319308900011
35319907800018
35320340900019
35320856400016
35321417400016
35323891800018
35324842000013
35325258800010
35328879800021
35329090100027
35329116400013
35330060100013
35330523800217
35331650800012
35332442900011
35334156300065
35334425200013
35334603400013
35334800600035
35335000200039
35335074700013
35335476400014
35335936700011
35336720400016
35337776500014
35338386200011
35338771500025
35340096300354
35340277900097
35340571500015
35340995600011
35341455000015
35343453300017
35343738700015
35344536400014
35345730200027
35346195700022
35347297000014
35347996700013
35350506800018
35351366600050
35352220400216
35353108000029
35353850700024
35354686400029
35355131000066
35356705000011
35358797500031
35360264200020
35360602300078
35366403000064
35366941901757
35367513500019
35368902900018
35369007600040
35369348400019
35369382300018
35371874500022
35373355300039
35375826100013
35375939200015
35376347700026
35378403600017
35378741900012
35379155100016
35379438100056
35380672200016
35382102802114
35382102802817
35384942500023
35385464900012
35385490400011
35386432500025
35386506600016
35386664300029
35387800200016
35388692200015
35389431400023
35389854700024
35390493100055
35390866800042
35391538200025
35394291500037
35394376400038
35394388900017
35396199800013
35396741700026
35397418100060
35398048500026
35398231700029
35400393100038
35401818600016
35401994500014
35402394700014
35403280700019
35403795400014
35405166600031
35405277100020
35405296100035
35406225900024
35406637500016
35406773800014
35407677000024
35407757000043
35450022502450
35550229500015
35600000000114
35600000000579
35600000001375
35600000002252
35600000008607
35600000008841
35600000009192
35600000009520
35600000011923
35600000012382
35600000013395
35600000017963
35600000018804
35600000020752
35600000022426
35600000023209
35600000024749
35600000041218
35600000042091
35600000045421
35600000046574
35600000048554
35600000050560
35600000054845
35600000055312
35600000055457
35600000057315
35600000061243
35600000062918
35600000063485
35600000063886
35600000067003
35600000069989
35680157102383
36270122900027
36440138000019
36810512800012
37020098200038
37601137500015
37652005200022
37672008200043
37748230200033
37749458800058
37750417000038
37751966500022
37753124900029
37753329401971
37753329402144
37753329402441
37753329402482
37753704800045
37758151700010
37758809000011
37759889100010
37760277600025
37760919300018
37761030800027
37762639500034
37763130400039
37763397900010
37765043700074
37766582300052
37767391800746
37767896600013
37769590300080
37769928500039
37770984500020
37772251700010
37774582300015
37775656400011
37778138000037
37778208100014
37778506800034
37779312000017
37779646100020
37780769800016
37781599800010
37781651700025
37783406400026
37784844500039
37788769000057
37788997700015
37789598200017
37790233300014
37790777900013
37793203300055
37794798100033
37795007600028
37796543900047
37797028000014
37797718600016
37799015500022
37799039500016
37799250800012
37801849300015
37802358400014
37802801300035
37803967100011
37804551200035
37804750000467
37805183300028
37805277300025
37808257200017
37809942800013
37810092900017
37810376600010
37811054800013
37812074500096
37812498600027
37812601500015
37813176700030
37813225200040
37813991900062
37814077600436
37814339000052
37814385300018
37818336200029
37819597800010
37820373100021
37821348200011
37821633700014
37822901700017
37823354800155
37823877800021
37823997400645
37826689400013
37827132400022
37828543100060
37829374000023
37829743600016
37830947000011
37833478300032
37833614300847
37834196000029
37834895700010
37835696800057
37835764400020
37836812000077
37839341700092
37839486000019
37839891100388
37842005300019
37842868400054
37845100900013
37845173600029
37845536400018
37845554700034
37846028100728
37846328500023
37847758200019
37847958800014
37848609600399
37848609600456
37848609600472
37849060100028
37849439700029
37850089600014
37852007600019
37852591900015
37853092700078
37853142000057
37853189100018
37853424200052
37853517300017
37854575000010
37855574200014
37856605300013
37857271300014
37858692900010
37862356500025
37863002400123
37864600400051
37865454500011
37865501300019
37866399100024
37866715800026
37871197200364
37872248200031
37872463700012
37874007000016
37874611900023
37875304000021
37875511000038
37877867400028
37878203100090
37879071100014
37879845800014
37881015400070
37881805800018
37881949400014
37882245600042
37882926100056
37883207500014
37884089600013
37884201700022
37884647100019
37885876500043
37886208000017
37887385500035
37887854000020
37888803600027
37888823401059
37888879600299
37889265700024
37890080700025
37890205000012
37890699400025
37891886600013
37892112600017
37895563700079
37895904300043
37896256700020
37898513900013
37899016200018
37899615100023
37899726600010
37900660400019
37900788300018
37900909500017
37901931800011
37902522400054
37903012500064
37903065300016
37904050400076
37904417500014
37904544600034
37905304400028
37906851300033
37908159900019
37910254400028
37910338500025
37910564600077
37912428200045
37912554500010
37913371300014
37913600500012
37913773000014
37914688900017
37914722600045
37914758000011
37914779600039
37914858800013
37916132600010
37916493200038
37917163000021
37917178800019
37917617500014
37918834500043
37920453000024
37920807700055
37921033900048
37922176500025
37924316501525
37924316501996
37924563200060
37924900600014
37925102800021
37925648000037
37925759500023
37926151400085
37927705600014
37928181900035
37928773300024
37929640300015
37930584000041
37931521100019
37931620100035
37931958500020
37932043500017
37933416200052
37933463400019
37934212400011
37934605900056
37937224600015
37937405100041
37937466300027
37938432400016
37938956200123
37939476000043
37942608300018
37944769100021
37946679000035
37948981800011
37949326500019
37949449500029
37950652000012
37950881500022
37952992800010
37953104900029
37953769900041
37954248300019
37954325900053
37954806800020
37955073400014
37955973500020
37955996600054
37957013800030
37957223300052
37957507900023
37957739800058
37957961800123
37958370100022
37958586200020
37958790004903
37958790005660
37958790005884
37958790006189
37960197401146
37960405100035
37960637900012
37961054600036
37961729300020
37962386100026
37963061900011
37963174000030
37963199700010
37963548500053
37965675400064
37966452700015
37966615900015
37967149800010
37967438500024
37967590300023
37967821200018
37968785800033
37968925000072
37970643500011
37970968600016
37972261400011
37973869300017
37974908800017
37975413800103
37976135600011
37976263600031
37976768400010
37978516500059
37979671700013
37980026100024
37980065900029
37982053300014
37989987500015
37990675302565
37991504400026
37991923600016
37992313900032
37992834400017
37993018300064
37993819400022
37994106500037
37994149500010
37994322800013
37994687400011
37995758200040
37996857100024
37997503000014
37998050100017
37998168100040
37998613600016
37999085600013
37999228200010
38001109800015
38001505700017
38001620400014
38002751600075
38003415700038
38003727500076
38004220000010
38004552600031
38007961600013
38008853400017
38010746600019
38011339900030
38011670700015
38012725800016
38012962700044
38012986607506
38012986619089
38012986638543
38012986645662
38012986646108
38012986648419
38013274600013
38013414800051
38015295900017
38015522600026
38016805400019
38018011700034
38019233600036
38019264100013
38020343000026
38020916300019
38021123500011
38022413900010
38023131600668
38024060600018
38024367500010
38024887200026
38025217100067
38025223900013
38025659400025
38026783100051
38028434900020
38029151800013
38032440000023
38032831000053
38033029000020
38034987800013
38036630200012
38037985900032
38038544300011
38039401500040
38039726500014
38039807300011
38040042400012
38040141400012
38042135400016
38042275800033
38042927400026
38043728500030
38046163200032
38047093000021
38047293600018
38047877600046
38048276000010
38048318000036
38054273800022
38055115000010
38055273700021
38057289100014
38057504300019
38059246900023
38059993600016
38060667300024
38061054300171
38061172300020
38061919700011
38062046800013
38062233200464
38062233201041
38062233202940
38062233203260
38062266200019
38064602600027
38064681000024
38064718000013
38065445900029
38065657900014
38066122300012
38067828400049
38068158500010
38068253400017
38070031000010
38070155700015
38071847800015
38072343700014
38073625600013
38076208800066
38076375500010
38078705100016
38079100400019
38079569000011
38080340300035
38080389000025
38081745200010
38082210600015
38083505800013
38083873000014
38084279900013
38084775600042
38085459600034
38085894400057
38087066700025
38090256900223
38090345000027
38090735200013
38091665000027
38093518900023
38094028800034
38094101300019
38095809000033
38096301700021
38096460100013
38098253800015
38098564800019
38098737000018
38099725400038
38099935900025
38101121200010
38101520500010
38101552800023
38102054400031
38104267000053
38104368601320
38104368602484
38104502000017
38105242200049
38106276900017
38106939200011
38107447500017
38107571200012
38107992000017
38107995300026
38108473000013
38108857400094
38109826800018
38110682200046
38110730900019
38110997400018
38111051900026
38112640800024
38112679600022
38112835400028
38114657000019
38115144800010
38115445900030
38115684300025
38116531500031
38116600800015
38120256300023
38121003800067
38121070700026
38121118400019
38124146200021
38124831900026
38125469700018
38125596700014
38125724500013
38125992800020
38126057900010
38126189000010
38126996800040
38127046100019
38127732600017
38129574000017
38130877400029
38131308900017
38131638900034
38132660200038
38134901800014
38135224400010
38135804300077
38136003100037
38136836400059
38137038600025
38138431200017
38138560800017
38138762000093
38142268200033
38142557800030
38143230100020
38144036100073
38144617800018
38145110300026
38145161600019
38145845400018
38147120000042
38148665300052
38148789100057
38150021400014
38151098100016
38151585700906
38152141800016
38153056700068
38153071600012
38153633300010
38153834700018
38155620800027
38155887300059
38156052300015
38156198400059
38156297400018
38158036400010
38158059600017
38159024900011
38160121000010
38160637500032
38160844700045
38161514500012
38161778600011
38162207500012
38163414600025
38164338600042
38166642900034
38168264000044
38170519300021
38172326100032
38176032100012
38176389500020
38177492600012
38178156600017
38178708400023
38178756300026
38180077000012
38180567000043
38181354200010
38181386400026
38182134700014
38182536300066
38182762500017
38182869800088
38183877000042
38183933100018
38184557700018
38186392702067
38187133400011
38187514500017
38187778600016
38189251200017
38189411200022
38189800600014
38190531400013
38190551200012
38191435700037
38191976000037
38193455300011
38193519600026
38194053500010
38194121000019
38195279500015
38196049100383
38199478900018
38199504200011
38199621400080
38200551000021
38201777000019
38204100200017
38204655500043
38205063100011
38205844400029
38206122400012
38206371700443
38207423500021
38207711300027
38208570200027
38209838200015
38210330700031
38212373500013
38214567000016
38215596800029
38216745000016
38218592400018
38218904100025
38219614500017
38220232300012
38221348600048
38223642000040
38225249200022
38225996800842
38225996801154
38226551000018
38226997500050
38227474400012
38228182200025
38231675000035
38232476200014
38232894600043
38232905000043
38232943100011
38233184100025
38233924000048
38234487700016
38234561900011
38234738300012
38234743300015
38234906600029
38235185600010
38235483500037
38236886800016
38237091400014
38237299300776
38237447800024
38237606900029
38237643200011
38239530900026
38240186700843
38241643600022
38242905800037
38243706900018
38243970100014
38244361200025
38244552600017
38244841300056
38244846200038
38246074900015
38247587900013
38249128000014
38249131400011
38249714700035
38251359600017
38251499000011
38252072400024
38253108500019
38256558800029
38256985300015
38257123000012
38257689000018
38258023100019
38258241900034
38258418300018
38258640200010
38261422000020
38262079700011
38262400500015
38262863400026
38263765000021
38264375700034
38265080200210
38265080200970
38265080201861
38266380500051
38266841600045
38267280600025
38268065000035
38268954500012
38269671400015
38269731600034
38271948200020
38272133000068
38274295500018
38274450600017
38276372000010
38276913100014
38276980000014
38277971800065
38278048400038
38278174800019
38278720800026
38281180000012
38281446500029
38282111400016
38282438100026
38282455500462
38282767300023
38283611200013
38283792000018
38284344900028
38284363900040
38284551900018
38285350500024
38285605200073
38285970000025
38286580600014
38286787700013
38287427900021
38289091100011
38290094204743
38290241900029
38290245000032
38291878700013
38292956000029
38297433500038
38298418500019
38298595000015
38298860800024
38298861600282
38300008000010
38300069203800
38300069204188
38302056700038
38303242200016
38305382400017
38306924200014
38307352500016
38308319300011
38309228500014
38309282200030
38310642400021
38311002000013
38311773600025
38312899800028
38314092800029
38314927500034
38315573600010
38315640300073
38316028000012
38316754100010
38317013100015
38317970200022
38320263700021
38320809700022
38321410300038
38323434100014
38323984500027
38324715200028
38324819200015
38325707800014
38326472800031
38328261300017
38328472600023
38329091300078
38329675300015
38331319400037
38331628800018
38333571800011
38335075800025
38335120200015
38335459400434
38335459403073
38335459403966
38335711800033
38335747200018
38335863700031
38336571500010
38337146500063
38337340400045
38337527600011
38337914600012
38339245300098
38340162700013
38341009900014
38342880200011
38345126703813
38345369300038
38345875900032
38347366700012
38347492100012
38348040700030
38348960600020
38349995100010
38350903100019
38351759600011
38352061600020
38352257000027
38354993800017
38357320100043
38357515600039
38357516400033
38357862200029
38358262400029
38359031200013
38360008700019
38360238000016
38360383400045
38361275100016
38361907900031
38363632100010
38365577600011
38365955400042
38367254000010
38367287000037
38367492600027
38367610300054
38367733300015
38368244000011
38368683901281
38368884300010
38370267700014
38370639703035
38371327800018
38372084400018
38373656800031
38373929900014
38373959601466
38373960400049
38374046100017
38374642700020
38374681500158
38374855500034
38377349600013
38378947600033
38379492200013
38379684400017
38380232900011
38380950600017
38381952100048
38382381200045
38382724300015
38383506300017
38384209300015
38384469300440
38384469301059
38384469301919
38385280300022
38385380101288
38386095400031
38386724900013
38388553000022
38388991200044
38390070100012
38390842300015
38392590600026
38393097100122
38394438600010
38394440200023
38394512800023
38395247001274
38395247001803
38395247002389
38395247003155
38396043200037
38398431700016
38398653600027
38400438800011
38400602904367
38400961900014
38401736400033
38401769500014
38402964100014
38403587900038
38403717200028
38403792500045
38404034100024
38404536500077
38404798100038
38405142100012
38408141000043
38408211100012
38408937100015
38410496400018
38411355100145
38411439300042
38411748700072
38413179300026
38413248600018
38415258300025
38415312800010
38418759700156
38419452800020
38420978900021
38421135500019
38421831900026
38422975300031
38423390400034
38423895200020
38424763100045
38425575800045
38425687100052
38427786900028
38428519300015
38429267800024
38429383300016
38430226100027
38430645200036
38432010700012
38432271500028
38432718500037
38435203500016
38435341300600
38435341301459
38435341301707
38435995600016
38437400500013
38437807100011
38438911000014
38439991100013
38440832400034
38441673100048
38445767700027
38445907900016
38446306300014
38446698300028
38447187600027
38447237900021
38447765900013
38447865700016
38450594700018
38453511800010
38453735300029
38455667600029
38456618800023
38457371300037
38457628600023
38458191400023
38458197100015
38458413200094
38458487600021
38458976800017
38460009400021
38460421100019
38460814700011
38461815300025
38461926800038
38463655100044
38463680900012
38464255900064
38466438900044
38466669900028
38467095600018
38467227500052
38467284600019
38467317400015
38467962700016
38468626700012
38468686100038
38469608400019
38469858500021
38471642901507
38472558600026
38472997600025
38474608700012
38478796600058
38479736100019
38479818700058
38480107200016
38481231900034
38481896900014
38482071800011
38482588100020
38483313300018
38483362000030
38483435400027
38485789200010
38486131600014
38486236300015
38487369100016
38489335000023
38489939902251
38490094000030
38490966900010
38491529400019
38491894200028
38492301700014
38492645700035
38493636500020
38493881700010
38494076300012
38494574700010
38495785800051
38497131300026
38498772300010
38498835800030
38499698900016
38499754000057
38499919900043
38499936300060
38500570700026
38500623400285
38500889100025
38500986500010
38501088900017
38501305700018
38504618000019
38505983700026
38506185800010
38506778000010
38507626000012
38509144200017
38509305900017
38511023400254
38511023402193
38511286700077
38511623100056
38511885600017
38513582700017
38514478700046
38514564400014
38515511400031
38515716900025
38516356300013
38516958600018
38517079000013
38517182200013
38517802500016
38518176300017
38520033200026
38521765800033
38521972000013
38522074400010
38523140200038
38523816700022
38525137600013
38525164000012
38525998100038
38527375000013
38527537500017
38527596100014
38528054000027
38528106800028
38529613200017
38529863300020
38531862100013
38531969400019
38532731700033
38532950300036
38534287800019
38534961800061
38536571300671
38537516700025
38538175100077
38538893900014
38539453100052
38539741900016
38540174000019
38734230600017
38745131300028
38746260900059
38746433200015
38746838200602
38747648400044
38749579900190
38749661500064
38750646200010
38751058900030
38753140300013
38753831700026
38754421600014
38754891000018
38755771300014
38757055900014
38757089800016
38757204300017
38757244900024
38759036700034
38762114700025
38763398500032
38763668100018
38763810900109
38765465000010
38765521000012
38766110100072
38766309900233
38767249600016
38767293400024
38769810300018
38770324200025
38770443000041
38770836500029
38771827300049
38773278700016
38773288600065
38774447700010
38774592000018
38774826200012
38774925200012
38775491400019
38775657000017
38778349100021
38778841700013
38778969600011
38779083500020
38779260900019
38779475300021
38779569300028
38780030300019
38780311700010
38780412300017
38780548400038
38781636600018
38781923800016
38784130700029
38785350000032
38786290700012
38788316800016
38789938800012
38790118400029
38790424600015
38791382500015
38791937600013
38791962401998
38792222200014
38792800500033
38794094300013
38794666800028
38795017300022
38796320000051
38796667400013
38796715100011
38798875100039
38800124000018
38800133100015
38800178600028
38802122200012
38803060300012
38803084300014
38803623800011
38805084100013
38805233400025
38805260700016
38805773900046
38806820700017
38807647300080
38807761200025
38807785100037
38808764500049
38810820100012
38811615400039
38812063600013
38812379600020
38812445500048
38813018900011
38813302700051
38814032900011
38816201800021
38816381800015
38817166200025
38817423700023
38817638000029
38817999600011
38818255200025
38819065400045
38820981900027
38822860300014
38822922100014
38823733100110
38825177900046
38825333800015
38826053100016
38827908500012
38828321000028
38828643700024
38828722900016
38829605500022
38831654900053
38832332100017
38832376800027
38833042500041
38833330400128
38833422900019
38834720500022
38835407800049
38835945700065
38838337400054
38840960900012
38842226300011
38844256800019
38844371500031
38846149300024
38846504900061
38848017000017
38850532300039
38850630500050
38850674300011
38851979500032
38852043900018
38852171800014
38852560200032
38852617000013
38853421600014
38854334000011
38855784500020
38856182100033
38856740600060
38857365100014
38857501100019
38857683701097
38857828800010
38857875900010
38858565500029
38859655301153
38859737900014
38860433200030
38860882000014
38861587400012
38862940400012
38863292900013
38863682100026
38863979100028
38864162300011
38864174800032
38864603600011
38865605000035
38867149700021
38868067000048
38868957200013
38869129700054
38869664300021
38870992500019
38871595500018
38871649000023
38872152400030
38872255500017
38872478300021
38873764500019
38874714900010
38877000000023
38877144600050
38877219600027
38878713700016
38880916200026
38881262000382
38881698500013
38882624000029
38883204000025
38883660300083
38885048900070
38886943000024
38887064400027
38887376200016
38887952000012
38889046900017
38889377800018
38889900700032
38889981700018
38890504400011
38891694200021
38892757600016
38892969700026
38893533000018
38895127900016
38895923100019
38896403300038
38899933600018
38900566100019
38901271700028
38901300400012
38901575100024
38902530500019
38902851500069
38903616100013
38905016200079
38905602900017
38906995600016
38907876700057
38908062300017
38908171200017
38908487200065
38908656200037
38908856800024
38909208100014
38912809100029
38913049300015
38913256400011
38914067400018
38915098800019
38915423800015
38916168800020
38917616500014
38918063900061
38918465600012
38920312600013
38921422200033
38923907000029
38924555600011
38925736100243
38925786600019
38926051400028
38926386400016
38927229500871
38927400200028
38927531400018
38928290600012
38928322700012
38928474600028
38929844900031
38932291800027
38932531700029
38932986300010
38933013500010
38936162700018
38936641000022
38937313500026
38937771400057
38937999100018
38938635000018
38938954500499
38939188900018
38940896400010
38941759300016
38941767600035
38942019100014
38943521500113
38943521501129
38943521504404
38943537100015
38944306000014
38944845700017
38945152700029
38945594000012
38946478500010
38947370300129
38948584800052
38948947700015
38950992800013
38951424100022
38951660000027
38954340600026
38955276100014
38955647300012
38956407100030
38959605700015
38960140200016
38961537800046
38962278800013
38963263901063
38964053300045
38964346100012
38964661300031
38965299100016
38965550700017
38965660400011
38966988800023
38968170100030
38972488100054
38972664700024
38972991400017
38973351000017
38974048100012
38974943300014
38975401100010
38975432600038
38975648701992
38975852500015
38976213900019
38976334300024
38976381400016
38977409200040
38979444700018
38979589900019
38979888500015
38980159800019
38982381600027
38982701500030
38983864000032
38984036400027
38984518100012
38984520700015
38986066900024
38987136900010
38988262200027
38989018700013
38989059100206
38989373600014
38990675100018
38991266800032
38991723800013
38992390500019
38993523000018
38994475200028
38995720000014
38996022000033
38996403200020
38996479200011
38998889000015
38999805500021
38999989700017
39000183200026
39001349800014
39001460300018
39001482700039
39003193800017
39004077200027
39004787600011
39005419500040
39005638000020
39005886500010
39008261800013
39009458900012
39009824200022
39009957000025
39010227500018
39011107800023
39012177000064
39013400500011
39013517600019
39013667900037
39014022600064
39014184400048
39015034000011
39016002600014
39016452300024
39017933100017
39018520500015
39019932100014
39019938800054
39020286900017
39020912000018
39024155200038
39024434100017
39024519900018
39024898700013
39025349000044
39027561800036
39027722600010
39029548300023
39030350100014
39030351900016
39030620700015
39032098400037
39032939900013
39033605500038
39033839000011
39033883800019
39035992500018
39036291100013
39037094800049
39038603500021
39039181100010
39039728900021
39039763600015
39040304602015
39040304603575
39041326800017
39041420900010
39041881200041
39042650000018
39043192200017
39043544400026
39044615100024
39044851200017
39045924602378
39045924602832
39045924603210
39045924607609
39045924609175
39045924609217
39046130900028
39047016900025
39047263700029
39047350200016
39048379000023
39048799900018
39048998700011
39049649500016
39050091600015
39051573200019
39051633400013
39052157300019
39052771100027
39053451900017
39053458400011
39053552400016
39054023500038
39054181100050
39054925100028
39055178600010
39055380800010
39055694200030
39057423400014
39057928200018
39058192400037
39059936300012
39060344700017
39060687900117
39062956600022
39064069600055
39064510900013
39065036400016
39065109901692
39065109903169
39065200600011
39066529700029
39066600600023
39067597300015
39068595600018
39068736600018
39068818200042
39069077400026
39070389000777
39070731300016
39070957400011
39072069600033
39073840900015
39073887000026
39074049600034
39074175900026
39075085900022
39077552600010
39077586400056
39078638200031
39078951900019
39079494900011
39079822100029
39080657800014
39081155200046
39082470400014
39084158300011
39084469400013
39085056800036
39085062600040
39085108700010
39085239000017
39087816300018
39088067200014
39088078900057
39088251200010
39089208100055
39089627200015
39090572700025
39091267300014
39091314300017
39091909000014
39092488400013
39093854600012
39094644000018
39094813100029
39095126700033
39095485700012
39096524200022
39098571100014
39103373500013
39104262900017
39106636200016
39107284000013
39107461400010
39109744100045
39110177100015
39111624100053
39111800700023
39112147200016
39112579600675
39113448300034
39113520900016
39113678500014
39113980500025
39114220500015
39116260900039
39117855500010
39118262300010
39118311800010
39118422300025
39118897600040
39119412300082
39119480000010
39119619300018
39119832200011
39120934300014
39122364100039
39122824400029
39123516500019
39123890403418
39124337500014
39125649200011
39126516200019
39127706800014
39128013800010
39128789300013
39130745100024
39131503300012
39131546200013
39133045300013
39133662500010
39133698900036
39134765500014
39138761000044
39139006900030
39139209900019
39140256700211
39140274000024
39141046100027
39141308500013
39142611100012
39143113700010
39143389300024
39143926200026
39143974200027
39144388400013
39144616800026
39145351100035
39145359400015
39146747900013
39148458100023
39149478800014
39149834200032
39150021200090
39150196200016
39150464400041
39150909800045
39151416300016
39151687900015
39151716600016
39151863600017
39151898200015
39153239700034
39153327000016
39153846900027
39154026700039
39156269100017
39158474500015
39159109600014
39159396900028
39159893500065
39162499600024
39162715500016
39162793200042
39163201500072
39163409400034
39163512500019
39163745100017
39164511600016
39168039400056
39169406401263
39169406405033
39169437900010
39170017600012
39170147100016
39172545400071
39173649300019
39173995000015
39174052900055
39174822500029
39175410800010
39175482700015
39175551900058
39175726700011
39175842200029
39176064200028
39176236600030
39176778700057
39177666300018
39177989900023
39178907000011
39179860000014
39180582700048
39181130400438
39182744100034
39183766300015
39184338000018
39184381000014
39184764700016
39185251400036
39185339700035
39185715800052
39186356000036
39186853600015
39187086200011
39188129900039
39188332900016
39188706400015
39188795700010
39188972200057
39189073800027
39189672700016
39189864000019
39190091700066
39190315000012
39190456200017
39192088100011
39192253100028
39192641700018
39192929600013
39193290200011
39196000200015
39196499600030
39196976300013
39197303900012
39197545500018
39202884100022
39204601700027
39205062100029
39205321100042
39205373200039
39205411000029
39205434200010
39205606500015
39205945700045
39206425900014
39206962100010
39207416700025
39207486000058
39208190700025
39208210300012
39208546000047
39209578200026
39210406300012
39210701700023
39211174600054
39212211500018
39212375800022
39212643900067
39212835100013
39213596800015
39214748400019
39215371400010
39215759000028
39216172500032
39218670600066
39219271200025
39220886400026
39221081100023
39223073600028
39223896000018
39224270700017
39224412500028
39225066800010
39226074100013
39226760500013
39227439500012
39227842000022
39228352900015
39229068000025
39229568900013
39230138800014
39230457200044
39230508200027
39231882000058
39232150100018
39232617900026
39233365400011
39233883600019
39234175600014
39235748900047
39237453400015
39237724800597
39238135600014
39239564600020
39240518900011
39244505200062
39245038300022
39245089600049
39245415300017
39246838500019
39248858100019
39249075100014
39249231000017
39249593300013
39249831700057
39250330600012
39250525100026
39251002000028
39251109300016
39251941900023
39252570500027
39253454100025
39254328600018
39254727900019
39255059600028
39255747600125
39255964700046
39256963800043
39257399400010
39258207800011
39258831500029
39260045800021
39260192800014
39260370000064
39260383300022
39262004300027
39262279100045
39262452400048
39262511700016
39262926700049
39263404400011
39264477900077
39265517100016
39265716900026
39266328200037
39266462900020
39266721800037
39267727400012
39268615001649
39268615001763
39269517700015
39270368200048
39271466300037
39272040500019
39272197300023
39272717800064
39272758200026
39272973700040
39275560900014
39277024400011
39277494900011
39278037500011
39278272800035
39278571300018
39278720600011
39278984800026
39279491300021
39279575300012
39280329200011
39280553700025
39281582500014
39281597300012
39282324100030
39282948700017
39284093000011
39284895800022
39285003800010
39288239500016
39288473000012
39288596800017
39288636200061
39288973900018
39290933900013
39291360400014
39291432100014
39292876800028
39294310600212
39295148900013
39295903700012
39298572700016
39298809300028
39299958700018
39300265400035
39301245500050
39301369300014
39303060600015
39304229600045
39304749300019
39306215300027
39306296300086
39307911600025
39308016300016
39308039500022
39308713500041
39309214300014
39309492500012
39310445000019
39310765100035
39312460700010
39313068700030
39315802700028
39316365400014
39316450400028
39316791100022
39316917200011
39317079000017
39318000500018
39318159900050
39318225800011
39319257000025
39319424600038
39320337700170
39321166900022
39322189000022
39322726900031
39324080900037
39326005400019
39329706400015
39330192400014
39331138600014
39332134400037
39332225000035
39332636800023
39333976700047
39334220900011
39334532700034
39335043400402
39335139000017
39335786800032
39336006000023
39336508500033
39336520000012
39336681000140
39337462400012
39338029000030
39338764200027
39339273300019
39340756400011
39341467700061
39343068100014
39343349500032
39343662100014
39344681000011
39345520900014
39346147000014
39346511700017
39347552000010
39348029800024
39350726400017
39352057200073
39352434300018
39353658600059
39355510700019
39355755800029
39355815000040
39356154300017
39356173300022
39356714400018
39356723500022
39357432200011
39357651700048
39358160800014
39359045000010
39359227400012
39361553900052
39362359000022
39362508200028
39362516500021
39363325000021
39363731900012
39364550200013
39365132800022
39365135100016
39367044300026
39367462700012
39367784400028
39367867700013
39369187800036
39369550700029
39371677400012
39372736700012
39374004800037
39375680400018
39376262000010
39377833700013
39382911400015
39384244800010
39384665400019
39384698500025
39385772700019
39388239400017
39389959600018
39391344700016
39392844500039
39395996000062
39396042200045
39396195800021
39396232900032
39397653500053
39397858000024
39397963800086
39398767200010
39400274500013
39400895700018
39401042500012
39401118300024
39401439300018
39402524100016
39404933200015
39407663200014
39407667300018
39407896800036
39408403200025
39409788500013
39410767600030
39410887200075
39411991100029
39412688200015
39413690700018
39414003200019
39414136000021
39415105400027
39415276300014
39415576600022
39415580800014
39415708500868
39415787900013
39416057600143
39416501300019
39419403900019
39419436900010
39420397000139
39422556900018
39422637700015
39423603800011
39424123600055
39426059000010
39426264600026
39427391600012
39430059400014
39430130300043
39430694800016
39431480100025
39431616000016
39431921400018
39431931300018
39432104600044
39432173100025
39434611800034
39435202500016
39435243900019
39435400500016
39436245300018
39436531600014
39436651200017
39436918500019
39438192500038
39439726900041
39440516100024
39440872800019
39441507900018
39441841200141
39442054100010
39442067300011
39443400500036
39443880800013
39445131400014
39445301300010
39445367400019
39445474800085
39446166900019
39446304600026
39446613000017
39447111400014
39447903400388
39449149200028
39449654100027
39450106800024
39452843400027
39453017400025
39453238600015
39453298000023
39453918300019
39454096700046
39457013900029
39457198800077
39458489000039
39458581400012
39459222400031
39459369300010
39460003500015
39460446600042
39462146000036
39462380500014
39463298800017
39464209400020
39464298700017
39466512900034
39468135700023
39469947400018
39470201300019
39470867100026
39471593200023
39472353000033
39473016200028
39473070900026
39473410700037
39473819900014
39474231600018
39474770300319
39475586200015
39475612600055
39477595100012
39478753500019
39480474400016
39480794500016
39481819900017
39482102900045
39482344700021
39482686100046
39483149900071
39483394100013
39484109200015
39484191000026
39484911100015
39484922800017
39485172900027
39486653700027
39487318600016
39488272400021
39488282300021
39488755800028
39490284500012
39490293600019
39490770300034
39490893300010
39490945100020
39491570600037
39492005200039
39492225600018
39492722200015
39493120800042
39493214900021
39493343600021
39494249400011
39495152900020
39495568600057
39497250900019
39497547800022
39497878700031
39497940500039
39500563000029
39501572000018
39501650400023
39503265900033
39503300400015
39503430900017
39504358100028
39506911500024
39508757000036
39509641500017
39510501800018
39510905100015
39511365700013
39511937300011
39512803600013
39512966100025
39513034700010
39514679800016
39514737400023
39515368700029
39515767000021
39516588900043
39519078800012
39519566200030
39519632200014
39520468800018
39522413200013
39523174900015
39523245700030
39523406500013
39524760400014
39526649700035
39527054900011
39527882300012
39529802900012
39530099900012
39530825700017
39531508800033
39532055900010
39533237200022
39534062300010
39535806200010
39536045600010
39536098500018
39536194200018
39536896200043
39537976100038
39538244300020
39538794700017
39538837400021
39539262400015
39539417400019
39540469200067
39540864400015
