34483080700022
34484392500027
34484768600039
34486144800076
34486897100047
34488359000038
34488440800016
34489507300015
34490708400018
34496215400011
34498101400030
34499749900076
34501324700019
34501988900012
34502938300055
34502993800015
34504531400027
34505584200065
34506850600020
34507899200087
34508454500010
34508617701091
34508617704665
34508617706314
34508617706553
34508697900035
34510700700063
34512408500027
34513048803847
34513048804886
34513048813853
34513048829727
34513048830246
34513051202283
34513066000086
34513825900014
34515018900016
34515179900045
34515666500043
34516301800012
34517386800026
34520081000017
34522409100016
34523598000033
34524995700019
34526330500012
34527856800026
34532359600014
34532519500021
34535328800102
34535719800075
34537566100039
34537578600026
34739075900020
34739085800020
34741335300025
34741455900026
34741526700025
34741719800012
34743160300021
34743698200016
34745002500015
34745084300011
34746386100083
34747070000019
34748077400012
34751547000081
34753708600048
34753804300386
34755184800018
34755575700033
34755983300020
34756028600028
34756213400010
34756713300033
34756884200012
34757107700010
34758392400019
34761993400024
34765181200021
34765490700018
34765933600015
34769100800028
34769557900032
34770262300039
34770655800082
34771324000047
34772668900032
34773277800134
34773532600030
34776961400020
34778483701976
34778532100048
34779281400027
34780393400020
34781263800026
34781962500018
