34482547600015
34482741500029
34483940200031
34485303100047
34486106700017
34486579500019
34486642100037
34487638800010
34488504100030
34489761600191
34490351300036
34492197800013
34492722300034
34494527400019
34495049800040
34496390500015
34497064500018
34497098300096
34499531100059
34500715700075
34501132400026
34502361800019
34502826000031
34502947400425
34504225300012
34505830900021
34507042900013
34507828100010
34508617702420
34508617703758
34508617704053
34513048813432
34513048817565
34513048829115
34513048829438
34513048829909
34513821800010
34514016400012
34514909000028
34515469400458
34516481800014
34517781000016
34518502900021
34519479900010
34519714900023
34520408500046
34521441500019
34524910600013
34525745500021
34527539000036
34527745300014
34528054900014
34530514800040
34530867000016
34531825700010
34533446000077
34534187900020
34534958300038
34536915100062
34539047000028
34539343300015
34540415600118
34687054600048
34740383400034
34743313800026
34744164400015
34746272300011
34749707500023
34750095100020
34750427600028
34751808600017
34753804300618
34753804301301
34754105400040
34754375300029
34754596400012
34754771300011
34755130100067
34755916300014
34756713300082
34757295000017
34757605000012
34759255200041
34759907800032
34761780500010
34762276300055
34762537800018
34765749600019
34766598600019
34767336000017
34767926800024
34768096900024
34771126900014
34772159900020
34773023600028
34777624700038
34778959600082
34780221700062
34784121500036
34787007300017
34788274800010
34788646700047
34788656600079
34789502100033
34790502800044
34790987100019
34791143000036
34791246100014
34793273300020
34794390400016
34797500500062
34798167200012
34798482500013
34798977400026
34799066500049
34799721500020
34799956700030
34801073700040
34801148700025
34801210500030
34802465400082
34802681600036
34803080000075
34803710200012
34804996600016
34806363700022
34807780100010
34809588600068
34809694200035
34810786300014
34811108900036
34812422300036
34812819000025
34814411400025
34814695200018
34815105100037
34817878100012
34818624800038
34818786500012
34819658500023
34820279700034
34821579900043
34822305800010
34823220800044
34824977200016
34825022600027
34825228900023
34825577900020
34826819400043
34826877200012
34827422600011
34827675900050
34828932300027
34832579600020
34833223000021
34834170200036
34834202300028
34835798900014
34836861400023
34839854600021
34840514300077
34841418600026
34841708000010
34843736900047
34843808600061
34844016500010
34846600400028
34847831400019
34848053400018
34848448600025
34850764100028
34851521400081
34855731500010
34856455000013
34857071400017
34859205600017
34859615600052
34859696600013
34859755000048
34861466000010
34863139100011
34863818000045
34863969100032
34865605900014
34866675100063
34868600700017
34868999300056
34870033700010
34870091500013
34871545900015
34871604400030
34872527600011
34872749600021
34872821300011
34873079700035
34876012500032
34877594100027
34881234800012
34882110900017
34883292400024
34883926700013
34885923200020
34886633600012
34887550100234
34889029400013
34889749700015
34889906300013
34890009300017
34890216400030
34892584300016
34892837500016
34893951300043
34894839900020
34896033700015
34897586300047
34898830400039
34899155500346
34899155501070
34899155502011
34899923600030
34899986300023
34900779900019
34901531300019
34903562600028
34906981500026
34907106800010
34907529100220
34908456600018
34908821100017
34909653700015
34910356400036
34913052600016
34913435300029
34915120900013
34916539900073
34917067000013
34918027300014
34918806000058
34919477900014
34921008800036
34921065800036
34921320700039
34922410500016
34922977300024
34923143100082
34924708000014
34926526400037
34926576900019
34926603100013
34926720300025
34928930600087
34930454300037
34931532500010
34931630700033
34933004300085
34933581000017
34935734300012
34936755700122
34938139200035
34938150900018
34938538500027
34938845400028
34938937900018
34939011200069
34941279100031
34942536300018
34943159300012
34944451300015
34944888600011
34945513900015
34948751200015
34948971600028
34949617402282
34950383900020
34953039400023
34957359200046
34957983900011
34958066200014
34959697300017
34960331600028
34961442000017
34961706800037
34963004600010
34963716500011
34964514300018
34965048100022
34965500100023
34966812900027
34969850600012
34971507800078
34972732100037
34973765000029
34976595800013
34976605500033
34976789700011
34977027100063
34977153500011
34978612900065
34982704800043
34982834300013
34983399600029
34984474600140
34984630300023
34985374700013
34985487700025
34986139300016
34986959400276
34987517900013
34987560900019
34987761300019
34987999900036
34989330500046
34991623900016
34994299500029
34995174900010
34995644100027
34998422900030
34999437600045
34999497000029
35001038500010
35001690300014
35001952700034
35003926900021
35004177800027
35004557100014
35005176900049
35006820100549
35007344100023
35007418300012
35010418800064
35010848600019
35013180100028
35013787300062
35014004200010
35015808500034
35017030400025
35017955200020
35018055000021
35019310800049
35019384300025
35020309700026
35020369100018
35022429100020
35022500900017
35024063600026
35024606200029
35025156700037
35025471000022
35025950300034
35028310700018
35028663900017
35029376700025
35029660400027
35031951300056
35032683100186
35033551900020
35033884400011
35034134300027
35034236600019
35034267100012
35034677100024
35034971800014
35037874100010
35038919300029
35040048700012
35040884500013
35041390200031
35042435400024
35043370200049
35043420500018
35043741400013
35044564900014
35044802300027
35045807100015
35046075400046
35048049700030
35049156900058
35049273200028
35051415400037
35052911100345
35055791400016
35056227800027
35056394600010
35057867000019
35058884400018
35058990900034
35060113400017
35060600000015
35061962300050
35063530600060
35063612200029
35063948000028
35065031300025
35066172400012
35066212800023
35067903100046
35069848600015
35070840000030
35070917600035
35071328500038
35072459700017
35077212500018
35077306500031
35078726300028
35079161200814
35079161200913
35079183600033
35084062500015
35084164900014
35087312100056
35088584400018
35088679200018
35088968900013
35089002600106
35090752300020
35091309100012
35093481600017
35094252000015
35094873300018
35095137200019
35096081100056
35097164400033
35098903400011
35099582500063
35099928000042
35099982700016
35100515200019
35101146500033
35101354500022
35101360200021
35101507800014
35102934300065
35105429100064
35106039700038
35106957000023
35109181400019
35109476800022
35109811600012
35110846900039
35110858400019
35111693400024
35112568700050
35112944000027
35113845800010
35117487500010
35118285200019
