34482028700011
34482195400056
34482398400010
34483119300042
34484988000028
34486780900032
34488336800021
34488588400017
34489076900013
34490015400016
34490818100052
34491892500019
34492032700048
34492145700042
34494588600028
34496059600023
34496412700049
34496853200012
34497254200031
34498187300013
34498378800060
34500158000025
34501632300015
34503241100059
34503248600036
34504571000018
34504843300030
34505835800036
34506182400024
34506785400041
34507018900013
34508428900023
34511611500030
34511611500121
34511757600016
34512313700019
34512719500054
34513048802138
34513048802963
34513048810495
34513048822318
34513048822649
34513048824082
34513048826277
34513237700010
34513546100050
34514124600024
34514349900019
34514700300015
34515294600033
34516563300040
34519354400029
34519966500026
34521207000014
34521256700019
34524657300033
34528316200013
34529125600039
34529418500037
34529723800098
34533138300017
34533917000010
34535699200023
34537829300020
34539336700015
34702016600257
34738457001357
34738468700013
34740124200024
34740777700015
34744207100044
34744895300013
34746430700029
34746577500018
34747213600022
34747948700048
34749584800033
34755425500021
34755528600017
34757195200030
34757419600049
34759626400031
34760341700044
34763652400022
34766722200025
34768634700035
34769591800016
34770419900020
34771668000017
34772994900037
34773444400024
34777009100028
34777712000036
34780435300063
34780600200551
34780843800043
34781011100018
34781315600010
34783381600056
34787071900031
34791768400016
34792424300046
34792673500031
34797674800017
34798625900013
34800513300023
34800550500030
34801290700013
34803071900010
34804703600028
34805605200049
34806297700056
34806501200026
34806894100031
34808882400019
34808989700055
34809642100022
34811956100028
34812321700013
34812634300014
34813583100033
34814509500017
34815374300011
34817413700011
34817599300016
34817757700031
34818291600075
34819807800068
34819995100040
34820498300012
34824341100017
34825651200024
34827300400062
34828961200023
34828996800029
34828998400018
34829907400024
34830523600013
34830919600031
34832950900049
34834526500014
34835034900018
34835559500029
34836390400015
34836441500011
34836634500554
34836973700013
34843097600012
34843502500021
34843537100011
34844925700024
34846533700064
34846596400024
34847014700037
34848143300012
34848210000016
34849806400040
34849818900029
34850110700034
34851081900017
34851159300025
34851376300071
34851559400052
34855640800030
34855923800012
34859504200014
34860890200055
34864124200014
34864946800017
34865178700023
34866686800065
34866851800023
34867959800014
34868572800035
34870238200022
34872691000030
34873167000017
34873574700043
34873575400064
34876899500030
34878375400016
34881003700013
34882673600012
34886090900012
34887848900056
34888326500012
34888458600028
34889239900026
34889465000046
34889779400023
34890471500052
34890837700032
34891665100014
34892815100045
34893638600559
34895392800044
34897218300035
34898298400034
34898344600058
34899365000012
34901342500021
34903687100052
