34482265500025
34483215900034
34485909500038
34486043200014
34487507500014
34489071000017
34492376800024
34493897200017
34495060500024
34497139500027
34497286400013
34498610400075
34499228400044
34500602700899
34501273600020
34501524200059
34502449100028
34503774100021
34504579300014
34506075000014
34506887800015
34508617703972
34508752200016
34510109100014
34511630500037
34511672700057
34512926600010
34513048800199
34513048808986
34513048820718
34513048825311
34513048826707
34513048829891
34513737600017
34513802800047
34517440300104
34519019300010
34519591100010
34522057800024
34522464600025
34522997500015
34523077500016
34523085800010
34523184900026
34523972700018
34524137600028
34524160800024
34524579900019
34527674500014
34528003600020
34528201600285
34528201600301
34528216400010
34528644700015
34529549700076
34529797200027
34530078400021
34531878600034
34535887300015
34536765000040
34539251800014
34540660700027
34738042000021
34740917900046
34746089100018
34747981800010
34749702600018
34750918400011
34752109800025
34753804300154
34756520200061
34756998000068
34760123900036
34762077500028
34762395100048
34763490900019
34765497200038
34765974000018
34766190200010
34766264500055
34766579600061
34766589500020
34767089500031
34767476400019
34767964900033
34767978900037
34771702700010
34772604400030
34772814900068
34773235600030
34774576200026
34774671100014
34775244600018
34777070300028
34777674200020
34778192400019
34778558600012
34781064000016
34784086000014
34787874600028
34790408800015
34791300600024
34792671900449
34794450600018
34796626900016
34797121000013
34797569000020
34798422100015
34799963300014
34800663600016
34801529800022
34802288000036
34802564400017
34802667500028
34803320000026
34803985000022
34805185500032
34806251400016
34807215800010
34807951800034
34808701600054
34809012700054
34809289100020
34809648800013
34810024900062
34810366400044
34811011500014
34811824100036
34813304200013
34814023700028
34814769500012
34814999800026
34815737100033
34817284200026
34818111600016
34818314600011
34819389700017
34819587600035
34820633500013
34820840600028
34822476700023
34822495700046
34823919500012
34824255300017
34824255300025
34825066300013
34825441800026
34826165200021
34826274200011
34827128900012
34827936500012
34828589100050
34829243400019
34830793500018
34831657100036
34833642100071
34833855900050
34834481300020
34834601600010
34835046300017
34836035500013
34836477900010
34837000800024
34837318400020
34841360000043
34841541500044
34842070400069
34842822800012
34843238600012
34843607200063
34844764000031
34847601100047
34848027800053
34848343900033
34849248900011
34849389100025
34849414700021
34849933600017
34849980700017
34850707000020
34851904200058
34854076600014
34856363600029
34858535700034
34858830200029
34861432200025
34861633500017
34862374500018
34863878400010
34865133200044
34865309800015
34865549900013
34865552300036
34866563900012
34867467200012
34868160200051
34869366400016
34871328000017
34871616800037
34873196900021
34876954800010
34878397800011
34878808400021
34880329700012
34880565600017
34880591200022
34882685000011
34883877200021
34884162800020
34884391300024
34887355500018
34887362100018
34887378700033
34887667300016
34889047600198
34889706700016
34889723200024
34890277600056
34890529000014
34890689200032
34890710600010
34891067000044
34891834300206
34892776500019
34893009000025
34893827500024
34894957900018
34895743200019
34895874500013
34897777800045
34899195100016
34900611400012
34900699900024
34900971200036
34902127900014
34902856300030
34903585700037
34904933800016
34906442800015
34911205200031
34912474300015
34914627400023
34916093700034
34916157000032
34918584300019
34919213800015
34919554500018
34923022700028
34924370900020
34926643700012
34927021500016
34928094100015
34928191500042
34928213700034
34929314200023
34929441300027
34930307300028
34930676100017
34932772600056
34933493800017
34933924200019
34935065200013
34935066000040
34935970300015
34936414100029
34937012200013
34940939100035
34941531500010
34943065200033
34943424100023
34944575900013
34945488400025
34945658200015
34947313200018
34948062400015
34948127500015
34949140700020
34949853500013
34952365400011
34955021000018
34955919500012
34958476300016
34959201400014
34960360500032
34961263000021
34961429700019
34962173000044
34962316500017
34962396700024
34963496400010
34963766000029
34965328700012
34967161000021
34968064500026
34968833300039
34971605000035
34971728000045
34971925200018
34972353600018
34972691900013
34973862500012
34974370800019
34974527300038
34976421700023
34976749100047
34977101400017
34978002300017
34979530200026
34980651300074
34981343600012
34981700700017
34981975500035
34982635400038
34985177400027
34985480200015
34985767200019
34985994200030
34989252100049
34990157900038
34990188400057
34990356700015
34990419300126
34990926700032
34994357100043
34994584000065
34994782000016
34995418000015
34997522700027
34997861900014
34998833700011
34998916000016
34999836900053
35000575700017
35000696100014
35001981600031
35004051500016
35004895500016
35005474800032
35006437400019
