34483069000022
34485571300014
34485934300016
34487470600031
34490159000028
34490954400019
34491537600075
34492113500028
34492375000014
34495328600038
34495397100019
34495952300061
34496084400035
34496498600014
34496559500012
34500199400028
34500685200015
34500943500016
34501066400018
34501346000018
34501506900015
34501629900017
34507999000023
34508133500019
34508617703576
34508617704624
34509400700027
34510296600024
34510965600123
34512257600035
34513048800660
34513048814455
34513048819561
34513048827945
34513048830485
34513051202242
34513163500046
34515141900032
34518359400034
34519192800042
34519259500022
34519472400067
34520622100037
34521213800019
34521291400013
34521333400021
34521432400062
34521504000022
34521594100013
34521635200020
34523073400021
34524095600010
34525821400021
34526669600011
34527892300015
34527950900045
34529718800012
34529917600015
34530888600034
34533082300047
34533905500013
34534490700026
34534646400042
34535428600014
34537268400034
34537762600055
34538181800029
34538454900043
34540748000010
34738457001001
34738457001092
34738457003056
34738773000042
34744144600023
34746143600011
34746704500048
34747582400038
34747908100031
34748010500019
34748380200018
34749206800015
34750519000012
34751813600036
34752476100041
34753618700029
34753804301822
34756637400026
34756886700019
34757743900016
34759760100017
34760079300025
34761929800024
34762912300014
34762972700053
34765453500033
34765739700027
34765771000013
34767803900020
34768301300010
34769524900016
34769589200013
34770388600049
34770422300028
34770813300058
34771104600024
34771274700026
34772997200013
34773295000030
34774307200014
34775968000015
34777306100036
34780101100011
34780217500013
34780550900077
34780732300048
34781193700015
