34482120200027
34485066400030
34485914500023
34486111700010
34486527400049
34486653800046
34489778000013
34490440400029
34490518700045
34492580500030
34496155200017
34496452300015
34497411800046
34500865000011
34501438500016
34508303400024
34508617700929
34508617701117
34508617704269
34509894100023
34511611500170
34512463000012
34513048806410
34513048819504
34513048820148
34513048825147
34513048825238
34513048826996
34513048828083
34513048828976
34513048830360
34513051202945
34516197000016
34518518500021
34519143100021
34520433300016
34523834900012
34524543500010
34526656300013
34528116600040
34528634800015
34529053000020
34530117000030
34531433000027
34533983200023
34535500200030
34535546500013
34536066300016
34536195000016
34538766600018
34540663100019
34695003300115
34714071700039
34738406700042
34738457000540
34738457001712
34738457003007
34740746200055
34742629800019
34743064700011
34745665900072
34746557700042
34748180600011
34749451000022
34749473400028
34749752100042
34751414300010
34751913400030
34753319200022
34755213500019
34756464300034
34756565700025
34758270200028
34761250900021
34761938900013
34762881000041
34764214200025
34764283700020
34768895400010
34770086600036
34773109300030
34774803000066
34775993800017
34776028200017
34776054800011
34776077900012
34780763800023
34781535900018
34782879000027
34783073900012
34783210700010
34785221200039
34785866400019
34786148600020
34786866300027
34787301000057
34788917200057
34790340300025
34791555500028
34791819500020
34792419300068
34792638800013
34792671900787
34793544700024
34794673300016
34794887900015
34795019800031
34795048700012
34795109700018
34795377000018
34798541800032
34799477400029
34799527600040
34799945000021
34801457200021
34802149400037
34802245000020
34803269900012
34804072600088
34804157500021
34804434800616
34804456100069
34804662400022
34804976800016
34805287900023
34805928800020
34806429600034
34806737200014
34809443400019
34809705600041
34811322600180
34811336600010
34811564300028
34813549200018
34813601100031
34818337700038
34819608000017
34820495900038
34822866900019
34826385600026
34826772500011
34829384600013
34830237300017
34831900500016
34833896300054
34834241100017
34834722000033
34834870700012
34838702800015
34840991300046
34841469900044
34841550601683
34842113200021
34842283300031
34842465600034
34842518200022
34844931500038
34845376200018
34846169000011
34848027800061
34849875900029
34850852400025
34851547900015
34852793800057
34854283800027
34854698700028
34855622600010
34856068100036
34856406300058
34858531600022
34858742900013
34858754400019
34859755000055
34859883000019
34862362000013
34863770300011
34863987300010
34865221500016
34865348600038
34867014200028
34867308800012
34867416900357
34867416901819
34867416904706
34867912700012
34868430900019
34868760900019
34869080100033
34871416300014
34872549000034
34872772800076
34873337900039
34873772700019
34874192700027
34874273500015
34874608200018
34875537200045
34877250000024
34879032000348
34881430200017
34884317800032
34885385400027
34888698700018
34888975900018
34889929500300
34893500800022
34893638600450
34894029700016
34894469500017
34895432200015
34896378600036
34899104300020
34901749100011
34902265700044
34902357200044
34904477600020
34905255500019
34905486600018
34906673800031
34907426000119
34908034100010
34908269300012
34908909400024
34909247800016
34910729200014
34910743300014
34911997400013
34912200200026
34913280300017
34914227300011
34915663800034
34916338600023
34916568800012
34917579400024
34917820200025
34918200600024
34918219600015
34918473900010
34919771500056
34920182200021
34920332300010
34922423800031
34922505200035
34924768400021
34924939100047
34926092700018
34927142900293
34927211200021
34927737600043
34928208700015
34928272300015
34929062700042
34929063500029
34929857000053
34930075600039
34930187900012
34930705800017
34932954000018
34934312900053
34935616200041
34935888700025
34936220200039
34936524700015
34938584900014
34941014200021
34941071200047
34941125600036
34942995100024
34943070200036
34944442200019
34946422200034
34947445200019
34947824800025
34947951900010
34948012900015
34948154900013
34948397400029
34949355100023
34950002500011
34950101500052
34952507100057
34954012000103
34954153200033
34954733100026
34956016900014
34956217300014
34956506900029
34959590000011
34960291200017
34960662400048
34961307500010
34961579900039
34962084900019
34963501100019
34965704900012
34966232000036
34966818600019
34967244400016
34968599000013
34968853100020
34969038800013
34970196100022
34971505200024
34973482200019
34973534000037
34973882300013
34974424300016
34976561000010
34977550200017
34977630200029
34977674000020
34977760700046
34979735700093
34981351900015
34981683500012
34982055500010
34982529900028
34984509900044
34984918200010
34986670700012
34987413100015
34989668800026
34990809500020
34993616100018
34994121100014
34996012000021
34996155700015
34996813100012
34996832100019
34997301600026
34998936800023
34999054900025
35000110300026
35000179800015
35000744900019
35001890900019
35002594600020
35002826200029
35003130800017
35003682800019
35004476400024
35004946600013
35005736000017
35005926700020
35006338400316
