34483358700035
34485212400017
34486898900023
34487674300024
34489794700034
34491168000025
34491882600019
34494311300052
34494725400068
34496692400013
34497472000023
34499709300010
34500486500027
34502977100010
34502980500024
34503941600531
34504240200049
34505354000034
34506554400016
34508617702776
34508617705357
34508617705969
34508617708088
34509333000016
34510605800034
34511609900010
34512305300018
34512442400010
34513048816682
34513048822847
34513048824876
34513048826772
34513048828836
34513048829628
34513051202200
34513874700034
34515459500036
34519229800023
34521088400010
34521639400014
34523107000011
34524861100021
34529110800016
34529572900023
34530485100065
34531273000012
34531468600022
34532215000037
34532614400051
34532622700013
34532954400026
34533476700018
34535076300016
34535281900022
34535723000019
34536776700018
34538883900010
34539273200011
34539540400048
34540123600046
34602007600011
34740570600057
34741284300018
34743712100036
34743726100089
34747736600012
34748247300035
34748313300034
34751537100016
34752933100014
34753804301897
34753930600022
34754750700025
34756178900012
34758223100580
34758720600017
34758883200076
34760180900028
34761228500051
34761626000050
34761814200017
34762024700044
34762844800016
34763096400034
34763287900016
34765071500035
34765629000033
34766245400243
34766963200056
34768695800013
34770217700036
34770600400038
34773090500028
34773761100041
34775784100015
34778161900049
34778251800075
34778264100018
34779433100012
34780967500015
34781716500025
34782322100010
34782364300023
34784727900010
34787104800034
34788592300016
34789277000012
34789574000061
34792868100043
34794761600012
34795579100012
34795801900023
34795991800017
34799454300077
34800311200037
34800815200020
34802814300041
34803394500018
34806080700099
34806817200041
34808172000024
34809379000023
34809862500018
34811865400022
34812140100023
34812346400029
34813305900025
34815268700029
34815485700026
34815562300344
34816269400023
34816678600023
34817825200014
34818985300057
34819245100022
34819590000033
34819621300030
34819948000024
34820390200013
34820577400071
34821033700013
34821105300031
34821379400012
34822412200013
34826528100017
34827212100065
34828130400025
34828617000025
34829399400052
34829935500019
34830925300014
34831031900028
34831179600018
34831884100031
34832063100065
34833342800038
34833457400012
34836370600071
34837242600018
34837529600012
34838462900021
34838717600012
34839178000031
34840704000057
34842183500029
34843600700010
34844500800025
34845123800078
34845358000022
34846114600014
34846614500011
34856981500015
34858680100014
34859946500021
34860571800025
34861478500015
34861779600035
34862293700020
34862532800011
34862870200014
34863677000011
34863702600017
34865211600024
34865926900024
34865947500019
34867416906412
34869050400033
34871547500029
34872206700033
34873203300041
34876200600727
34876660100010
34877088400016
34877539600016
34878351500037
34879957800029
34880184600018
34880234900012
34881384100023
34881577000030
34881720600017
34882362600059
34885499300014
34886601300017
34888955100019
34890057200010
34890432700015
34890613200025
34892675900039
34893402700015
34894050300033
34894225100011
34894536100031
34895178100015
34896038600012
34896070900031
34896553400012
34897566500046
34898541700024
34899155501856
34900727800048
34902099000017
