34482019600014
34482173100025
34483035100021
34483939400030
34484577100031
34484650600014
34486606600014
34488610600014
34489149400017
34489327600016
34490727400015
34490740700011
34491796800010
34494869000013
34497283100012
34497538800010
34497802800050
34501103500044
34502991200036
34503803800013
34504406900051
34504655100023
34505368000038
34508312500012
34508617700069
34508617703881
34508617705282
34509396700023
34509783600018
34509799200019
34510472300035
34511847500010
34513048800439
34513048807566
34513048809604
34513048817029
34513048822953
34513048825543
34513048828042
34513051202648
34515797800015
34516767000024
34518772800034
34519212400039
34522400000017
34522542900017
34522744100051
34522826600010
34523029600013
34523412400039
34524701900010
34526117600027
34526149900015
34526593800018
34528939100020
34529887100046
34530031300334
34530597300025
34531685500013
34532783700026
34533441100021
34533765300017
34534606800017
34534680300025
34536214900048
34537482100030
34539160100142
34539953900039
34738181600037
34738411700037
34738457001084
34738457002249
34739769700025
34740488100026
34741008600024
34741023500027
34741710700054
34743974700010
34748663100026
34753154300010
34753804302051
34755339800020
34757615900011
34757941900024
34761843100022
34762460300036
34763930400018
34764704200022
34764839600039
34765020200026
34765218200044
34766822000010
34767275000069
34767745200026
34768742800040
34768921800027
34771316600028
34772077300113
34772496500020
34774218100022
34774609100037
34774836000018
34775688400016
34777350900018
34779006500044
34779930600019
34781317200017
34781768600038
34781911200017
34784152000039
34784269200019
34786072800026
34786392000034
34788056900012
34788188000087
34788284700010
34788922200076
34789660700020
34790049000025
34790733900027
34791596900013
34792671900027
34792671901017
34792671903146
34794698000021
34795324200018
34797832200019
34800312000014
34801247700017
34802284900023
34803191500013
34805824900015
34806832100176
34806926100017
34813969200019
34815079800034
34815910400028
34818966300027
34819013300028
34824611700025
34826070400047
34829904100015
34830906300017
34834023300017
34835685800053
34836126200010
34837309300015
34837938900011
34840599400032
34841550601832
34842364100029
34845440600029
34845741700023
34845962900013
34847865200053
34848261300059
34852595700018
34852664100017
34854891800013
34857896400010
34858283400191
34858824500020
34859084500015
34859583600019
34861675600014
34862880100022
34863202700119
34864644900077
34864972400021
34865230600013
34865445000025
34867416902460
34867416905828
34868137000014
34870593000017
34871495700027
34874199200039
34875349200027
34875545500030
34876704700015
34878691400013
34878911600012
34879054400020
34881722200030
34881826100045
34882206500069
34883253600018
34883451600018
34883938200044
34883977000016
34884244400013
34887877800011
34888744900034
34888833000068
34889658000027
34889797600018
34890332900038
34891326000017
34891730300011
34892544700016
34893636000018
34894231900032
34894818300044
34895324100026
34895847100016
34896641700027
34896840500012
34901064500019
34901635200016
34904849600013
34905336300017
