34482932000011
34483234000048
34483926100031
34484374300081
34485617400026
34487626300049
34487937400017
34488423400016
34488654400024
34489466200024
34489979400012
34490480000036
34491402300017
34491479100068
34493051600036
34496051300010
34496450700018
34496829200021
34498051100028
34503446600036
34504195800033
34504536300024
34505115500017
34505286400039
34506007300029
34506610400018
34507171600020
34507830700013
34508145900447
34508247300025
34508617705977
34508617706389
34508617707551
34509015300049
34512142000011
34512302000017
34512645200050
34513048805792
34513048810826
34513048812756
34513668300017
34514707800017
34515332400016
34515436300039
34518598700012
34519167000032
34519939200019
34520000000031
34521763200016
34522454700025
34523381100024
34523612900044
34524011300026
34525871900037
34527260300035
34527777600026
34528106700024
34528650400013
34529234600029
34530586600039
34531757200096
34533619200066
34534008700047
34534938500038
34535224900022
34536367500017
34536766800075
34738222800018
34738363000014
34739006400041
34739221900072
34739390200015
34740024400013
34742261000019
34742525800014
34744250100016
34744271700026
34744594200019
34745215300013
34745229400031
34746731800031
34749302500022
34750622200053
34751461400036
34752381300041
34753615300013
34753804302002
34756851100021
34757175400055
34757723100025
34757828800024
34759236200029
34759476400016
34760480300051
34761762300017
34763857900016
34764436100029
34766917800035
34767137200030
34772249800016
34773559900065
34775859100015
34776249400099
34778274000034
34778465400019
34779282200020
34779919900018
34780550900044
34780707500028
34781985600019
