34482142600071
34482156600066
34482480000017
34483437900069
34483645700012
34483896600093
34484460000025
34484625800038
34484910400023
34485697600016
34488429100032
34488603100014
34492174700020
34493069800016
34499330800016
34500624100011
34501106800037
34501322100014
34501587900025
34502476400010
34502840100015
34503208000011
34503871500040
34507915600013
34508617704806
34508617706819
34508617708039
34509956800031
34510115800011
34513048816625
34513048823035
34513048826723
34513048828810
34513093400010
34516499000011
34516979100018
34517737200017
34519074800011
34519179500011
34520013300014
34520681700024
34521499300023
34523414000027
34523856200044
34523999000020
34524031100026
34524751400010
34526218200131
34526530000029
34526877500037
34527017700032
34527842800023
34529405200013
34529697400024
34529814500011
34529940800012
34530919900031
34533161500012
34533574900015
34534382600029
34537389800013
34538291500048
34540521100029
34695003300099
34738457001704
34738457003031
34738590800012
34741066400028
34743372400031
34743551300036
34743692500023
34743837600027
34744810200033
34745026400010
34746118800018
34747050200019
34748429700010
34749964200036
34751404400010
34753657500025
34753804300097
34754022100012
34754530300013
34755173100024
34755684700015
34756044300025
34756889100027
34757393300038
34757928600050
34759442600012
34759677700016
34759842700016
34759885600065
34760213800021
34760776400037
34761220200072
34762652500039
34762920600017
34763377800084
34765506000015
34766138100017
34768624800050
34769265900027
34769567800032
34771116000023
34771977500012
34772007000031
34772644000055
34772936000037
34774418700043
34778362300056
34779700300022
34781005300046
34781286900035
34781861900020
34783267700020
34784918400036
34785844100038
34786270800034
34786672500042
34786895200016
34789373700010
34791200800021
34791263600011
34791441800046
34791496200019
34792671901611
34792890500053
34793757500095
34793921700050
34794173400019
34794475300016
34795256600052
34795276400038
34798112800031
34798347000019
34799680300016
34799942700011
34800333600057
34801236000015
34801341800051
34802754100039
34803572600028
34804344900019
34805684700059
34806668900020
34807744700038
34807977300019
34810281500027
34813357000021
34814182100028
34815562300336
34819279000015
34819530600033
34820921400025
34820991700015
34821558300025
34822094800296
34822129200033
34822240700010
34823161400069
34824778400054
34827212100040
34833006900033
34834395500020
34836047000010
34836517200017
34836875400019
34837974400033
34839202800059
34840363500041
34840910300010
34841550601451
34841700700013
34841927600046
34843485300027
34845305100016
34846004900037
34847543500015
34848462700024
34850825000019
34850830000020
34851050400031
34854767000029
34855218300041
34855586300029
34855626700030
34856347900024
34856411300010
34856417000044
34858929200013
34859495300013
34860510600023
34860856300014
34861035300024
34861094000044
34862267100017
34862635900015
34863212600028
34863339700024
34866789000027
34868271700015
34869788900015
34871882600038
34872406300048
34872532600030
34873822000022
34873831100011
34873981400096
34874218000014
34874877300036
34875069600026
34875829300024
34877619600019
34877662600023
34878089100035
34878314300012
34879529500016
34879681400021
34881181100010
34884213900019
34884392100019
34884706200042
34885888700014
34886467900058
34886658300019
34886993400011
34887589900018
34887772100020
34887803400027
34888113700015
34890697500019
34891072000013
34891193400019
34892825000011
34895381100026
34895915600012
34895967700017
34896748000032
34898601900019
34898853600028
34898912000012
34901070200034
34901962000013
34905104500012
34905921200010
34906390900031
34906904700034
34906970800023
34908297400040
34909020900041
34909309600023
34909618000030
34909855800019
34910353100092
34911608700017
34913740600030
34914915300018
34915622400033
34915739600020
34915943400019
34915961600011
34916282600052
34916503500024
34918573600338
34918859900014
34919010800044
34919270800023
34919569300024
34920155800013
34920281200013
34921795000030
34922769400065
34923128200014
34924012700010
34925114000019
34925850900026
34927633700020
34928825800016
34929601200025
34930198600031
34931418700023
34933193400035
34934860700111
34935499300017
34936442200023
34937164100011
34937243300053
34937306800023
34938284600039
34938437000012
34938643300016
34938902300012
34942829200057
34944888600037
34945187200023
34948443600010
34948761100049
34949366800017
34952358900035
34952567500097
34954448600013
34956045800037
34957000200015
34957461600018
34958078700027
34958436700016
34958943200039
34959374900022
34960659000041
34962537600018
34963339600057
34964082100055
34967465500015
34969355600020
34969388700052
34970294400019
34971497200024
34971996300010
34972089600019
34972303100028
34973577900036
34974470600079
34975393900017
34975589200016
34976265800020
34976710300014
34979928800015
34980439300016
34983083600012
34983505800018
34990969700014
34992274000015
34992348200013
34992903400032
34995310900023
34996907100027
34997429500041
34998109200027
34999706400010
35005058900182
35005150400016
35005965500059
35006820100150
35006820100242
35007216100010
35007642800027
35008008100010
35008768000020
35010026900017
35010895700027
35012250300013
35012390700015
35017513900061
35020647000014
35020763500011
35021748500050
35024549400017
35026591400027
35026593000015
35027554100018
35028462600016
35029653900041
35030267500037
35030730200033
35031077700015
35031722800012
35031890300050
35036391700039
35037194400058
35037554900010
35037925102445
35040532000028
35040538700019
35040838100076
35043293600028
35045911100018
35047321100018
35047490400025
35048472100013
35049434000010
35049792100022
35049837400023
35050942800024
35051625800018
35051877500043
35052430200014
35052660400011
35053985400033
35055412700018
35055863100015
35056915800016
35057095800016
35059080800050
35060619000014
35062998600091
35063686600336
35064043900021
35064368000050
35068121900035
35068578000016
35069812200024
35069993000045
35071020800017
35071621300037
35072373000023
35072646900017
35075238200035
35078136500084
35078451800028
35078762800014
35079161202513
35079820300013
35081046100052
35081769800011
35085572200012
35086186000012
35086941800011
35087166100020
35089545400014
35090715000014
35091914800022
35092244900011
35092280300068
35092784400075
35092966700011
35093356000012
35094763600014
35095710600015
35096366600028
35097682500017
35097703900014
35098657600022
35101673800012
35101700900017
35102598600016
35103276800035
35103634800024
35105353300011
35105403600030
35106493600021
35106567700053
35107093300012
35108666500012
35108798600011
35109390100038
35110379100015
35113860700020
35114094200019
35114199900018
35114408400081
35115384600024
35115541100017
35115994200058
35116049400016
35116076700049
35117069100056
35117867800022
35118577200016
35120328600023
35121653600034
35122075100033
35123215200014
35123694800037
35123885200047
35126028600072
35126360300026
35126384300044
35127673800033
35128476500010
35128575400096
35128982200022
35129191900014
35130231000013
35131362200018
35132438900029
35132556800019
35132685500019
35134246400028
35134625900028
35135423800021
35136526700043
35140509700012
35143457600028
35143800700012
35147671800017
35148994300024
35152772600019
35152895500047
35153271800019
35155466200046
35156222800012
35157152600190
35157288800243
35157472800017
35160472300038
35161758400021
35163000900030
35163000900188
35164229300010
35164423200024
35165160900015
35167390000038
35167791900018
35171187400021
35171353201575
35173003100017
35173096500032
35173440500027
35174485900015
35174653200016
35174860300039
35174896700012
35175039300024
35177258700033
35178274300253
35179070400016
35179231200040
35179274200071
35179876400228
35180010700010
35180198000019
35180500700017
35180978500014
35181985900700
35182815700039
35183679600026
35184485700026
35185306400035
35189073600017
35189301100020
35190323200053
35190485900029
35192682900018
35194786600031
35195200700026
35196187500025
35196243600017
35198043800052
35198141000019
35198708600672
35202409500023
35203696600013
35204679100013
35205092600026
35205618800027
35206788800029
35207939600029
35208171500026
35208608600019
35209813100233
35209813100399
35209936000013
35210376600015
35210504300025
35211237900016
35211892100019
35214260800020
35214819100039
35215997400018
35216673000031
35217387600017
35219218100035
35219735400017
35219739600034
35219783400026
35220885400013
35225564000075
35226448500017
35226690200019
35228200800031
35230110500040
35230867000053
35230991800014
35231510500028
35232626800021
35234892400023
35236163800013
35236723900410
35236723900790
35237367400048
35237707100035
