34482407300037
34482582300026
34482634200018
34483874300070
34484050900022
34484173900032
34485265200017
34486544900112
34488406900016
34488612200029
34491431200022
34491870100014
34492082200022
34493407000014
34494080400018
34496678300070
34499925500070
34500802300011
34502263600020
34504430900010
34508077400010
34508617701257
34508617703634
34508617705613
34509450200019
34509936000017
34512767400058
34513048810909
34513048812715
34513048820510
34513048824108
34513048824470
34513048829743
34513048830139
34514047900014
34518246300025
34518322200024
34521300300014
34521577600039
34523489200023
34523839800076
34524052700027
34524312500027
34527096100021
34530099000032
34530199800034
34531457900029
34531689700023
34533875000010
34535099500030
34536766800109
34538086900015
34539160100050
34539490200026
34717073000035
34741807100044
34742389900066
34743020900010
34743130600013
34743811100044
34743873100023
34744067900012
34744482000018
34745366400018
34746355600022
34747514700018
34747613700018
34748019600018
34749389200017
34751530600038
34751925800029
34753922300011
34755197000010
34758332000010
34758857600038
34759030900014
34759356800020
34759624900024
34762066800017
34763418000041
34763958500012
34769021600010
34769199000019
34769460600018
34771917101160
34773347900013
34773935100026
34779607000014
34780742200022
