34483497300036
34484306500048
34485442700020
34486933400112
34487256900019
34487918400010
34488807800021
34489976000013
34490243200022
34490482600015
34491968300021
34492587000026
34494394900018
34496321000010
34496430900027
34497051200010
34503166000011
34504202200011
34505770700019
34506011500036
34506045300023
34506546000056
34507879400020
34508387700083
34508617704202
34508790200077
34509678800012
34512571000011
34513048821930
34513048824306
34513048828232
34513048830402
34513051202754
34513797000041
34515179900060
34515634300013
34515990900018
34516077400039
34516490900029
34516510400042
34517624200021
34518367700011
34518651400021
34518742100010
34519611700096
34520920900013
34521632900051
34523057700024
34524168100021
34529688300019
34530258200019
34532050100017
34535256100038
34535882400018
34537030800016
34540362000023
34540415600274
34540459400037
34540519500016
34540945200033
34738097400084
34738457002728
34740244800018
34741708100010
34742107500040
34743921800020
34746476000037
34747786100012
34748453700043
34755696100022
34755714200101
34756156500016
34756232400017
34765382600029
34765724900012
34766190200184
34766963200148
34769882100019
34770245800014
34770893500023
34772741400018
34774122500036
34774788300036
34777000000045
34778402700034
34779648400074
34783207300014
34783648800036
34783682700050
34788922200084
34792518200037
34792671903351
34793681700019
34794839000054
34795803500011
34798778600014
34799469100017
34800644600150
34800714700096
34805775300058
34808153000019
34808530900014
34809972200012
34811580900058
34812068400017
34812309200036
34813076600010
34815161400024
34815703300013
34816460900011
34816532500047
34819330100010
34819331900038
34819952200049
34822552500024
34823772800012
34824789100016
34826050600038
34826230400036
34829866200043
34831125900066
34834066200017
34834227000025
34834252800059
34836452200022
34838563400038
34839882700017
34841550601907
34842560400017
34843935700099
34846509700015
34848666300019
34849850200015
34849937700060
34850844100022
34852032100020
34853778800013
34854199600040
34855780200025
34856713200058
34857275100017
34859526500011
34860154300013
34860282200028
34860586600014
34860741701046
34861302700088
34863029400018
34864135800034
34864829600013
34865253800011
34865926900032
34866053100016
34867416900225
34867673500031
34868396200016
34869129600035
34869851500023
34869905900054
34871757000033
34873240500017
34873992100024
34875914300038
34876658500015
34877212000013
34879155900019
34880945000094
34882735300072
34883819400044
34884423400032
34884891200104
34887576600035
34887912300027
34888196200024
34888927000016
34890269300038
34891044900019
34891347600043
34891436700043
34892618900021
34893570100030
34893954700066
34894835700036
34894917300135
34896669800014
34896708400057
34899719800026
34901517200019
34901624600010
34904291100017
34904556700022
34904821500033
34905120100011
34905485800056
34905573100013
34906169700059
34906948400021
34908666000017
34909379900022
34909814500015
34912430500088
34914500300027
34915076300010
34916012700024
34916280000016
34917239500023
34917760000013
34919065200017
34919730100030
34919755800027
34919921600111
34922381800031
34924734600027
34925957200015
34926857300020
34927790500015
34929398500041
34931782600015
34933102500016
34935950500014
34937369600047
34938106100010
34940949000043
34940982100015
34941084500037
34941430000039
34941665100025
34942672600015
34943741800024
34943787100024
34945890100015
34947033600018
34948821300019
34949417900022
34949694300011
34950123900041
34951046100016
34951063600013
34951912400037
34952654100025
34952699600021
34953583100029
34954253000044
34955499800014
34956074800023
34956374200023
34956847700013
34957571200014
34957651200058
34963132500017
34963336200026
34964188600032
34965625600048
34966051400028
34966289000012
34967331900035
34967398800045
34967788000024
34970710900048
34972696800010
34972927700013
34974317900641
34975261800018
34976402700034
34977305100017
34977331700038
34977488500033
34977703700012
34978603800084
34978653300027
34980053200013
34982545500018
34984099100013
34984537000023
34984711100011
34985466100015
34986450400015
34986959400128
34987519500035
34990066200017
34990912700012
34991978700011
34993167500020
34993969400031
34994894300015
34995430500034
34995937900059
34996561600031
34997029300016
34997037600019
34998565500027
34999513400054
35002327100025
35004117400029
35004698300028
35005279100042
35006338400175
35006615500010
35010149900019
35010726400011
35012238800019
35013330200017
35015516400022
35015817600015
35016912400038
35017307600018
35018472700047
35018992400045
35020115800028
35021398900014
35022117200025
35022414300031
35023347400047
35023795400010
35025001500020
35026691200012
35026713400012
35026791000015
35027366000026
35027700000013
35027802400020
35029637200047
35030786400057
35031999200011
35032856300092
35033080900178
35033136900057
35033359700051
35033513900019
35034243200027
35035053400037
35036183800021
35036632400027
35037864200598
35038383200010
35039209800017
35042262200208
35043083100023
35043544200040
35044215800019
35045495500062
35045864200013
35046196800017
35046234700096
35046373300047
35046405300031
35046473100073
35046735300032
35046788200030
35048474700018
35052207400011
35054123100014
35055386300274
35056247600019
35056770700012
35058150000013
35061793200032
35062718800013
35062998601081
35064701200011
35066964400055
35067019600012
35067496600048
35069188700037
35069897300012
35070193400019
35072499300075
35072824200016
35076754700051
35077797500037
35078305600012
35078565500027
35079584500022
35080165000010
35080482900017
35080760800012
35081079200019
35081865400039
35083081600061
35083699500018
35083843900015
35084413000061
35086352800021
35086691900011
35086692700014
35087088700014
35088386400034
35089002601484
35089443200029
35091236600035
35091639100294
35091894200029
35093622500019
35094643000039
35096325200019
35096522400040
35097553800017
35099210300019
35099935500117
35100820600028
35102967300016
35103628000029
35107137800019
35108644200032
35108667300016
35109768800011
35110426000028
35110773500042
35112469800025
35113319400016
35113477000020
35114031400011
35116686300016
35120546300018
35121309500018
35121576900024
35121672600023
35121778100019
35123098200016
35124518800021
35126092200023
35126208400012
35126685300040
35126875000095
35126991500010
35128043300019
35128214000059
35130984400014
35131543700027
35132065000051
35133586400028
35135171300018
35137125700020
35141042800012
35141741500012
35142009600023
35142339700014
35142539200047
35143196000019
35143650600023
35144208200472
35144208205919
35144472400022
35144536600021
35145704900044
35145747800011
35148518000027
35148858000025
35149252500040
35149699700013
35150392500023
35150578900021
35150821300029
35151079700035
35151086200011
35151396500019
35152331100014
35152765000060
35153751900024
35156227700035
35156677300013
35158607800039
35158922100024
35161685900036
35162354100015
35163079300013
35163915800010
35163971100016
35164114700019
35165149200040
35166420600031
35166537700047
35167340500038
35167456900022
35167721600019
35168606800047
35168989800010
35169544000013
35170331900019
35170578500019
35170603100017
35172220200014
35172818300028
35173503000030
35174739900035
35175171400012
35175856000038
35176642300013
35179291600014
35179828500026
35182618500040
35183740601680
35183740602050
35184184600014
35185391600010
35186120800053
35187504200019
35187535600013
35187668500063
35188506600081
35192532600040
35193297500011
35195062100042
35195397100022
35195883000017
35196455600010
35198235000016
35198788800010
35199547700012
35199780400015
35200019400022
35200748800039
35200813000010
35203271800012
35204667600016
35205284900010
35205805100017
35206381200049
35206551000013
35207777000027
35207960200020
35208197000027
35208579900018
35209607700040
35209678800018
35209813100514
35211350000016
35212713800019
35214674000043
35215723400035
35217807300081
35220594200027
35220915900032
35221687300310
35221687303231
35221933100035
35222236800297
35222854800017
35223070000010
35223112000010
35223349800018
35224058400040
35225112800067
35226000400010
35226332100015
35228047300013
35229477100022
35230959500044
35232388500033
35233829700026
35234262000023
35236723900386
35236723900501
35236771800041
35239119700048
35243163900058
35243827900015
35246562900025
35248882900032
35250577000011
35251230500041
35251455800019
35252068800016
35253113100048
35253392100487
35254041300015
35254081900062
35254139500039
35254178300010
35256249000032
35256459500010
35256887700018
35257166500079
35257788600018
35258146600013
35258183900011
35258490800011
35259223200040
35259348700015
35259800700016
35260357500015
35260651100017
35262994300015
35263368900018
35263844900087
35264563400028
35266768700029
35267596100069
35268576200010
35268607500032
35268945900027
35269379000045
35272247400017
35273504700016
35273941101703
35274701800518
35275120000317
35276072200012
35276848500034
35276870900011
35279464800027
35279557900023
35280042900016
35280540200026
35280835600039
35281027900054
35281144200016
35282086400010
35282288600029
35282454400022
35283961700029
35284464100022
35285550600031
35287035600057
35288301100053
35288401900014
35290059100053
35291089700011
35291131700050
35292749500023
35294887100012
35295524900011
35295729400023
35295873000017
35297529600026
35299267100029
35299371100022
35299604500022
35299615100044
35299872800054
35301034100017
35303928200010
35304636000023
35306433000072
35306784600017
35307584900045
35307937900023
35309622500019
35309876700018
35311336800107
35312531300018
35312851500031
35313055200022
35314436300010
35314714300013
35314725900033
35314977600059
35314982600011
35315779500017
35316097100126
35316707500020
35316772900022
35321348100065
35322373800025
35324319900018
35325592000012
35326966500017
35328399700024
35328721200024
35329914200045
35330398500017
35330523800761
35332115100014
35333772800029
35334612500027
35335727000019
35337353300010
