34482676300049
34484214100030
34484374300461
34485722200030
34485747900028
34485772700103
34488304600049
34488329300021
34488532200042
34492580500014
34493060700074
34494123200011
34494504300026
34494776700028
34495567900016
34498673200024
34500209100030
34501815400012
34503285800010
34503312000063
34503755000034
34504973800031
34505353200023
34505413400050
34507703600043
34508617700879
34508617703725
34508617703840
34508617705225
34508617705506
34508617706041
34509043500016
34509296900012
34509548300029
34511823600016
34513048802252
34513048806238
34513048808069
34513048814034
34513048823936
34513048825287
34513048827283
34513048829479
34513250000017
34516646600010
34516747200017
34517594700018
34517657200021
34517759600037
34518124200040
34519715600044
34520431700019
34520499400023
34521399500037
34521534700039
34523829900027
34525263900017
34525362900017
34526493100063
34527488000011
34528337800056
34528532400025
34528799900048
34528973000011
34529353400011
34530688000732
34530892800034
34531619400017
34532546800014
34532914800034
34533686100033
34534305700013
34534456800026
34536193500074
34536410300035
34537405200024
34538455600089
34539160100449
34738457001043
34738457001514
34738457002611
34740096200010
34740255400021
34745255900011
34747522000013
34749688700063
34751302000029
34753544500022
34755078200036
34755471900018
34755796900024
34755863700018
34755914800031
34755951000016
34756332200010
34757210900010
34757853600026
34759052300051
34761463800026
34762762200017
34769823500020
34771470100021
34774628100034
34775985400073
34776049800019
34777178400027
34777224600026
34777334300012
34778612100017
34779115400045
34779625200018
34780196100017
34781046700014
34782714900019
34782847700013
34784931700016
34786139500015
34786657600072
34786767300019
34787222800031
34787347300016
34787640100014
34789324000064
34789641700032
34790100100052
34790806300048
34791702300017
34792671902346
34792671902882
34792671903005
34792704800020
34793370700015
34794048800013
34796029600031
34796943800022
34798516000030
34799593800011
34800894700023
34802465400074
34802493600018
34803190700010
34805829800020
34805861100040
34807181200013
34808943400024
34809957300019
34810841600010
34811703700021
34812618600017
34813603700010
34813618500017
34813698700040
34815170500020
34815443600037
34816721400033
34816829500056
34817446700053
34818024100021
34818672700023
34819227900019
34820490000024
34821155800013
34822845300018
34824640600071
34825972200018
34826215500032
34826941600015
34827180000016
34827930800038
34829436400016
34829502300017
34830124300013
34830150800084
34830478300015
34831515100012
34831798300016
34833381600034
34833492100015
34833724700012
34834122300041
34835662700011
34837040400017
34838544400032
34840593700023
34842439100038
34843510800017
34845040400010
34845222800029
34849597900026
34852291300022
34853479300040
34854339800013
34854472700020
34863089800024
34863558200011
34863757000014
34864689400025
34865006000075
34865116700036
34865437700038
34867327800019
34868093500023
34868802900019
34871032800082
34872312300025
34872592000014
34874571200011
34874966400036
34875638800024
34878196400021
34878452100018
34879331600020
34881550700077
34881651300025
34883866500027
34883874900011
34884427500019
34886148500012
34886731800076
34888988200042
34889821400021
34892406900027
34892859900029
34893860600012
34894208700027
34895299500010
34896820700020
34897824800014
34898940100016
34899155500619
34900000000027
34900833400014
34900905000015
34901489400027
34902027100046
34903816600048
34903944600019
34905130000029
34905365200021
34906701700054
34907049000025
34908081200010
34908791600020
34908884900048
34908928400013
34911534500028
34913298500020
34914277800035
34915108400044
34915466600037
34916788200043
34918508200014
34919904200020
34920647400018
34923278500064
34923878200024
34925930900012
34926115600013
34926213900026
34928091700015
34928315000010
34928859700017
34929102100039
34929163300015
34929673100012
34930739700019
34930998900029
34931260300039
34931364300034
34931977200027
34931996200016
34932445900024
34932561300017
34935685700061
34935737600061
34937589900029
34937951100018
34942684100038
34945802600045
34945940400027
34946949400034
34947718200027
34949164700013
34949797400015
34951177400011
34951645000047
34952571700022
34957111700028
34957713000074
34959599100010
34960580800014
34960660800033
34962729900028
34962974100027
34963832000086
34964231400018
34964901200011
34965339400032
34966069600015
34967089300016
34967578500035
34967597500016
34968389600022
34968420900027
34970378500023
34972120900014
34972428600027
34972897200044
34974755000045
34975611400055
34976175900050
34976177500023
34976514900035
34976597400051
34978128600027
34979804100043
34980396500061
34981123200017
34981752800012
34982783200065
34983535500026
34983647800017
34984712900021
34984861400013
34987617700024
34988025200011
34989119200024
34990790700019
34991464800028
34993355600020
34994897600031
34996059100015
34997233100046
34997493101411
34997546600088
34997598700034
35000055000011
35000106100034
35000304200016
35000480000040
35000519500028
35003167000010
35003634900024
35005058900414
35005058900554
35006223800018
35006422600078
35006422600284
35007679000046
35008405900020
35010566400014
35015202100027
35018473500024
35019320700023
35019372800028
35019485800014
35020667800020
35020866600031
35020951600045
35021213000016
35022148700019
35023520600017
35024368900022
35025760600300
35025830700031
35028074900010
35028301600045
35028305700437
35029415300043
35030426700023
35032364800021
35032629400062
35032814200012
35033229200043
35035265400015
35037676000012
35037687700030
35038282600013
35041018900012
35041594900030
35042921300050
35043930300032
35044874200014
35045521800049
35049310200015
35049337500041
35052032600033
35053376600019
35053884900018
35054504200011
35054997800020
35055365700015
35059027900013
35059673000027
35059889200015
35059985800031
35062573700019
35062808700032
35062998600885
35063728600021
35064036300015
35065214500029
35065306900020
35066042900043
35066162500011
35066276300019
35066502200025
35066806700019
35067646600039
35069148100021
35069362800033
35069816300010
35072883800037
35074499100018
35075576500079
35075803300046
35076580600020
35079161201770
35079479800016
35080580000041
35082830700024
35082846300017
35083159000012
35085495600017
35085893200022
35086883200022
35087027500020
35087290900022
35087487100022
35087985400023
35088988700013
35089736900012
35090603800020
35093696900020
35095119000064
35096583600033
35097402800010
35097423400014
35097548800023
35098740000016
35098758200029
35100995600019
35103183600049
35103199200016
35103792400021
35105426700015
35107243400019
35108074200023
35109007100058
35109284600036
35111921900050
35113344200019
35113435800016
35113662700012
35113968800011
35114450600026
35116221900015
35117765400032
35117954400025
35119228100050
35119476600033
35121629600019
35121660100093
35122492800025
35123138600019
35124111200033
35124728300010
35126154000022
35127146500012
35128420300038
35129471500013
35130694900030
35131547800062
35132418100020
35132825700016
35133833000027
35134237300039
35134491600082
35135358600016
35136909500010
35137946600011
35138888900021
35139621300024
35140104700011
35140607900019
35140708500056
35142055900012
35142355300012
35142522800027
35143187900045
35143742100016
35143820500012
35144059900022
35144208205869
35145439200017
35145938300011
35147017400027
35149295400018
35150248900039
35151028400026
35152895500039
35152922700024
35153022500017
35155837400010
35160527400015
35163996800038
35164021400018
35164619500013
35165572500023
35167127600019
35169627300017
35172997500034
35181269800923
35181854700033
35187188400034
35187400300038
35189436500029
35190915500035
35191749700023
35192304000015
35193527500013
35197375500074
35197686500011
35197712900029
35202900300030
35203818600024
35205083500029
35205687300016
35206462000011
35208167300027
35209813100316
35209813100829
35210618100014
35213526300015
35214128700016
35216253100037
35218862700017
35219300701245
35220021600013
35220730200030
35220867200019
35221568500020
35221616200029
35221687302704
35224460200012
35225629100019
35225642401717
35225732300027
35226139000046
35226393300058
35226505200022
35228441800022
35228616500027
35232660700038
35232691200016
35232824900037
35233044300032
35235339500036
35237223900017
35237914300014
35240079000015
35240813200020
35241081500018
35241168000015
35243751100046
35243773500017
35245705500015
35245844200014
35246261800013
35246374900015
35247181700010
35247843200029
35248334100348
35248334102724
35248334103466
35248493500049
35249183100017
35249269800027
35250108400045
35250193600038
35251287500035
35251432700043
35251641300023
35251840100026
35251902900040
35252120700014
35252534900036
35253392100560
35254326800028
35254762400010
35255629400010
35255881100019
35256862000012
35257266300024
35257733200039
35260464900025
35260921800016
35261175000022
35261726000018
35262858000016
35263638500010
35264957800015
35265329900045
35265489100014
35265637500024
35265814000020
35271254100031
35271719300044
35272389400031
35273102000041
35273430500027
35273866000021
35273941101794
35275120000028
35275120000622
35275188700014
35275705800016
35276506900013
35276754500010
35277340200016
35277412900055
35277878100018
35279005900013
35279271700014
35279934001107
35282089800018
35282166400047
35284184500022
35284312200024
35284874100026
35284887300019
35287130500020
35288674100037
35289666600018
35289681500029
35291121800019
35291297600029
35292755200013
35293432700037
35294631300017
35294634700031
35294723800049
35294944000031
35295860700033
35296187400026
35296747500026
35297589000018
35301729600016
35301854200012
35303722900013
35304099100021
35306825700024
35308785100021
35309867600011
35310679200024
35311200600054
35311294900014
35312363100015
35312746700010
35313230100014
35314374600025
35315142600015
35316235700043
35318638000013
35318762800014
35318946700023
35319375800102
35320545300072
35320927300013
35321148500076
35324035100034
35324564000019
35324568100013
35324748900019
35326492200017
35326650500018
35328573700022
35328950700025
35330858800014
35334871700037
35335817900011
35337086900011
35337186700014
35337459800012
