34482175600030
34483632500011
34484499800080
34485867500012
34487516600029
34488814400021
34489755800039
34489761600175
34490542700029
34492385900013
34492878300028
34494045700015
34494785800033
34495100900010
34497156900027
34497681600068
34498701100014
34500456800019
34500602701343
34501003700025
34501120900011
34501145600018
34501250400014
34501943400017
34501952500012
34503135500026
34503324500019
34507145000067
34508617700051
34508617703600
34509972500045
34510943300028
34511373200019
34511696600028
34512044800047
34512473900078
34513048813408
34513048820890
34513048825105
34513048827416
34513048827531
34513527100012
34515063500026
34517905500040
34518838700012
34519370000035
34520038000029
34520570200029
34521301100017
34521830900010
34522171700043
34523083300062
34524451100027
34531134400054
34531140100029
34533994900066
34534780100028
34534996300016
34536365900011
34539344100026
34540976700059
34647072700014
34738457002553
34738530400030
34739928900029
34740309900018
34741674500037
34742761900015
34745665900064
34747134400049
34747330800018
34747985900014
34748390100042
34748821500067
34748994000028
34749097100038
34753831600014
34755456000016
34757460000032
34757885800016
34761279800038
34761684900019
34762540200016
34763392700012
34763598900010
34766388200020
34766504400017
34766566300022
34766665300014
34766892300043
34767056400017
34768769100027
34769579300013
34769809400054
34770003100029
34771837100045
34774740400015
34775050700019
34775633000036
34775639700019
34776380700042
34777613000010
34778082700023
34779164200049
34779170900012
34779331700012
34783105900014
34783560500028
34784253600042
34784424300027
34784900200014
34785685800027
34786039700012
34786312800018
34789346300021
34791177800046
34791451700011
34792063900023
34792500000023
34793559500061
34793833400013
34794508100011
34794704600012
34794831700024
34795123800869
34797805800043
34801806000015
34801929000025
34805865200051
34806565700028
34806942800012
34808599400039
34808950900015
34809285900035
34809819500020
34809998700060
34813488300050
34815226500016
34816383300018
34817029100010
34817112500035
34818492000018
34818524000044
34821053500012
34822025200012
34822094800692
34822094800791
34822768700012
34823903900012
34825014300024
34825650400021
34826440900015
34830274600022
34831793400019
34833393100023
34833642100063
34834711300030
34836641000036
34838219300038
34838445400016
34838984200017
34839110300028
34840526700017
34841550601667
34841997900029
34843255000013
34845537900019
34845938900048
34846239100023
34847194700013
34848184700013
34849974000127
34851057900025
34851412600013
34853968500019
34854624300026
34855778600012
34856257000021
34856366900053
34859089400013
34860132900025
34860672400014
34860714400055
34860741701137
34860742500017
34862358800061
34862441200014
34863322300030
34864066500017
34865619000033
34867416903807
34868822700027
34869015700022
34869301100010
34869897800197
34871772900027
34873632300026
34873747900025
34875412800026
34876859900022
34878475200019
34878531200011
34880240600028
34880429500031
34880918700019
34880945000227
34880979900052
34882617300018
34883487000019
34883654500031
34885825900040
34886551000013
34888642500019
34889877600011
34889929500227
34891648700013
34892886200039
34893701200477
34893990100040
34898129100019
34900085100015
34901309400090
34902371300028
