34483707500037
34484374300594
34484499800171
34484772800013
34485381700056
34486957300032
34487074600023
34487981200016
34488802900024
34489053800020
34491246400023
34491299300021
34492373500049
34492710800045
34494235400038
34494599300022
34496638700088
34497425800016
34498811800032
34499605300015
34499708500016
34499774700011
34499795200033
34501796600010
34502403800019
34503659400041
34504868000010
34504961300044
34506340800032
34511527300038
34511908500040
34512408500019
34513048813309
34513048825972
34513051202465
34513130400049
34516502100055
34516650800019
34517732300028
34519162100019
34519388200015
34523709300025
34526104400050
34526313100053
34526342000019
34526582100040
34527118300054
34527272800022
34528516700028
34529697400016
34529899600017
34532023800024
34532335600021
34532577300017
34533026000018
34534646400026
34537837600023
34538471300045
34539722800015
34739706900027
34739803400012
34740746200048
34740874200018
34742324600029
34742678500023
34742684300020
34745111400040
34745601400013
34745610500019
34746490100011
34748667200012
34749678800022
34750889700019
34753380400014
34753804300485
34753804300709
34753804301087
34755233300036
34756459300023
34758061500024
34758536600037
34758887300021
34759881500012
34760069400017
34760400100029
34762171600039
34763630000019
34763935300023
34764873500012
34765028500021
34765551600024
34766671100010
34766842800035
34767125700033
34767293300053
34767775900016
34769157800020
34771165700010
34772412200036
34775810400017
34776211400044
34777533000017
34778362300049
34778597400028
34779067700012
34779671600038
34780954300015
