34484374300370
34490425500025
34492343800057
34494260200030
34496368100020
34497774900011
34498301000010
34500147300015
34500602701764
34502947400235
34505182500015
34505807700016
34507300100033
34508269700011
34508790200168
34510711400067
34513048820346
34513048822177
34513048824884
34513048825998
34513048830857
34513049600036
34513782200036
34516660700027
34516823100016
34516854600017
34516964300029
34518234900067
34518948400016
34520203000010
34525900600053
34526058200019
34526478200011
34529041500016
34530688001045
34532201000074
34532406500027
34533848700043
34537638800012
34538214700014
34538702100149
34538880500029
34539384700016
34539858000026
34539931500034
34605002400329
34738197200020
34739216900061
34739555000010
34741261100027
34742913600018
34742951600011
34743292400020
34743363300042
34743885500020
34745120500012
34745772300018
34745967900028
34747059300018
34747344900010
34749171400015
34749217500026
34749615000017
34751547000073
34751959700053
34752591700014
34753804301533
34757350300047
34762181500021
34762431400048
34763970000017
34766208200085
34767015000023
34767217200033
34768907700019
34774315500017
34774679400036
34775832800012
34776331000039
34777815100022
34779537900010
34780093000039
34780235700074
34781449300016
34781850200010
34782952500034
34783795700047
34785925800019
34786184100026
34786377100015
34788639200013
34789820700118
34789825600016
34789973400029
34792602400030
34792693300032
34794993500030
34796533700053
34796689700014
34796785300024
34799004600067
34799668800011
34801303800065
34801448100025
34801975300048
34802075100023
34802302900013
34803186500028
34803215200038
34803779700068
34805953600014
34807923700023
34809380800015
34809582900019
34810341700013
34811512200023
34813381000013
34814112800010
34814176300014
34814201900010
34814205000015
34814916200011
34815997100053
34816484900013
34818088600023
34818628900024
34820786100017
34821048500028
34821200200011
34824081300017
34825801300047
34826586900050
34826749300032
34826815200033
34829179000015
34831068100021
34831288500018
34831571400025
34831587000033
34831683700031
34831940100025
34834098500012
34834472200049
34834567900032
34835119800018
34835174300011
34840443500052
34840648900032
34841901100013
34842330200028
34842414400023
34845471100048
34846104700014
34846130200039
34847357000037
34850500900012
34854288700016
34854802500017
34857750300033
34859275900032
34860224400066
34866760100010
34867416901306
34867416902718
34867416904219
34867416906081
34867874900022
34868035600014
34868276600046
34868687400010
34868772400016
34868894600014
34868921700027
34869702000025
34869837400025
34870747200026
34871024500013
34872907000022
34874385700024
34874617300023
34876569400024
34876871400076
34878132900027
34878779700011
34878912400016
34879637600013
34879880200040
34882158800020
34882271900012
34883597600021
34883610700055
34884263400027
34884270900019
34884301200025
34886264000011
34886674000015
34886790400214
34887000700047
34888471900108
34888616900013
34892499400018
34893594100024
34894420800050
34896616900016
34897164900010
34897221700015
34897459300017
34897866900078
34898238000035
34898759500025
34898922900011
34899421100061
34899498900013
34900348300022
34901359900072
34902752400017
34904421400014
34904881900040
34905885900019
34906963300049
34907816200022
34908104200013
34910652600016
34912204400010
34912502100015
34913220900017
34916929200019
34917625500025
34918573600379
34918617100014
34919807700027
34919941400047
34919956200019
34920035200020
34920307500016
34921446000017
34921951900015
34922725600014
34923269400019
34925187600018
34926358200018
34928112100039
34929459500013
34930270300013
34930738900024
34931274400015
34931761000047
34937694700058
34937706900035
34939735600024
34940718900019
34941539800024
34942740100113
34943232800038
34943546100026
34943652700023
34946782900058
34947871900025
34948068100023
34949507700027
34950123900017
34950862200017
34951408300022
34958216300037
34958426800016
34959109900024
34959609800013
34959936500047
34960043700017
34960079100025
34961577300018
34962273800046
34962701800014
34965570400022
34966065400022
34966975400021
34967747600021
34969000800017
34969537900066
34971186100048
34972152200010
34972752900019
34974001900022
34975137000082
34975931600012
34976289800014
34976314400020
34979735700010
34980412000047
34980437700019
34980955800019
34983346700013
34984167600027
34984585900041
34985644300016
34986959400102
34990048000048
34992118900040
34992182500031
34992488600022
34993127900013
34993470300027
34997033500023
34997476600017
34997500300030
35001166400017
35001778600012
35002281000013
35002727200011
35002777700027
35002930200014
35005102500012
35006477000018
35006684100015
