34484244800054
34484920300015
34487818600016
34490124400014
34490458600015
34490516100024
34490595500045
34492013700025
34492306500041
34493868300028
34497564400024
34497926500016
34501508500011
34502823700039
34505009000025
34505737600013
34506205300029
34508291100032
34508456000035
34508617701315
34508617703279
34508617704483
34510597700036
34512693200010
34513048802377
34513048821690
34513048824330
34513048828281
34513862200013
34513894500042
34514693000044
34516145900028
34518287700026
34518793400012
34519230600024
34519386600018
34520335000011
34521526300038
34523692100044
34524678900027
34526941900031
34528189300023
34530688000740
34530935500021
34532519500013
34533326400025
34533612700021
34534234900015
34535323900014
34536589400012
34537167800029
34537926700023
34540732400044
34622002300011
34738457001720
34741001100030
34742271900026
34742527400029
34743039900019
34743996000019
34746183200011
34746602100032
34747983400017
34748126900053
34748239000015
34749480900036
34750946500014
34750973900046
34751833400011
34752144500036
34752633700022
34753804300899
34753894400047
34754284700020
34756575600017
34757313100013
34759061400017
34759162000013
34759811200022
34761526200016
34763488300032
34763612800022
34764304100010
34766820400014
34770079100010
34770799400047
34771658100025
34772244900019
34772511100020
34774572100014
34774737000026
34774742000029
34774968100016
34776529900016
34777509000058
34778254200018
34778459700010
34779433100020
34780554100062
34780896600043
34781168900020
34783042400037
34785363200052
34785714600018
34787635100060
34790024300036
34792578600035
34793839100021
34793898700034
34795039600015
34797680500023
34798554100049
34798796800042
34800114000055
34800215500037
34801472100016
34801749200052
34801873000013
34802989300040
34804670700017
34805493300067
34805722500024
34806782800031
34808134000021
34808601800028
34809708000033
34810566900025
34810974500052
34813841300029
34814892500012
34815556500016
34815578900020
34815689400027
34817583700023
34821771200036
34822919600053
34823333900038
34823768600012
34826308800034
34827283200018
34828287200020
34828389600010
34830159900018
34832695000014
34833587800024
34833763500026
34836437300079
34840417900023
34843885400013
34845506400025
34846057700029
34846713500011
34849219000015
34851825900059
34853987500024
34854933800039
34856403000016
34861385200014
34861391000010
34862005500031
34865885700019
34866602500021
34867375700038
34867416900472
34867416902791
34867416904755
34867502600010
34868112300058
34868441600012
34869078500012
34869460500018
34872629000045
34873659600019
34874248700021
34875850900023
34875924200012
34877325000041
34881301500016
34882215600017
34882821100014
34883035700037
34883126400059
34883304700015
34883576000011
34884082800019
34885629500012
34886713600049
34888233300019
34889638200010
34889794300026
34889864400037
34890056400033
34890190100010
34890295800035
34891606500322
34892905000014
34893638600609
34894181600046
34894722700016
34894862100019
34895025400014
34895544400016
34896768800097
34897064100059
34897889100029
34898649800023
34898928600029
34900828400045
34901325000015
34901715200019
34902526200016
34905166400010
34906045900014
34906791800012
34907360100024
34908603300017
34909765900024
34910397800020
34911818200030
34912288700012
34912681300014
34913274600026
34913759600020
34914474100023
34915548100022
34915947500012
34916480600011
34917808700020
34918090100028
34919113000013
34919211200010
34919372200015
34920844700087
34921885900024
34922408900038
34922817100014
34923755200014
34924026700022
34924070500013
34924656100022
34926535500033
34926778100012
34927397900014
34927668300043
34927695600027
34927944800014
34928901700064
34928996700011
34929118700020
34929386000012
34929794500025
34929939600011
34931408800023
34932421000013
34933061300028
34933492000023
34934386300024
34934729400028
34935428200023
34935705300017
34935752500014
34936948800037
34937887700014
34938391900025
34938510400014
34940981300012
34941142100028
34941572900012
34944287100092
34945596400040
34946025300025
34948050900018
34948252100029
34949182900017
34949740400013
34949810500015
34949820400032
34950259100010
34951501500056
34951782100014
34953126900026
34953351300017
34954048400012
34955487300126
34958592700024
34960612900014
34961004800028
34962890900062
34964000300134
34964849300055
34968491000020
34969035400023
34970100300023
34970193800046
34971665400059
34971818900013
34973148900028
34977146900021
34978199700011
34979741500016
34979897500026
34980148000014
34980779200016
34980998800018
34981055600010
34981367500015
34983228700057
34984220300045
34984624600016
34985139400016
34986542800016
34988634100016
34989177000027
34989209100019
34990187600012
34990631300011
34990806100014
34991168500015
34991238600019
34991700500010
34992726900028
34993177400070
34993577500032
34993604700027
34993970200016
34995851200031
34996374400017
34997037600027
34997318000012
34997493100611
34998167000012
34999005100030
34999050700023
34999583700011
35000202800016
35001709100017
35002912000010
35003477300027
35003688500019
35003854300020
35006591800012
