34481984200065
34482013900030
34482284600012
34482479200271
34483482500012
34483886700069
34484385900911
34487745100023
34494719700010
34495516600030
34496224600049
34496355800046
34496870600020
34497916600016
34498020600025
34498327500043
34498785400025
34500245500052
34502184400013
34502323800024
34504561100034
34504638700063
34504667600028
34506947000036
34507507100059
34509269600037
34510513400026
34510894800026
34512957100021
34513048800116
34513048808846
34513048809182
34513048809240
34513048823613
34513048823910
34513048823985
34513051201988
34514444800015
34516035200026
34516105300029
34516114500023
34518090500050
34519126600013
34519342900015
34521667500057
34522336600062
34522780500040
34524281200021
34524526000111
34526338800018
34527795800020
34528802100081
34529141300127
34529665100028
34531881000040
34531992500037
34532239000047
34533052600020
34535118300594
34535733900067
34538400200035
34538468900013
34539210400013
34540806600024
34540822300062
34540980900034
34738457000664
34738457000698
34738457002041
34738930600031
34742006900036
34742096000010
34742398000023
34742950800018
34743481300056
34743871500018
34747520400033
34749043500018
34749927900045
34750647900018
34751641100019
34751758300022
34753312700093
34753804302788
34753804303232
34754675600011
34754813300011
34755229100036
34757314900049
34757708200048
34757919500038
34758826100029
34759161200028
34759883100050
34762810900071
34764259700053
34764478300024
34766974900017
34768562000010
34769475400016
34770071800047
34771852000054
34773566400034
34774519200018
34776987900060
34777434100023
34778013200028
34779393700017
34780551700013
34780600200312
34783958100019
34784119900016
34784266800027
34786290600026
34786292200056
34787682300019
34787898500014
34787962900025
34790235500010
34790688500046
34792671900837
