34482663100022
34484070700097
34484499800148
34486119000082
34487932500027
34487947300025
34488188300021
34488206300078
34489748300022
34492343800081
34492467500012
34493138100018
34493507700034
34496269100038
34497265800019
34497456300027
34501022700048
34505584200099
34506662500038
34508552600050
34509010400026
34509575600028
34509641600044
34511207200029
34511319500027
34511611500154
34512585000015
34513048804233
34513048820684
34513048823175
34513048824900
34513048826020
34513048827127
34513653500019
34513766500013
34517655600024
34518624100047
34519383300018
34519945900016
34523165800096
34523740800025
34524201000014
34524226700010
34524415600021
34524567400022
34524897500160
34525466800030
34529122300013
34530432300032
34530688000674
34533373600097
34536384000041
34537415100024
34537893900028
34538125500016
34539715200025
34539720200051
34540389300018
34540647400089
34582007000018
34681012000011
34738457001647
34738457002058
34740733000013
34744350900026
34744464800021
34748788600025
34748875100020
34749195300019
34750315300012
34750895400034
34753634400018
34753804301863
34753804302911
34754118700014
34758042500028
34758084700031
34758223100408
34759383200020
34759441800043
34762565900011
34762610300027
34762855400029
34764919600057
34767451700011
34767844300024
34768410200051
34769080200033
34769691600019
34770391000013
34771930400011
34773585400023
34776413600052
34776703000013
34776985300057
34781737100011
34784466400016
34787202000016
34788937000057
34790359300106
34791354300018
34792398900011
34793322800020
34794401900038
34795815900019
34795874600047
34798601000051
34800368200013
34800714700070
34802399500015
34802432400074
34803239200022
34803724300014
34804649100075
34805565800051
34806024500076
34806607700010
34812358900056
34812673100036
34820615200020
34821469300015
34823123400017
34824102700013
34826531500013
34826725300022
34831988000012
34833796500084
34835226100013
34835441600052
34837101400013
34839913000023
34840837800019
34841550601865
34841710600013
34843922500031
34844213800015
34845123800086
34847492500057
34849450100011
34849952600039
34850042200012
34850047100043
34850947200018
34850982900019
34851862200025
34854532800067
34854788600021
34855555800033
34857485600061
34859412800012
34859478900011
34863061700069
34863327200037
34863713300011
34864998900038
34865512700010
34865584600064
34866734600038
34867416902494
34867565300029
34868558700019
34869002500013
34869108000033
34869360700023
34871379300118
34873576200018
34877091800079
34877440700012
34879539400017
34880545800067
34880762900020
34881041700025
34881876600027
34882528200018
34882578700016
34882970600012
34883871500020
34884275800024
34884414300035
34884763300016
34887830700027
34888595500032
34890572000028
34890869000053
34890941700019
34895420700026
34895651700034
34897881800014
34898373500047
34898402200023
34899145600032
34900374900026
34903518800011
34904391900019
34905158100016
34906067300028
34906346100033
34906634000036
34907170400010
34909515800029
34910243400033
34911682200025
34912425500234
34913369400027
34916909400019
34917375700031
34917800400033
34918712000085
34919454800047
34919623800043
34919671700012
34920126900017
34922574800012
34923966500046
34924666000022
34925244500011
34925994500047
34926546200011
34928391100015
34929251600029
34930454300029
34931312200013
34936046100017
34939205000044
34939864400022
34940010100011
34940652000016
34941729500053
34942886200024
34946034500011
34946491700013
34947554100026
34947663000018
34948059000018
34948614200053
34949097900037
34949233000049
34949609100019
34949686900125
34951283000010
34952836400020
34955037600033
34956412000021
34958933300054
34960904000036
34962100300020
34964228000011
34965052300013
34965669400040
34967843300013
34968109800043
34968379700014
34969353100031
34969473700017
34972698400017
34974317901029
34975108100028
34975502500013
34976429000079
34976598200021
34976697200021
34977326700027
34978338100016
34979394300029
34980294200012
34981463200023
34983550400011
34983612200029
34983843300036
34986391000015
34986649100047
34988709100016
34988996400020
34991772400032
34992624600027
34993184000012
34993197200047
34993663300032
34996500400022
34996819800029
34997337000035
34997644900018
34998163900017
34998784200029
34998987100026
35000380200013
35000606000015
35000838900016
35001042700028
35003687700024
35005374000014
35006379800044
35008875300016
35009198900037
35009500600028
35010065700013
35010477400020
35010857700015
35011217300017
35011527500025
35011638000014
35013051400036
35014221200025
35015997600033
35017454600035
35017900800015
35021547100011
35024102200028
35024803500023
35025434800021
35025866100049
35025932100015
35028305700973
35028531800027
35029154800047
35030204800029
35031705300014
35031959600028
35032184000109
35032261600011
35032324200015
35033212800015
35034968400026
35035242300023
35036191100034
35036230700018
35036345300043
35037925103377
35038136400024
35038812000031
35038973000010
35040134500037
35040411700011
35041051000027
35044856900011
35044923700030
35045986300014
35046121600011
35046167900036
35046240400020
35046667800033
35048104000011
35048506600012
35049206200020
35049963800020
35051343800035
35053426900021
35054216300018
35057565000014
35057930600027
35058163300038
35059010500010
35060637200018
35062260100028
35065453900021
35066134400043
35068043500012
35068377700014
35072266600012
35073434900029
35075881900071
35078828700018
35079036600016
35079161202364
35079864100014
35080071000013
35081367100012
35081993400026
35082631900013
35082958600030
35083881900018
35084682000016
35085224000083
35086096100019
35087247900018
35088431800022
35088722000035
35089439000029
35089971200029
35090160900056
35091860300019
35092134200035
35093654800014
35094227200047
35095013500045
35095447500017
35096970500010
35097067900089
35097221200046
35099151900017
35102061500016
35103002800036
35103852600015
35103862500015
35105127100010
35106496900014
35108176500023
35108766300024
35109554200012
35111437600038
35112867300032
35113712000017
35114781400013
35118396700014
35118910500064
35119087100035
35119536700047
35120366600034
35122217900019
35122757400032
35124460300012
35125631800012
35126733100012
35126795000035
35127019400035
35128349400026
35129502700012
35129938300023
35129942500022
35131489300014
35137525800016
35139157800017
35139845800015
35141784500028
35141906400016
35142403100018
35142540000014
35143200000013
35143314900017
35143823900797
35144208201223
35144208201322
35145989600111
35146679200014
35147128900014
35147277400014
35147695700011
35147784900050
35148491000085
35149690600014
35150075600025
35150118400086
35150195200011
35152698300041
35155522200055
35157145000011
35157568300021
35158307500020
35158594800018
35159815600013
35160000200031
35161817800013
35161905100060
35162555300042
35162793000024
35162882100065
35164691400033
35169870900026
35169966500011
35170608000048
35171141100071
35171353200650
35171353200684
35171353201369
35173353000023
35173376100107
35173908100062
35174356200057
35175090600015
35175355300020
35177557200016
35178274300279
35178508400010
35179517400017
35180421600056
35180989200042
35181269801277
35182277000050
35182414900048
35185187800014
35185198500025
35185246200016
35186580300016
35187417700014
35187451600013
35189144500014
35190332300027
35190752200012
35191379300011
35191528500016
35192155600020
35192411300035
35194649600012
35196357400030
35197094200063
35198444800016
35198552800030
35201833700167
35202346900013
35203563800019
35204508200018
35204883900026
35205302900018
35205608900019
35206854800010
35207414000133
35207489200030
35207726700016
35207740800016
35207816600019
35210097800027
35210606600017
35211397100035
35212001800028
35212042200014
35212547000059
35212972000012
35213059500049
35213154400012
35213299700011
35214392900011
35214625200015
35216475000015
35217598800067
35217686100016
35219706500027
35220725200029
35220845800021
35223425600019
35224523700057
35224947800012
35224985800023
35225470000029
35226440200053
35228406100046
35230508000025
35231605300029
35232823100019
35235135700020
35235271000029
35237256900017
35237273400025
35238288100014
35238537100013
35238803700017
35242074900017
35242931000019
35242960900030
35242971600033
35243181100038
35243569700029
35246703900033
35247312800010
35248001600018
35248334100512
35248334100850
35249137700045
35250071400014
35251553000017
35252301300022
35253257600027
35255651800038
35258532700104
35258663000027
35259217400028
35260856600019
35261147900010
35262211200014
35263588200017
35264890100010
35265629200013
35266601000017
35269212300016
35270558600027
35270852300050
35271038800021
35271332500020
35271588200028
35272484300011
35272532900028
35277080400024
35279838300019
35279944900058
35280458700017
35280864600033
35281921300013
35282127600016
35282711700032
35283485700018
35287176800011
35289744100023
35291673800011
35292615800010
35293142200039
35294558800023
35295918300034
35297440600014
35298602000019
35298667300023
35298725900012
35299421400042
35299666400020
35301423600015
35301445900013
35301482200012
35303730200018
35303837500013
35304804400039
35305179000023
35306632700043
35307924700022
35309871800011
35311365700053
35311503300014
35311637900051
35312991900018
35313579100039
35314600400026
35317161400012
35317556500038
35317653000015
35318097900034
35318375900011
35319906000016
35323164000049
35324258900011
35324899000023
35326529100024
35327377400011
35327849200304
35328670100043
35330352200059
35332228200016
35332727300010
35336005000036
35336438300045
35337003400020
35337153700021
35338060300020
35339802700022
35341664700017
35342284300014
35343400400019
35344046401270
35346261700021
35349559100094
35349703500017
35350377400062
35350989600026
35351558800013
35355698800023
35356246500016
35357390000027
35359644800020
35360159400024
35360550400011
35361541200080
35361823400044
35363223500027
35365769500022
35366027700016
35366941902391
35367394000030
35368085300010
35368552200024
35368796500031
35370796100010
35372057600050
35372086500065
35373092200039
35375133200027
35375313000015
35376652000012
35376703100050
35377095100013
35377177700052
35377626300041
35377684200018
35379543800087
35379599000020
35380845400022
35381807300028
35382102801330
35384071300013
35384631400022
35386411900014
35387710300013
35388390300018
35389089000034
35389519600031
35390557300039
35390684500014
35390835300017
35391967300015
35392718900038
35392876500018
35392930000013
35393111600019
35394546200011
35394603100039
35396075000019
35397245800056
35397417300018
35397444700024
35397893500024
35398466900021
35398794400025
35399822200031
35400300600013
35400671000025
35402984500030
35403343300039
35405000700013
35407043500020
35407659800011
35408269500025
35408284400029
35409710700024
35580192900223
35600000000920
35600000002207
35600000003157
35600000003977
35600000005042
35600000005876
35600000007149
35600000008422
35600000010055
35600000011978
35600000012355
35600000012634
35600000012698
35600000016171
35600000017549
35600000017887
35600000018705
35600000019164
35600000020446
35600000024096
35600000025504
35600000027732
35600000028740
35600000030594
35600000041015
35600000042802
35600000046763
35600000048379
35600000048630
35600000051758
35600000053008
35600000057031
35600000060938
35600000062076
35600000062215
35600000068787
35600000070234
35680157101419
35680157102599
36580062200018
36750035200052
36880055300118
37150055400030
37170276200027
37749082600015
37750065700020
37750082200046
37751443500017
37751885700018
37752957300042
37753303900022
37753329402276
37753961400018
37754876300020
37755024900116
37755443100041
37757246600011
37759251400022
37759978200028
37761242900045
37761584400042
37761736000013
37762112300019
37762829200015
37763875400020
37763997600036
37764990000026
37765920600017
37766554200025
37767065800022
37767273800079
37767391800720
37767391801512
37769896400014
37771061100015
37771920800011
37772328300018
37772862100014
37776804900027
37776854400076
37777137300059
37779122300151
37779132200029
37781464500018
37781613700014
37782861100030
37783691100018
37784686000023
37785436900032
37786613200071
37786720500017
37788944900015
37790318200030
37790630000027
37791170600077
37791706700284
37792578900028
37793932700021
37794611600011
37795968900037
37796168500023
37797601400037
37798345700021
37799053600064
37799627700028
37799712700040
37799979200015
37800569800014
37800808000053
37803513300016
37803825100039
37804037200013
37804750001531
37804750001549
37806239200022
37806275600119
37808530200040
37811267600010
37811509100019
37813088400067
37813885300023
37814461200017
37814785400020
37814898500039
37815820800017
37815982600031
37816104600032
37816228300014
37817269600023
37818437800057
37818885800013
37819281900019
37822934800016
37823259900043
37823305000053
37824386900013
37824425501236
37825259700042
37825919600012
37829680000014
37832966800214
37835216500021
37836335200030
37840268900038
37840344800012
37840773800038
37841041900014
37841250600032
37841408000028
37841607700014
37841824800027
37841929500019
37843319700027
37843601800071
37844361800012
37844545600015
37845074600037
37845534900027
37846803700015
37847104900015
37847608900065
37847730100022
37848281400027
37848410900020
37851171100046
37851381600033
37853095000039
37853616300017
37854182500014
37854493600016
37854499300041
37857048500011
37859527600015
37859922900028
37860688300049
37860871500017
37861070300779
37861122200019
37861167700048
37861536300066
37861565200039
37862842400020
37862864800024
37863190700011
37863912400015
37864500600040
37869424400013
37871197200265
37872123700014
37872207800011
37872483500012
37873124400067
37874857800028
37876215700089
37878568700039
37878630500052
37880168200386
37880681400018
37881645800012
37882526900012
37883258800016
37884030000016
37886338500027
37887005900011
37887008300052
37887150300017
37887166900016
37887576900010
37887689000039
37892034200011
37892438500016
37892855000011
37893864100016
37896477900011
37896530500014
37896946300033
37897226900047
37897984300059
37898481900011
37899836300170
37900465800017
37901685000024
37902276700014
37904054600010
37904406800011
37906785300026
37906972700137
37906996600024
37907273900020
37907381000010
37907604500010
37909173900019
37910684200014
37911756700014
37912597400038
37912667500048
37913089100011
37913492700027
37917264600018
37918426000048
37919525800023
37919687600021
37920892900032
37921838100034
37922567500014
37922709300018
37923555900059
37924316501053
37924316501087
37924316502309
37925779300057
37926780000058
37927840100011
37927996100054
37928319500012
37928474800033
37928509100029
37929441600068
37929944900015
37930239100014
37930885100037
37932448600065
37932840400023
37933716500029
37934880800013
37935315400022
37936200700013
37936330200033
37936382300012
37936818600019
37937108100017
37937379800022
37938516400015
37938648500013
37938649300033
37938781400021
37942467400016
37942868300229
37945822700012
37946836600016
37947091700038
37947404200023
37948207800035
37948775400028
37948840600016
37950043200024
37951488800021
37951676800031
37951877200064
37952183400075
37952260000848
37952801100016
37953276500078
37953414200029
37953421700011
37954276400020
37954519700020
37954777100061
37955411600010
37956449500016
37956514600030
37956546800012
37956738100023
37956878500016
37957894100013
37958790002170
37958790005009
37958790007070
37959484900018
37960710400013
37961084300029
37961288000029
37962751600022
37963358900013
37964057600029
37964883500021
37965797600013
37966968200021
37967421100014
37967913700016
37971780400015
37971872900013
37972124400018
37972971800013
37973054200022
37975230600058
37975881600019
37977862400013
37978111500017
37979941400014
37980868600040
37981663000014
37981694500016
37982807200015
37983490603101
37985221300030
37988310100014
37988607000034
37988730000018
37989428000021
37989974300023
37990448500016
37990675301278
37992280000014
37993996000017
37994254300016
37994456400036
37995332600020
37995521400018
37996156800027
37996624500027
37998005500022
37998259800011
37998435400025
37998475000016
37998549200048
37999242300010
38000278200031
38000774000026
38001318500018
38001489400022
38002020600039
38002750800015
38002987600030
38004252300015
38004743100024
38005300900011
38005586300019
38006513600018
38010026300025
38010222800018
38010320000040
38010474500019
38010596500012
38011364700016
38012986605328
38012986605690
38012986607704
38012986608819
38012986628445
38013351200018
38014213300012
38016120800026
38017646100057
38018235200043
38020085700023
38020462800016
38020697900094
38020702700026
38021275300046
38021844600041
38021897400018
38022123400012
38023499700027
38024599300049
38025619800017
38025766700069
38026717900022
38028008100403
38029393600015
38029775400026
38030034300015
38033215500015
38036664100013
38036810000018
38037143500013
38037802600021
38038685401784
38039003900010
38040176000018
38040373300013
38040636300016
38040913600021
38042115600015
38042182600062
38043150200075
38043537000024
38045003100022
38045521200015
38046605200012
38046618500028
38047437900019
38048066500039
38048149900024
38048938500027
38049331200041
38050343300027
38050604800012
38051326700027
38052235900039
38052513900024
38054921200054
38055103600029
38055190300012
38056822000020
38057706400021
38058210600015
38059193300045
38060438900011
38060484300017
38061128500046
38061959300029
38061979100011
38062378500074
38062895800023
38066079500010
38066785700029
38067857300011
38068162700036
38069138600029
38070040100025
38070183900017
38072261100023
38072481500077
38072853500010
38073053100015
38073759300018
38075910000031
38076972900050
38077390300014
38077942100029
38078919800047
38079070900014
38079793600024
38081244600025
38082523200024
38083156000277
38084564400018
38084962000022
38085136000087
38085521300035
38085837300026
38086476900027
38086564200017
38087117800022
38087366100017
38087597100018
38089123400011
38089512800037
38091174300058
38091499400013
38092473800020
38092923200052
38093478600027
38094786100080
38095669800027
38096058300033
38096757000041
38097021000023
38098040900011
38099633000011
38101601300017
38101623700020
38102881000012
38103963500028
38104544200013
38105104400018
38105626600020
38106292600013
38106502800031
38106757800033
38106971500039
38108285800014
38108454000040
38108541400013
38109042200019
38109284000010
38110847100016
38111410700224
38113027700027
38114028400013
38114034200035
38114053200015
38115688400029
38115741100012
38115862500024
38116089400022
38116449000017
38117449900016
38117838300026
38118436500017
38119203800036
38119958700019
38120732300100
38120751300015
38121736300013
38121953400017
38125411900013
38126250000022
38126902600047
38127133700010
38129231701239
38129235800011
38131347700014
38131785800029
38132491200215
38132991100030
38134234400029
38136222700021
38138904800038
38139798300010
38139890800024
38140418500013
38142458900012
38144323300014
38144346400015
38145529400011
38145705000031
38145956900053
38146260500027
38148127400029
38150041200022
38151522000022
38152190500012
38153137500016
38153146600047
38154316400010
38154571400010
38155723000012
38156468100033
38157068800022
38158205500046
38158860700014
38163661200016
38163897200038
38163963200011
38165260100018
38165795600029
38165932500017
38169321700022
38170351100026
38174821900015
38174919100031
38175263300028
38177412400071
38178459400016
38181171000015
38182278200037
38182914200029
38183456300029
38183711100040
38183852300037
38184794600013
38186281200025
38186783700050
38186858700027
38188390900016
38188979900015
38189514300067
38189582000029
38190903500036
38191379700035
38191735000013
38192241800235
38192806800026
38192830800026
38193934700047
38194291100029
38194618500018
38194991600013
38195366000028
38196049101449
38196672000017
38197456700020
38197644801359
38197749500013
38197890700032
38198170300022
38199849100017
38200863900025
38201233400019
