34483951900016
34485770100033
34487028200011
34487100900017
34489779800023
34491771100014
34492470900019
34492685200023
34494433500019
34495484700028
34495923400040
34496166900019
34498712800024
34499434800037
34499558400028
34500481600012
34500770200037
34503053000025
34503941600879
34505817600016
34507354800033
34507876000013
34508617705043
34508762100024
34511273400016
34511279100032
34511954900029
34513048801635
34513048807855
34513048812657
34513048824140
34513048825360
34513048825501
34513048825527
34513048825659
34513048827986
34513066000227
34513546100076
34514842300089
34516063400019
34516475000027
34518213300040
34518261200027
34518809800015
34522459600014
34523885100025
34525960000012
34526508600024
34528008500019
34528379000052
34528418600011
34528649600012
34534062400013
34535118300099
34738112100024
34738278000018
34738457002462
34738949600055
34739872900025
34741339500018
34741831100010
34743583600056
34745192400018
34747265600052
34747836400016
34747922200023
34748921300061
34749792700033
34751995100011
34752592500025
34753804300113
34754043700022
34755132700047
34756183900031
34756305800010
34757048300011
34757594600053
34757935100037
34762872900019
34765476600059
34765726400011
34766405400025
34766509300014
34771436200030
34771567400037
34772393400019
34774440100030
34774526700018
34776249400073
34776879800097
34778362300023
34780600200502
34781188700012
34781507800170
34781543300011
34781780100033
34782242100025
34782272800015
34783444200043
34783514200014
34784159500049
34784815200018
34788683000038
34789085700035
34792099300024
