34483031000019
34483156500017
34483800800029
34484742100015
34485957400016
34486428500046
34487496100016
34490265500036
34490787800039
34492176200045
34493362700012
34493872500019
34495639600024
34496644500035
34496833400013
34498337400028
34499769700026
34500478200016
34500602701061
34500930200034
34501954100068
34502291700032
34502315400015
34507393600022
34507812500019
34508396800015
34508617704046
34508617705621
34508617706538
34508617707643
34509513700013
34510550600033
34511268400039
34512186700013
34512590000018
34513048814000
34513048814042
34513048823001
34513048824207
34513048825402
34513048827929
34513051201590
34514005700067
34514735900011
34515813300016
34516060000010
34517914700011
34518374300060
34519663800026
34520673400013
34522046100015
34522267300054
34522323400047
34524146700017
34528956500045
34530743300010
34532043600016
34532148300017
34533269600045
34534756100036
34534788400016
34535040900016
34538449900017
34540152500026
34540415600654
34738293900028
34738457000599
34738790400019
34742790800046
34744521500028
34744626200037
34745834100026
34746118800141
34746294700040
34746461200014
34747362100014
34747780400020
34748751400015
34748898300011
34748920500018
34749509500015
34751330100023
34752249200011
34752268200017
34753090900048
34753804302838
34753804302986
34754615200021
34757515100035
34760224500024
34762238300037
34764269600012
34764456900027
34766245400250
34767995300013
34769696500024
34771369500026
34772539200042
34773433700012
34776171000024
34776553900114
34776773300038
34778071000013
34778097500012
34778165000069
34778247600019
34778387000012
34778915800016
34781404800083
34784151200127
34784246000011
34786107200028
34788635000011
34788783800014
34790004500035
34791260200021
34792234600015
34792671903369
34794227800024
34794490200027
34796392800028
34800266800021
34802855600044
34803171700013
34804350600016
34806701800021
34806832100200
34806921200028
34807457600011
34807929400032
34809570400071
34809885600043
34813237400029
34813662300033
34814616800052
34815267900018
34815599500031
34816272800045
34816546500017
34818044900020
34819300400010
34820287000013
34820330800039
34820771300507
34825011900065
34825508400058
34826041500024
34826755000062
34828186600023
34829593200027
34830358700086
34830529300014
34830882600018
34831656300025
34833729600035
34833993800014
34834294000015
34834308800012
34834896200013
34836111400039
34838876000020
34841550601774
34841555500021
34843649400010
34844960400019
34847283800054
34851829100011
34853279700084
34854158200014
34854549200038
34855151600035
34855662200036
34855929500020
34859037300018
34859848300025
34859965500019
34860330900017
34860741701061
34860921500028
34861637600011
34864715700018
34865477300020
34866150500050
34866463200018
34866621500028
34867416900183
34867416901124
34867524000033
34867913500031
34869311000010
34870214300028
34872287700019
34875206400033
34879249000016
34880005300020
34880561500039
34881073000039
34881087000025
34884886200010
34884959700037
34885387000056
34886512200066
34886594000020
34886790400156
34888471900033
34889385000019
34889929500235
34890222200010
34890543100030
34891157900012
34891834300016
34892107300014
34892646000026
34893803600012
34894272300027
34895047800035
34895327400027
34895614500042
34896036000033
34896778700014
34897515200029
34898623300016
34898903900014
34899279300011
34900979500015
34902925600014
34903013000042
34905311600019
34912430500047
34914262000070
34915881600026
34918328500031
34918641100014
34919890300016
34920816500010
34921106000018
34921823000036
34925665100010
34926904300023
34927147800019
34927286400035
34928840700035
34929617800016
34930550800021
34934241000025
34934541300026
34935617000010
34936383800062
34938927000019
34940828600012
34941078700023
34942071100013
34942205500013
34942349100019
34942822700012
34943736800013
34944164200015
34945200300024
34946746400021
34947481700021
34948933600017
34949617402233
34950358100010
34950499300032
34953215000027
34954750500017
34955312300036
34955656300022
34955803100028
34956367600023
34958699000039
34959667600024
34960802600028
34962651500010
34963393300024
34964015100016
34965418600023
34966493800041
34968376300032
34968772300016
34968907500019
34969076800198
34969248300036
34969727600021
34970112800036
34971555700022
34971668800016
34972100100015
34972216500017
34972884000084
34975077800012
34975284000026
34976337500897
34977634400021
34978822400021
34980532500058
34981160400017
34982056300022
34982182700012
34983819300028
34983945600036
34984721000011
34990137100014
34991609800040
34991927400010
34992812700019
34992833300021
34992916600024
34993536100015
34993655900013
34994012200030
34994682200013
34996032800053
34999259400037
34999482200030
35000197000028
35000491700026
35000669800012
35004483000015
35004628000128
35005805300025
35006422600342
35008175800020
35008224400053
35010405500016
35011712300017
35012743700019
35014462200106
35015640200033
35016291300015
35016737500020
35017353000014
35019071600018
35019154000029
35020915100017
35021076100028
35022704700015
35025108800026
35026631800012
35027695200123
35029034200020
35029252000011
35030911800031
35032881100020
35035180500014
35038837700011
35039501800012
35039681800014
35040172500022
35041151800029
35044180400035
35044635700104
35044997100018
35046527400016
35048112300015
35049825900018
35051415400045
35051622500025
35052974900037
35053094500020
35053603300037
35053873200016
35053954000012
35055644500012
35055949800018
35056722800035
35056932300024
35057071900046
35057238400021
35058939600174
35059475000043
35061596900010
35062254400053
35064690700013
35066993300029
35069035000011
35073216000022
35075312500318
35075312500805
35075696100081
35075908000079
35076532700019
35077040000017
35077517700040
35077604300019
35078430200019
35079142200024
35079161200152
35079608200039
35079937500026
35080515600063
35084631700013
35085668800022
35087149700029
35088347600029
35089501700027
35090678000027
35091402400020
35091639100146
35092953500044
35093811400021
35093906200039
35094215700016
35094388200018
35095654600013
35095892200030
35096666900029
35096753500021
35097790600048
35099714400018
35101741300052
35102068000010
35102134000044
35102639800021
35104113200025
35104547100031
35105384800039
35106168400020
35107307700023
35109448700029
35109975900018
35110384100026
35110617400029
35110833700012
35111736100029
35112314600059
35114583400013
35116306800015
35118180500018
35119117600020
35119247100016
35119911200050
35120300500068
35120756800012
35123026300029
35123380400019
35123885200054
35126296900030
35127651400012
35128349400018
35129090300035
35129116600046
35130316900038
35131437200027
35133373700028
35134747100028
35135132500029
35135437800025
35139006700053
35139319400045
35139517300013
35140972700010
35142500400030
35142620000041
35143823900680
35144208201504
35144208205083
35144590300021
35146206400061
35147349100014
35147992800035
35150455000044
35150666200029
35150883300016
35151734700073
35151844400028
35152897100010
35154127100018
35156620300037
35157213600023
35158356200019
35159696000010
35161320300022
35161616400056
35162046300049
35167626700013
35173321700019
35175869300011
35175902200012
35177918600011
35178482200030
35180102200028
35180179000012
35180339000019
35182771200032
35183740602027
35183740602282
35184056600019
35184097000070
35185204100034
35185847700018
35186885600052
35188775700042
35190507000014
35190574000046
35191250600018
35191366000046
35191494000017
35191504600046
35191589700042
35192082200019
35193474000017
35195341900048
35196332700017
35196732800011
35197146000016
35197233600017
35197617000016
35197846500034
35198325900034
35199316700011
35200826200011
35201373400038
35204591800013
35205512300033
35207634300032
35210047300045
35210559700020
35211626300018
35211943200016
35212574400016
35217936000024
35218574800048
35219246200021
35219300700429
35219300701120
35219300701872
35219541600016
35220579300016
35220982900014
35224158200035
35224273900048
35225502000021
35225642401709
35226159800010
35227426000038
35229596800023
35231545100018
35233449400031
35234517700039
35235584600010
35237139700014
35237678400018
35241877600014
35243603400016
35244047300028
35246804500013
35248795300023
35249662400011
35250277700027
35251133100014
35252195900010
35252591900044
35252602400018
35252626300020
35252651100014
35252888900053
35256047800013
35256665700016
35260892100024
35261124800027
35261154500018
35261202200017
35262168400054
35262236900010
35263192300013
35263557700021
35263844900053
35264002300011
35264328200028
35265153300015
35266183900014
35266190400016
35267229900018
35267741300010
35269279200018
35269936700061
35270154400012
35270523000089
35270713700019
35270796200010
35270874700014
35271300200017
35272100500036
35272102100017
35272289600045
35272470200035
35272656600016
35273251500114
35273622700013
35274395900020
35275515100011
35275629000016
35276485600014
35276656200057
35278422700212
35278853300011
35279024000019
35279934001313
35279934001495
35280793700060
35280812500012
35280963600017
35281013900027
35281873600048
35281882700011
35282166400120
35282297700018
35282628300025
35282849500015
35284400500012
35285143000053
35285143000079
35285239600022
35285720500020
35286063902047
35286645300025
35287341800045
35288125400069
35288214600017
35288739200012
35289007300013
35289802700433
35290900600012
35291168900045
35292472400045
35293378200034
35293731200010
35294493800054
35294892100049
35295050500037
35295679100037
35298939600010
35300052400036
35300255300025
35301180200017
35301686800039
35301699100021
35301902900027
35303393900037
35303435800013
35303931600016
35304201300048
35305234300046
35306893500041
35307942900018
35309101000036
35310069600072
35310270000039
35310361700026
35311290700020
35311341800019
35317668800011
35318235500019
35320038900016
35321875300021
35324032800057
35326957400029
35328187600014
35328631300013
35329510800024
35329883900039
35330278900022
35331450300015
35332071600023
35332086400013
35336594300037
35336781600017
35338112200053
35339919900010
35340221700023
35341396600014
35341507800032
35342263700010
35344046400157
35344313800014
35345866400011
35347545200010
35347904100017
35354285500021
35354801900044
35355332400057
35355492600025
35357064100061
35357305800016
35359534100010
35360419200016
35360613000063
35360841700013
35361826700028
35361851500020
35363491800059
35363844800046
35363848900024
35363952900018
35364281200021
35365513700019
35366189500014
35366246300028
35369107400028
35369115700039
35369172800045
35369236100010
35370627800044
35371671500035
35372624300010
35374044200044
35376012700020
35376349300064
35376823700037
35376912800029
35377618000054
35377969700021
35378547000017
35378650200032
35379487800010
35381146600013
35382102802486
35382102804318
35382102804961
35382213300016
35382784300015
35384378200023
35385174400071
35385537200044
35386895300012
35388311900029
35390050900061
35391029200013
35393963000011
35395481100017
35396340800011
35397134400018
35398694600013
35399455100060
35400203200010
35400233900043
35401257700020
35402574400013
35403425800013
35406761300027
35407497300018
35408121800027
35408882500030
35409688500034
35600000001190
35600000005074
35600000005155
35600000005664
35600000007342
35600000009971
35600000014097
35600000014376
35600000019434
35600000023920
35600000026085
35600000026544
35600000026922
35600000028399
35600000030837
35600000031467
35600000031494
35600000033370
35600000039068
35600000045629
35600000051226
35600000054241
35600000055907
35600000061919
35600000062341
35600000066504
35600000066996
35600000067977
35600000068237
35600000069844
36410205300014
36410466100012
36910534100027
37681109700025
37714071000049
37728075500036
37749148500019
37751311400027
37751897200023
37753329400403
37754132100016
37756098200011
37756975100037
37757913100048
37757933900047
37757968500019
37758439600024
37758755500014
37759373600012
37760329500017
37761197500022
37761753500028
37762033100019
37762187500030
37762692400015
37763166800078
37764908200015
37765263100013
37765786100011
37766962700012
37767391800779
37767917000037
37768420400078
37768798300025
37769216500048
37770505800024
37771574300011
