34484513600011
34486775900047
34487179300024
34488619700039
34489410000017
34489498500086
34490394300019
34490701900014
34491996400025
34494324600035
34495805300029
34496523100048
34496607200011
34497398700037
34497972900011
34499270600012
34500602701830
34501095300015
34503073800040
34503823600039
34503938200022
34504544700017
34505180900019
34507778800015
34508617703378
34508617705092
34508617707569
34508717500013
34509040100067
34509878400027
34511352600015
34511731100026
34512912600016
34513048807699
34513048814885
34513048819306
34513048819587
34513048824058
34513048827457
34513048829941
34513664200021
34514439800053
34515101300033
34515906500019
34516054300038
34516904900011
34516907200021
34518612600016
34520605600029
34521634500016
34522289700042
34522428100039
34523598000017
34524236600077
34524294500011
34524346300022
34525494000017
34526065700019
34527630700013
34528049900020
34529444100018
34529770900031
34529978800017
34530781300021
34531284700022
34532022000030
34533634100028
34535256100020
34535816200013
34535905300039
34536857500022
34538076000016
34540164000064
34540362000031
34738445500015
34738457001613
34738457001886
34738855500018
34740230700073
34740523500024
34740686000028
34745078500014
34745661800029
34746507200036
34747238300020
34748510400058
34749769500036
34751010900023
34752530500012
34753605400013
34753804300451
34755761300010
34755764700026
34758669500020
34759081200017
34760271600297
34762216900014
34764504600017
34766489800033
34767676900016
34767744500046
34770938800024
34773657100014
34774741200026
34775315400025
34777178400035
34777309500042
34780134200044
34780795000055
