34483280300011
34483815600034
34485191000010
34485331200017
34486236200185
34487468000020
34490275400011
34493151400048
34494798100017
34495010000026
34496471300038
34497902600020
34499059300040
34500236400015
34500602701996
34502166100086
34503397100085
34504012500014
34505778000032
34506969400015
34506994200034
34507506300015
34508387700067
34508617705266
34510108300029
34510667800039
34510788200010
34511356700027
34511810300042
34512006700011
34513048801395
34513048808564
34513048811592
34513048811790
34513048814307
34513048820619
34513048822722
34513048823100
34513048824355
34513048825030
34513048830634
34513854900042
34513997600012
34514023000086
34518089700034
34520133900016
34520601500017
34523348000010
34523823200036
34525354600021
34526434500025
34527314800022
34527375900026
34528689200012
34528780900015
34529946500020
34531843000013
34533527700025
34533743000036
34534524300025
34534991400027
34539898600033
34540348900015
34738191500029
34738457002108
34739882800017
34740406300054
34741949100027
34744184200023
34745426600029
34746485100018
34747966900116
34748238200012
34748392700013
34748964300028
34752069400014
34752701200012
34753287100014
34753312700101
34753804301210
34753959500020
34756543400045
34757111900051
34757613400030
34757782700012
34758306400055
34762900800017
34764054200010
34765641500010
34766564800023
34769361600026
34770144300025
34770828100022
34773722300045
34774127400026
34775774200031
34776276700031
34776351800011
34779520500017
34779648400116
34780090600013
34781072300069
