34485117500036
34486868200016
34487677600032
34487714700019
34489124700027
34492724900013
34492752000017
34493258700019
34495613100017
34495968900011
34497109800019
34498230100014
34499130200011
34500630800034
34500987200051
34501418700016
34502166100094
34502492100016
34502505000062
34503170200011
34504429100010
34506097400036
34508098000153
34508617700697
34508617703568
34508617704897
34508617706801
34508617707502
34509829700012
34510174500015
34510869000016
34513048813820
34513048824504
34513048828067
34513048828364
34513048829305
34514814200010
34515164100023
34515305000033
34518032700024
34518138200010
34519578800012
34520389700045
34520562900024
34520600700022
34520889600117
34521426600016
34521488600011
34521840800010
34522908200010
34523974300072
34525254800051
34526328900018
34526846000028
34527729700023
34528087900031
34530383800022
34531006400026
34532768800015
34533827100017
34535469000025
34535701600012
34536162000049
34536617300010
34537533100047
34538523100013
34539121300062
34539264100014
34540143400021
34721086600047
34742941700020
34743544800019
34743947300039
34744499400037
34745043900018
34745377100052
34745434000022
34748926200027
34749438700058
34749510300033
34749688700071
34751366500047
34753210300046
34753658300060
34753804302606
34755115200031
34755553400036
34756063300013
34757009500013
34757107700069
34757845200018
34761933000017
34762957800019
34763019600025
34763436200011
34763622700014
34770953700026
34771616900011
34771856100017
34772814900027
34772969100027
34773674600020
34774501000012
34775964900010
34776913500018
34777267500018
34780741400029
34781997100024
