34482368700027
34483575600034
34484095400012
34485050800047
34485201700021
34492825400012
34493261100025
34493261100066
34495104100013
34495220500039
34498251700015
34500156400037
34500602701491
34500602701525
34504255000029
34504298000028
34504679100066
34505374800017
34505871300016
34507374600017
34507596400022
34508617702230
34509130000052
34509663000040
34512865600039
34513048804365
34513048813424
34513048826046
34513048828695
34513048828869
34515431400016
34516388500022
34516406500038
34519390800042
34520699900012
34522184000100
34522886000010
34523601200018
34523929700012
34525047600024
34525734900059
34526579700018
34527055700027
34527159700048
34527310600038
34527364300014
34527811300013
34528758500029
34528926800012
34529130600032
34529223900034
34530305100022
34532531000034
34533297700064
34535885700018
34538898700041
34539521400025
34738264000022
34738457002512
34742127300025
34743148800019
34744900100010
34745130400039
34747014800078
34748653200018
34750167800010
34750495300022
34750510900020
34751021600018
34751140400027
34752723600025
34753804303208
34753861300014
34754842200026
34757593800027
34760655000031
34761321800010
34761696300059
34763154100013
34764497300021
34765877500023
34768568700027
34768652900061
34768920000025
34769092700038
34769844100040
34770088200025
34770456100013
34772219100041
34772754700080
34773769400047
34775590200025
34775752800026
34777159400038
34778788900026
34780178900012
34781204200039
