34482956900054
34483845300035
34484422000055
34487340100022
34487814500020
34488173500015
34488502500025
34491221700033
34492555700011
34494467300054
34494611600037
34494873200054
34495399700022
34495869900011
34497537000034
34497988500029
34498538700010
34499810900021
34500297600016
34500939300017
34502847600033
34505076900016
34505349000032
34506051100010
34506656700016
34508617700176
34508617701216
34508617704533
34508617705605
34508625000023
34509673900049
34510160400022
34510606600029
34510931800054
34511209800016
34511716200031
34512538900022
34513048800934
34513048801189
34513048808093
34513048817516
34513048821757
34513048823522
34513048828133
34513048828455
34513048828562
34513051201897
34513051202879
34513278100039
34513494400031
34514859700031
34515024700020
34515088200073
34517803200016
34518320600068
34518769400020
34519690100028
34519758600018
34521391200016
34522314300016
34523481900034
34523580800010
34524575700058
34525081500064
34526197800034
34527198500029
34529223900067
34529847500038
34530327500068
34530688000203
34531866100112
34535327000027
34535617400028
34538859900010
34538968800069
34540440400047
34584192800012
34738045300014
34738457000805
34738989200014
34740250500023
34740988000015
34742244600026
34744699900018
34744949800018
34745588300020
34747921400020
34750618000012
34750956400030
34751106500018
34754692100052
34754960200063
34756052600019
34756567300014
34758156300017
34758402100021
34758778400021
34759106700017
34761745800018
34762346400018
34762494200103
34763258000010
34763690400018
34764113600036
34765629000082
34766352800029
34766607500010
34769929000065
34770362100032
34773835300015
34774880800032
34775208100013
34777036400052
34778258300012
34778880400016
34780511100031
34780667100025
34781195200022
34781288500015
34783715500014
34785974600013
34787181600018
34787231900038
34787542900024
34787819100035
34789371100023
34789501300022
34790359300098
34790626500017
34792671901249
34793106500036
34793780700084
34794565100037
34794794700045
34797070900023
34798698600011
34798820600038
34800547100019
34802244300025
34803259000013
34804109600028
34804249000014
34805750600035
34806783600018
34807566400014
34809998700110
34810077700039
34814190400030
34814789300047
34814839600016
34816342900015
34820094000024
34822045000012
34822556600028
34823003800013
34826746900024
34827212100032
34827724500018
34828622000044
34829152700037
34831249700046
34831843700020
34832088800046
34832174600045
34833043200017
34834438300024
34836274000014
34838183100042
34838518800027
34839678900011
34841249500015
34842841800019
34843786400021
34845482800024
34847610200010
34849974000077
34850838300026
34852231900014
34854284600012
34857386600012
34858263600018
34858347700016
34858452500102
34859423500031
34860541100035
34862546800015
34862586400023
34863285200029
34863564000058
34866815300029
34870415600069
34870731600074
34871028600017
34873558000014
34873582000022
34875479700028
34875645300018
34876876300016
34878946200010
34879503000025
34879565900021
34879764800022
34880201800013
34884230300011
34884299800034
34885096700079
34886971000023
34887076700038
34889575600032
34892830000014
34893843200021
34895758000031
34897729900018
34899155501716
34899490600017
34901683200017
34901922400014
34902635100024
34903589900088
34904583100063
34904764700046
