34482805800026
34484013700014
34484374300321
34484384200016
34485086200063
34485233000010
34486290900019
34486690000089
34488744300010
34488810200011
34489093400021
34490348900013
34493015100016
34493602600014
34494560500022
34495941600027
34497110600010
34498332500038
34498754000012
34498863900011
34499743200044
34500549000015
34500602701285
34500602701582
34500622500014
34500634000011
34502780900077
34503941600168
34503941600432
34505093400016
34505380500015
34505670900024
34506775500024
34507000700025
34507089000016
34507945300014
34508087300176
34508617704145
34508617707213
34508825600069
34512152900027
34513048801577
34513048809455
34513048809836
34513048820858
34513048827382
34513048827408
34513048828521
34514043800010
34514321800054
34515047800021
34515405800019
34515711900024
34515755600027
34517768700026
34518579700015
34518903900018
34520262600015
34523548500025
34524438800020
34524802500032
34529351800014
34529371600014
34530688000831
34533316500024
34534077200101
34534274500022
34535177900011
34536393100014
34538150300035
34538237800023
34539046200025
34738178200015
34738880300038
34739179900017
34739810900046
34740193700029
34740230700263
34740368500014
34740847800019
34741605900025
34742413700094
34743304700037
34744430900012
34744457200015
34745393800024
34748206900015
34749616800027
34750655200020
34753572600033
34753804301954
34754054400017
34754419900073
34754428000014
34755599700019
34757713200017
34757830400011
34758223100853
34758452600011
34758717200029
34758768500012
34759036600014
34760257500040
34761317600036
34763377800068
34763747200015
34764236500014
34764776000011
34765106900044
34769672600012
34769807800057
34769809400070
34769825000011
34770281300010
34770655800124
34775223000016
34775298200038
34775733800038
34775992000056
34776368200015
34776791500023
34778266600023
34778649300028
34779276400032
34780092200010
34780194600075
34780575600025
34782471600026
34782685100011
34782742000063
34783911000041
34784104100010
34785515700033
34786308600018
34786929900037
34787287100038
34787461200026
34789059200046
34789085700043
34790704000039
34791773400019
34792671901413
34792671903047
