34482903100022
34484274500012
34484307300067
34486806200011
34486913600046
34488263400035
34489414200027
34489582600024
34489761600100
34490649000067
34492211700025
34493839400030
34494233900013
34494478000024
34494973000016
34496434100020
34498696300025
34500493100035
34501108400018
34501335300155
34501353600049
34503861600024
34504257600016
34504679100090
34505003300025
34506381200019
34508617701935
34508617703253
34508617704277
34508617705670
34508617707965
34509999800048
34510803900024
34511569500032
34512879700015
34513048804720
34513048815346
34513048818027
34513048821997
34513048822508
34513048822573
34513048828489
34513314400013
34515199700011
34515953700041
34515982600063
34519369200018
34523965100010
34524355400028
34526354500039
34527510100011
34528516700044
34531120300011
34531264900014
34531656600016
34532176400010
34532580700054
34532673000016
34533120100011
34535118300073
34536542300028
34537436700018
34537654500017
34538055400013
34738457001936
34743227000010
34744742700019
34744814400019
34744997700037
34745224500025
34745395300023
34745845700038
34748331500011
34748939500033
34750335100038
34753804300071
34753804301756
34754743200026
34754939600021
34757413900015
34757594600020
34759167900027
34759243800050
34760647700029
34762177300030
34762616000019
34764043500025
34767636300067
34768435900024
34769390500049
34769803700012
34771219200041
34771990800027
34774298300039
34774698400017
34774743800013
34777169300038
34778583400024
34780600200486
34780962600018
34781035000012
34781265300025
34781405500021
34781941900016
34784079500012
34787321800023
34788448800011
34789434700025
34789435400021
34790664600018
