34484961700032
34485006000015
34487694100024
34488473900022
34488481200019
34490319000017
34490914800027
34491681200052
34498446300044
34498718500016
34499661600035
34500550800014
34500602702077
34502564700016
34502683500016
34502711400049
34503102500058
34504093500016
34504143800010
34507831500024
34508617700689
34508617705258
34508617707510
34510301400014
34511131400059
34511137100018
34511448200036
34512947200055
34513048802385
34513048809745
34513048815585
34513048817243
34513048829321
34514802700013
34514925600025
34517242300054
34519086200028
34519876600015
34519977200020
34520687400025
34520785600013
34522483600014
34525278700055
34525625900010
34526082200019
34527237100013
34528645400011
34529073800029
34529293200026
34529315300010
34529551300021
34530885200010
34531237500065
34532392700060
34532398400012
34532526000015
34535789100018
34536209900011
34537365800011
34537652900029
34538029900023
34539246800020
34540024600012
34540789400012
34540968400015
34739223500029
34739669900022
34740561500043
34742343600026
34749610100028
34749688700022
34750921800033
34751433300025
34753498400013
34754024700025
34754602000020
34754651700041
34757087100017
34757321400017
34758223100671
34758667900057
34759209900027
34759533200011
34759745200031
34760961200036
34762574100017
34763166500051
34763938700021
34766478100023
34768340100025
34770217700044
34771904900038
34781139000017
34782155500013
34782449200040
34783185100048
34784089400039
34784938200812
34786337500023
34786902600059
34788563400043
34790074800026
34791178600023
34791386500015
34792201500032
34792671902148
34792671902155
34792688300013
34794732700032
34794970300032
34795664100026
34796456100018
34798757000038
34801807800017
34802085000049
34802862200028
34803078400014
34803960300033
34804762200041
34806373600048
34806605100064
34806928700038
34807245500010
34807302400039
34808338700046
34809764300012
34812707700041
34814492400027
34815366900042
34816160500012
34816271000019
34816432800018
34816652100016
34816656200010
34817649600027
34817981300038
34820016300049
34820192200013
34820510500029
34820911500016
34821440400074
34821791000010
34821872800015
34827927400016
34828983600036
34830001300045
34830029400017
34831121800039
34831559900038
34831657100069
34834453200026
34834830100022
34836280700029
34837379600021
34840377500052
34841107500016
34841550601048
34841550601246
34843479600010
34843893800055
34843988600048
34844460500011
34845558500011
34845574200034
34845646800027
34846299500013
34846766300020
34848129200038
34848309000018
34849185300019
34849712400019
34849776900102
34851365600010
34852103000018
34852717700029
34853235900042
34853235900067
34856163000016
34856430300017
34858446700065
34859873100019
34859877200021
34860280600047
34863464300020
34863670500041
34864593800013
34864949200025
34866145500058
34866169500018
34866298200019
34867416901330
34867416902338
34867416902866
34867416903088
34870348900016
34870972600031
34871547500011
34871936000029
34874636300053
34874867400051
34877462100018
34877990100068
34878494300022
34878607000055
34881132400063
34881214000021
34881450000032
34883449000032
34884081000017
34884555300018
34885009000039
34885107200010
34885774900025
34886079200038
34887642600019
34887816600027
34887942000050
34888649000054
34891350000024
34893116300045
34894430700019
34894508000011
34894586600021
34894656700024
34895010600016
34895213600011
34896350500014
34898387500033
34898517700115
34898685200013
34899155501054
34899203300046
34899435100016
34900381400028
34901208800028
34901537000019
34902120400012
34904353900015
34905955000054
34906759500018
34907251200057
34908124000021
34908566200071
34911724200017
34911968500049
34912299400016
34912870200017
34917068800023
34917571100010
34918248500046
34918361600011
34918548800062
34918890400016
34919739200021
34919818400021
34920583100028
34920873600042
34922412100054
34922710800017
34923332000010
34923873300019
34924669400070
34925470600014
34928821700053
34930165500016
34930450100019
34931254600022
34932190100010
34932660300017
34933079500072
34933596800013
34934896100039
34935786300019
34935980200015
34936494300010
34937705100017
34938933800022
34939497300045
34939772900030
34942213900015
34942875500228
34943185800035
34947699400018
34947982400014
34949232200020
34949270200015
34949893100014
34950124700010
34950605500012
34951160000034
34951694800040
34951886000060
34952760600074
34953163200033
34954168000022
34955557300022
34956518400026
34956598600032
34957111700010
34957383200012
34957788200013
34957984700022
34958432600012
34958778200039
34959242800115
34962403100036
34962726500037
34963854400099
34964082100063
34964126600011
34964972300013
34965814600015
34967585000029
34968398700011
34969371300043
34970391800012
34971558100014
34972190200287
34972659600019
34972726300023
34973177800016
34973366700027
34973474900022
34974076100078
34974539800017
34975238600020
34975794800022
34976051200021
34977369700157
34978435500019
34984325000011
34984728500013
34985866200019
34987137600019
34992581800073
34994793700034
34995443800025
34996630900016
34996883400011
34996927900018
34998489800024
34998737000021
34999573800029
35003798200187
35004252900015
35004439200057
35005058900141
35006115600013
