34483067400067
34483274600020
34484203400011
34484416200018
34485227200014
34488070300048
34488182600020
34490511200027
34491800800048
34491849500013
34494020000019
34498607000011
34503418500016
34503646100027
34503900200026
34504509000015
34505168400081
34508617702800
34508617703113
34508617706595
34512218800021
34512525600056
34513048805784
34513048806667
34513048808176
34513048811741
34513048812467
34513048813101
34513048818985
34513048821609
34513048821674
34513048822888
34513048823811
34513048824991
34513048828729
34513048829149
34514304400039
34514941300022
34515378700014
34516178000027
34516598900012
34518649800043
34518854400018
34519068000024
34520394700030
34520848200025
34521518000026
34522498400020
34522827400014
34523460300024
34523473600030
34523776200025
34525314000023
34526268700030
34526517700054
34526681100016
34526764500066
34528337800064
34528767600018
34529485400012
34531687100028
34531988300012
34534041800010
34534531800058
34534575500028
34534974000034
34537229600011
34537289000029
34540033700019
34540175600068
34540183000012
34540263000023
34540415600449
34540529400025
34717081300013
34738124600011
34738457002447
34738457002850
34738555100010
34739556800012
34740433700011
34742254500033
34747917200038
34748683900033
34749688700055
34751198200048
34751740100050
34753009900030
34753334100017
34753804302440
34754879400010
34757082200044
34758546500011
34758913700038
34759217200014
34760790500010
34761498400024
34762919800073
34764427000014
34764668900039
34765052500012
34765131700021
34765887400016
34766185200074
34766686900016
34768107400048
34768308800012
34769101600021
34771015400027
34772832100022
34772873500049
34773406300014
34773795900044
34773806400018
34774281900019
34774585300031
34774960800019
34775018400017
34776181900023
34776280900031
34777252700086
34778076900076
34778081900038
34779803500031
34780017900017
34780384300015
34783279200035
34783864100012
34784167800035
34786967900030
34789998100026
34790699200016
34791752800031
34792671900266
34793757500046
34794073600023
34795597300016
34798559000012
34799169700017
34799391700025
34799803100079
34799871800022
34800406000011
34801270900021
34801931600028
34802908300014
34804937000011
34805127700013
34805582300010
34805668000039
34805784500037
34807469100059
34808531700017
34808716400011
34809140600010
34809585200029
34809672800053
34813803300017
34814053400051
34814982400024
34815665400017
34816841000028
34818635400018
34820771300291
34820901600016
34822094800890
34822466800023
34823706600017
34824528300018
34825130700024
34827056200047
34827672600026
34829989200037
34829989200102
34831157200021
34832265200028
34833020000042
34833870800012
34836721000013
34837655900012
34837977700025
34838036100017
34838738200016
34839730800043
34839992400011
34841550601998
34846919800017
34847301800011
34847756300012
34849731400024
34849857700017
34850052100029
34851217900014
34851653500021
34851783000025
34852185700014
34857651300041
34859032400011
34859946500013
34859974700030
34861322500070
34861768900016
34862210100023
34864803100014
34866261000016
34867226200022
34868493700025
34868714600012
34868972000020
34869495100040
34870247300029
34872157200041
34873648900033
34873728900010
34874446700039
34874643900093
34874950800035
34875654500045
34879030400037
34879752300027
34880800700119
34880800700143
34881274400012
34881517600014
34882213100010
34882695900101
34886089100012
34887103900023
34888605200037
34888777900018
34889348800026
34891606500314
34892360800049
34894521300026
34894798700049
34896151700011
34896293700028
34896676300040
34897618400013
34898278600025
34898423800017
34898703300027
34899155501278
34899619000032
34900097600010
34900175000018
34901224500016
34902105500018
34904832200011
