34482638300046
34482724100029
34483324900024
34483623400023
34485142300022
34485687700016
34486175200022
34487486200016
34491527700034
34495144700020
34497227800016
34497837400017
34499494200011
34499939600023
34500211700017
34500374300043
34500602701111
34501479900034
34501986300041
34502272700019
34502776700028
34503473000035
34503698200030
34503941600523
34504181800021
34504840900030
34504885400029
34505376300065
34506318400047
34507026200075
34507841400025
34508617702248
34508617707346
34510395600024
34510815300023
34512593400025
34513048803771
34513048805156
34513048807723
34513048809265
34513048811063
34513048811626
34513048815478
34513048815692
34513048817011
34513048823332
34513048827796
34513048830238
34513618800025
34515016300037
34515287000019
34518488100026
34522173300487
34523655800010
34524897500103
34527702400013
34528290900018
34529243700059
34529359100011
34529359100029
34530825800044
34531615200023
34534636500025
34535094600025
34535265200068
34535316300016
34535666100016
34536025900039
34539235100010
34540046900028
34540478400059
34738049500023
34739991700017
34741615800017
34741888100020
34741920200044
34742499600010
34744450700045
34745845700020
34748015400033
34748433900036
34749575600038
34750392200044
34751460600016
34753041200027
34753873800027
34755714200135
34756264700029
34758247000014
34758862600015
34760407600021
34760698000014
34761454700011
34761466100010
34761995900013
34762214400017
34765812200036
34766507700025
34767874000056
34767905200014
34768649500016
34769493700017
34771627600048
34772976600019
34774802200055
34776372400015
34776408600026
34776525700014
34776879800063
34777320200010
34778310200010
34779400000039
34779684900011
34780105200015
34780442900053
34784452400012
34787144400076
34787516300011
34789586400010
34790090400025
34791201600024
34792956400024
34796459500032
34799751200020
34801228700036
34802204700032
34802822600069
34804474400012
34805137600054
34805946000017
34807463400018
34808290000021
34808538200029
34808600000018
34809216400022
34814567300037
34814699400010
34815340400010
34816424500014
34820554300021
34820771300465
34822496500023
34823325500010
34823395800027
34825775900012
34826047200033
34828092600026
34829467900058
34830226600088
34833833600012
34835753400034
34836163500090
34836586700012
34837496800017
34838183100059
34840364300011
34840402100092
34840583800064
34841305500024
34841491300015
34841550601147
34842746900047
34842814500018
34843710400022
34850127100020
34850853200051
34851626100016
34852701100012
34853812500017
34857157100010
34858295800016
34861094000051
34861624400011
34861819000014
34862604500028
34863177100022
34863833900021
34865385800038
34866191900012
34872090500028
34872352900015
34872790000014
34874204000028
34874564700076
34877789700011
34877964600010
34878168300019
34879295300047
34880360200039
34880928600019
34882225500017
34882721300011
34884495200021
34885744200043
34885982800033
34886320000021
34887510500028
34888046900013
34888167300035
34888610200014
34889872700014
34892013300017
34892919100016
34894032100022
34894753200019
34894831600016
34895479300033
34895822400019
34901837400059
34903746500011
34903786100029
34905674700067
34906430300010
34906967400050
34907823800012
34907882400027
34908882300019
34909294000015
34909569500012
34911400900013
34912107900017
34913054200021
34913599600016
34913645700018
34915198500018
34918240200025
34920163200024
34920226700010
34920874400061
34923685100011
34924149700016
34924704900050
34926473900039
34928235000017
34928827400070
34929695400028
34930533400055
34930935100030
34933511700025
34934928200013
34935374800016
34936251700030
34937379500039
34937423100018
34938205100010
34939082300061
34939726500050
34939863600028
34940971400046
34943868900060
34944627800013
34945926300050
34946092300015
34947427000015
34949998800013
34950760800041
34950857200063
34951633600048
34953152500054
34954598800033
34954998000010
34955031900041
34958319500012
34960613700017
34965099400024
34966542200029
34966632100048
34966953100015
34966990300016
34967103200044
34969651800019
34970092200033
34970557400029
34971605000027
34971949200010
34973303000010
34973864100043
34975100800021
34975221200028
34975986000027
34977428100019
34980650500013
34984876200028
34985887800011
34985933000012
34986603800012
34987740700024
34988566500035
34988650700012
34988866900026
34989152300061
34989834600037
34990677600043
34992695600039
34993051100010
34994144300047
34994952900037
34996028600012
34996516000048
34997493101171
34999033300024
34999978900010
35000920500013
35002077200025
35003838600016
35004205700082
35005335100036
35005493800013
35007783000023
35008471100042
35008568400032
35008746600016
35009375300019
35011718000017
35012200800013
35015976000015
35016678100012
35019492400014
35019754700010
35020116600047
35020647000022
35020968000031
35021845900021
35022751800015
35024193100012
35029373400017
35029693500025
35029969900040
35030104000035
35030913400053
35030981100080
35031454800024
35031683200012
35032230100010
35033993300029
35034551800020
35036052500017
35036937700022
35037609100038
35037876600041
35038984700046
35039413600070
35039836800018
35042411500011
35042597100016
35043430400027
35044338800029
35044687800018
35045040900023
35046810400012
35047138900014
35048265900017
35051987200179
35056571900027
35058317500012
35059151700023
35059313300035
35059755500019
35060613300014
35063655100011
35063951400032
35067979100011
35068606900013
35073279800037
35073385300013
35073510600097
35074203700020
35075312500524
35076150800042
35077329700014
35077618300021
35079161201705
35080269000015
35080555200014
35081050300010
35082310000010
35083085700032
35086056500018
35086799000029
35087539900023
35088156100020
35089020800035
35089454900020
35091458600028
35091936100039
35092194600017
35092938600018
35093057400016
35093291900029
35093780100016
35094114200027
35094471600017
35094958200018
35096710500023
35097049700011
35100299300019
35100624200033
35101101000037
35102126600017
35103211500039
35103719700016
35103781700019
35103875700032
35104334400016
35105132100013
35105346700012
35105787200019
35106374800021
35106573500018
35108277100020
35109116000017
35109422200020
35110585300029
35111167900012
35111688400013
35112425000025
35113507400034
35115779700041
35116639200057
35117184800036
35118102900015
