34482237400015
34483648100020
34485067200017
34485822000025
34488939900012
34490411500054
34491253000039
34491390000017
34491579800021
34492617500037
34496135400018
34498591600065
34500677900010
34500996300058
34502551400034
34505821800016
34506020600025
34506372100038
34507438900015
34507547700017
34508617701687
34508617708112
34509284500030
34511552100030
34511714700016
34512187500016
34512744300025
34513048805875
34513048812533
34513048814620
34513048825519
34513048827754
34513048828752
34513051202994
34513672500065
34514250900016
34515890100032
34516599700023
34518519300058
34519285000021
34520175000014
34520806000011
34521166800016
34524598900040
34525070800038
34525517800013
34526253900041
34529594300012
34531737400022
34533446000101
34535202500026
34535530900013
34538354100033
34585053100046
34697070000024
34738457001498
34740365100016
34743969700017
34744992800014
34745325000065
34745513100040
34746118800059
34746499200036
34747368800047
34748019600026
34749926100019
34750240300053
34750377300017
34751924100033
34752105600056
34752600600015
34753324200017
34753734200011
34753804302697
34753804302705
34753849800028
34758201700021
34758954100015
34760064500076
34760907500036
34763500500015
34763680500017
34768107400063
34769824300065
34770007200015
34770205200015
34771695300026
34772057500013
34772201900028
34772536800018
34776196700020
34776326000044
34776970500018
34777680900019
34777796300021
34778574300019
34778711100017
34780600200346
34780608500036
34781643100022
34783546400020
34784888900015
34785057000040
34785367300015
34786701200028
34787532000017
34787545200018
34789962700017
34792657800092
34792671901637
