34481999000039
34482479200305
34483267000014
34484713200075
34486930000014
34487399700011
34488207100014
34488579300028
34488936500039
34489016500030
34489610500022
34490322400022
34491064100028
34493643000018
34495603200017
34496049700057
34499739000069
34499847100074
34500749600010
34500771000022
34501169600027
34502402000017
34505151000013
34506171700020
34507236700013
34508402400016
34508617700622
34509634100010
34509657200051
34509953500014
34511611500253
34512328500016
34512431700024
34512729400014
34513048803219
34513048812228
34513048815205
34513048820593
34513048821641
34513048823654
34513048824348
34513048825246
34513048827879
34513048828992
34513051202911
34514669000028
34515469400086
34516939500018
34518927800012
34521611300018
34521994300015
34522438000021
34522892800015
34525124300019
34525702600020
34525755400021
34526050900012
34527109200024
34528305500027
34530720100086
34530807600032
34532367900026
34533471800045
34534987200027
34536005100014
34537560400146
34538925800046
34738441400038
34739198900014
34741132400028
34742388100031
34742589400032
34742958100031
34743291600026
34743354200037
34744574400027
34745595800046
34745988500062
34746043800018
34748620100010
34749026000069
34749821400019
34750785700014
34751949800039
34752601400019
34753036200024
34753179000025
34753312700127
34753804301046
34753804302564
34753804303109
34754764800019
34755943700038
34756603600013
34757786800024
34758756000025
34761979300016
34764185400018
34765822100028
34767834400032
34772843800016
34773916100045
34774245400023
34777977900052
34778708700035
34779165900076
34779643500100
34781300800047
