34482479200370
34482719100018
34483200100012
34483879200010
34485241300022
34491558200011
34491668900013
34491704200014
34492760300011
34494206500022
34498340800057
34499715000018
34500602701954
34500636500034
34502972200054
34503939000033
34503983800023
34504916700041
34506640100026
34506663300032
34507841400033
34508476800018
34508617700564
34508617705100
34508617707304
34508669800031
34510744500065
34513048800223
34513048815684
34513048826160
34513048830212
34513051201186
34513973700026
34515430600012
34515489200011
34516445300028
34520319400013
34521082700019
34523583200028
34523832300017
34523963600029
34525041900024
34525132600038
34525635800010
34525686100021
34529761800018
34530502300045
34530688000930
34531257300032
34531566700013
34532685400196
34533281100016
34535118300552
34537512500019
34539588300035
34539984400025
34740970800034
34742566200025
34742653800026
34743611500013
34744572800012
34744741900016
34745757400015
34748130100021
34749007000039
34749042700023
34753804300329
34755889200019
34756843800019
34758166200017
34758701600010
34759007700033
34759717100011
34760191600013
34761507200035
34762631900052
34764295100011
34765852800018
34766698400039
34767275000077
34769519900013
34769841700032
34771120200023
34771319000036
34771882700053
34772031000015
34772841200011
34773551600010
34775673600018
34776153800045
34777352500014
34778483701828
34778721000025
34782100100026
34783979700011
34785189100023
34786319300012
34787006500021
34788629300013
34788927100024
34789820700126
34790481500011
34791632200030
34791758500015
34792001900010
34792671901579
