34482492500038
34482711800011
34483402300014
34485000300049
34486535700018
34487248600065
34487751900019
34487758400021
34488281600053
34489183300016
34490743100078
34490979100032
34491952700038
34492111900014
34492977300010
34493352800038
34494443400010
34496473900033
34496778100016
34497194000012
34499132800065
34499334000035
34499459500017
34501767700021
34502776700051
34503010000274
34504098400014
34505932300013
34506058600046
34506446300010
34507457900052
34508030300026
34508617705068
34508617705241
34509135900025
34509569900061
34510661100030
34510663700035
34512194100024
34512244400028
34513048811394
34513048813143
34513048814190
34513048817904
34513048820734
34513048822219
34513048823225
34513048830295
34513051202614
34513556000059
34513907500013
34518602700032
34520685800010
34521204700012
34523855400025
34526358600017
34527012800076
34527432800011
34527624000016
34529300500087
34531240900021
34531981800075
34534955900012
34535143100027
34536791600037
34539471200011
34539677400027
34539678200038
34540415600100
34658017800041
34698005500021
34738208700018
34739986700022
34740364400029
34745123900037
34745535400014
34746471100014
34749305800023
34750752700013
34751168500021
34753278000017
34754215100019
34754547700015
34755347100041
34755776100082
34756756200025
34756872700023
34762185600017
34762192200041
34762867900024
34763398400013
34764623400034
34765694400050
34766785900016
34767701500039
34768893900052
34769177600012
34769226100089
34769304600018
34770270600016
34770962800049
34771770400030
34775243800015
34776992900071
