34482907200026
34483785100023
34484131700011
34484760300026
34485397300016
34487133000033
34488548800025
34488689000013
34489166800065
34490896700070
34492412100025
34493386600016
34496253500011
34498013100017
34498137800021
34498171700012
34498428100040
34498647600010
34499230000048
34501229800039
34501738800025
34502004400029
34502647000053
34503675000023
34506107100022
34506975100013
34507875200010
34508087300143
34508443800018
34508617701265
34508617706280
34509664800018
34510773400021
34510897100010
34512222000014
34513048803581
34513048808663
34513048811311
34513048825618
34513048827440
34513127000026
34513297100010
34513351600038
34515215100014
34515471000072
34518818900012
34518964100029
34521486000016
34521915800010
34522034700032
34523329000013
34526223200019
34526717300044
34529554700029
34530873800011
34532350500015
34533577200025
34533630900066
34533948500038
34535118300446
34536182800063
34536649600064
34538294900047
34538854000022
34539314400042
34539487800044
34738457002785
34739418100049
34739558400019
34739883600036
34740981500011
34742792400019
34742893000023
34743634700038
34745644400012
34745815000021
34748406500029
34748527800035
34748531000051
34753140200035
34753759900081
34753951200017
34754110400027
34754538600018
34754885100026
34756050000030
34756504600021
34758097900040
34758829500027
34760271600172
34760795400018
34761447100022
34762701000031
34762947900028
34763160800010
34763457800038
34763568200029
34764944400028
34767477200020
34767597700024
34767614000028
34769443200019
34771292900012
34773620900029
34775511800010
34775919300019
34777214700026
34777969600017
34778428200027
34779302800015
34779703700012
34780600200171
34781496400073
34782993900029
34783320400014
34785523100036
34785576900068
34785585000033
34789831400013
34790200900013
34791718900032
34792362500037
