34482030300032
34483689500039
34485019300014
34488218800024
34489516400020
34491799200010
34494707200049
34496611400029
34498614600019
34498775500016
34500280200030
34500477400021
34500602701855
34500628200015
34501048200056
34501762800016
34503554700016
34504037200020
34504203000030
34505285600019
34505438100016
34506067700019
34506569200021
34507015500014
34508145900397
34508617703659
34508617704822
34508617705464
34508617706884
34508715900041
34509321500019
34512568600039
34513048804084
34513048805966
34513051202457
34514520500034
34515002300017
34515819000040
34518489900077
34519273600063
34519647100014
34521008200029
34521583400010
34521712900013
34524003000022
34524482600052
34525793500014
34527206600027
34527740400025
34528469900070
34529177700026
34530163400035
34536237000016
34539148600023
34738057800018
34738457002843
34738457002967
34739217700015
34740082200024
34740550800032
34741706500021
34741930100010
34742426900012
34742506800041
34743799800029
34750208000026
34750401100037
34752276500010
34752549500011
34752680800022
34753599900010
34754052800010
34754287000030
34755677100025
34757522700017
34757618300011
34757618300029
34760646900034
34760914100010
34763395000022
34763544300042
34765627400045
34765778500031
34766687700035
34766977200019
34766991300019
34767547200034
34768038100030
34768530700014
34768912700079
34769665000055
34770670700036
34770911500021
34771329900043
34771623500036
34774042500033
34776925900032
34778417500023
34780301700016
34780600200510
34783246100052
34783316200063
34784732900013
34784909300013
34785372300026
34788132800038
34788594900037
34789360400020
34789390100020
34790135700033
34790998800029
34792671903302
34792789900018
34793941500118
34794997600034
34795133700018
34795232700018
34796553500029
34796774700028
34797148300024
34797731600020
34798220900020
34798320700056
34798560800012
34799345300013
34800491200039
34804794500012
34805816500344
34808688500012
34808938400013
34809310500016
34809525800011
34811431500024
34812813300033
34813299400024
34813666400011
34813667200048
34813797700024
34814217500036
34816046600051
34816233000024
34816821200069
34817894800017
34820389400038
34821736500025
34822329800038
34823880900027
34825544900020
34826017500016
34826926700061
34829470300023
34830410600068
34831507800025
34832458300015
34833455800015
34833895500035
34837637700027
34839580700020
34839750600018
34840782600059
34843862300038
34843935700156
34845296200023
34846072600030
34846249000015
34847138400027
34848238100012
34848269600013
34851021500018
34855064100065
34856369300038
34856944300032
34857733900032
34859865700040
34860588200011
34860851400017
34862986600016
34867062100047
34867416902270
34867440900019
34870215000015
34870787800032
34871379300100
34872035000043
34872493100012
34873972300024
34875288200012
34875744400016
34875819400016
34875865700053
34876112300010
34879384500077
34886745800013
34887920600012
34888132700012
34888331500536
34889220900019
34890341000010
34890640500017
34891129800019
34892625400023
34892852400019
34892899500011
34893988500037
34898005300022
34899381700017
34900149500010
34901242700036
34901318500104
34905684600018
34906112700024
34907621600010
34907694300035
34907890700012
34908033300017
34908338600053
34908963100015
34910225100015
34911001500014
34916148900019
34916621500013
34919616200029
34919851500018
34920697900040
34922542500033
34923306400014
34930365100062
34936482800021
34936602100013
34938966800014
34939165600015
34941402900026
34942587600035
34942867200019
34943094200251
34944013100028
34944839900015
34945810900015
34945854700032
34948099600025
34948383400017
34949032600015
34949979800057
34950839000011
34953065900029
34953397600024
34954036900015
34958706300026
34960953700056
34961640900026
34961990800016
34962438700016
34966004300036
34968190800019
34970605100019
34972028400026
34972142300029
34973096000029
34973879900015
34973947400022
34975215400014
34975855700012
34976538800013
34977889400015
34978480100038
34981449100032
34981889800026
34982787300036
34983183400040
34986959400300
34988719000016
34990068800012
34991458000015
34991753400019
34994850500038
34995523700012
34996137500012
35000866000010
35000873600018
35001960000039
35002549000011
35003441900043
35003925100037
35004545600026
35004628000052
35006085100028
