34482047700026
34482472700020
34483644000018
34483915400046
34484100200027
34486894800037
34487847500021
34488031500033
34488131300011
34488801100014
34491445200018
34491476700019
34494843500013
34496221200017
34497281500015
34498909000024
34504294900023
34507824000016
34508087300101
34508383600022
34508617704160
34508617707783
34511959800018
34512247700010
34512365700040
34513048807673
34513048826178
34513048826483
34513048829354
34513051203034
34513778000028
34513961200013
34514701100018
34514724300025
34517361100012
34520532200018
34524238200017
34524621900017
34525492400110
34526018600027
34529351800030
34529514100039
34529785700020
34530688000518
34531237500115
34533672100013
34534603500040
34535118300339
34537040700032
34537328600037
34538702100099
34538848200027
34540914800060
34738457002090
34738570000013
34741762800042
34742435000028
34742638900032
34744983700058
34745770700029
34746410900011
34747056900018
34749688700147
34750065400012
34750608100038
34753312700143
34753804301137
34753943900021
34756693700038
34758223100689
34762133600010
34762228400029
34763274700015
34764816400015
34765311500035
34765378400046
34766190200200
34766573900020
34766722200017
34772052600016
34773055800066
34773443600020
34777501700051
34780289400035
34780889100019
34782637200018
34783933400039
34784888900031
34785294900010
34785457200034
34786260900034
34787462000029
34792020900058
34792249400013
34792376500015
34792548900036
34793273300046
34798492400022
34798795000057
34799090500056
34800489600034
34800713900051
34800768300017
34801403600027
34801816900014
34801856500013
34803493500026
34803621100020
34804502200079
34804621000061
34806377700018
34807372700029
34807615900022
34811847200011
34818297300209
34818895400013
34819426700020
34819897900018
34820501400049
34821795100022
34826555400025
34827162800052
34827235200025
34828084300031
34829989200094
34830317300036
34830410600043
34830972500011
34831112700032
34831128300041
34831495600049
34832431000013
34832525900029
34836804400023
34837934800017
34838000700057
34838116100036
34839148300016
34839415600031
34839567400016
34839792800030
34840905300025
34842538000014
34843037200022
34843105700010
34845103000038
34845274900057
34845333300034
34845659100034
34848647300021
34850106500018
34853359700046
34853708500048
34853960200014
34854468500020
34857593700019
34857842800016
34858243800035
34858413700015
34859441700019
34859900200014
34860917300029
34861415700033
34862887600040
34863107800030
34865168800015
34867416906305
34868526400015
34868966200032
34870378600015
34870430500013
34870722500044
34872673800035
34875728700035
34876563700023
34877393800025
34878579100016
34878670800019
34879524600043
34880318000010
34882533200011
34883638800010
34884325100011
34885943000053
34887119500023
34887513900035
34890030900017
34890847600115
34891030800041
34891959800022
34892205500176
34892552000010
34892858100019
34893873900060
34894262400027
34895207800015
34898926000016
34899155500718
34900015800056
34900746800029
34901593300014
34902148500017
34903797800047
34904468500049
34905097100010
34905184700011
34905332200013
