34482699500013
34482811600022
34486469900022
34486828600032
34487112400014
34491152400017
34495568700019
34495732900016
34496991000035
34497098300054
34498005700121
34498188100057
34499234200024
34499259900011
34501042500022
34502075400031
34502453300019
34505042100022
34506216000048
34507774700037
34508617703360
34508617707361
34510367500012
34510512600022
34510994600029
34511244500019
34512380600027
34512851600068
34513048820940
34513048824785
34513048826210
34513048826301
34513048828273
34513048828307
34513051202044
34513150200014
34513543800025
34514529600066
34514842300048
34515065000017
34515220100017
34517242300047
34517764600022
34518032700016
34518643100010
34519520000018
34521699800020
34522312700019
34524058400051
34524340600013
34524381000024
34524429700023
34525076500012
34525214200046
34525663000103
34525744800026
34530484400029
34530681500035
34531697000010
34532255600027
34532907200028
34534799100019
34536538100028
34537830100021
34538256800011
34538272500082
34540337200021
34581222600024
34671061900021
34738403400059
34738457000888
34740211700019
34740256200032
34741549900016
34741580400017
34742204000035
34742413700052
34745564400026
34746811800018
34747743200046
34749664800010
34749916200043
34751229500028
34753506400013
34753804300204
34754233400029
34754443900016
34755945200037
34757665400037
34762956000033
34765299200046
34766378300012
34767015000114
34769191700012
34771246500025
34771726600014
34771791000017
34772664800038
34773566400091
34774842800013
34775231300010
34776543000041
34778347400039
34778421700015
34779546000034
34781364400023
34783861700046
34784185000022
34785326900079
34785725200014
34785752600045
34786222900031
34789203600018
34790663800031
34791797300013
34792960600015
34794203900012
34794966100024
34795318400038
34795411700037
34796566700038
34799752000015
34801390500156
34802265800036
34803256600021
34803998300013
34805148300025
34806038500013
34806504600115
34807639900032
34810304500020
34810764000057
34813410700021
34813879300032
34813928800016
34814127600017
34814481700015
34822355300036
34822648100029
34825893000018
34826578600015
34831971600026
34833443400019
34834206400048
34835675900012
34836687300035
34836785500015
34838159100026
34838172400015
34843168500018
34843623900019
34843822700012
34844290600049
34845473700027
34846980000034
34848140900012
34849868400029
34851041300035
34851947100026
34852176600025
34852416600025
34853428000022
34853525300036
34855599600027
34855980800012
34857020100023
34857583800027
34859043100022
34862504700033
34865440100010
34865459100034
34866011900051
34867416904318
34869614700035
34869654300019
34869739200051
34870864500018
34870971800038
34871427000025
34872712400011
34873678600016
34874153900012
34874344400021
34876097600038
34877242700020
34879073400019
34879129400021
34879251600018
34879389400059
34881341100025
34886173300023
34886790400172
34888202800015
34890114100021
34892134700012
34894625200049
34894712800057
34894737500021
34894875300028
34896252300018
34896711800020
34898336200016
34899155500551
34899570500046
34900127100015
34900841700017
34902141000049
34903019700025
34903298700035
34903480100069
34904829800047
34905353800014
