34483529300012
34484931000026
34485196900024
34489545300027
34490650800041
34493657000037
34494368300013
34495876400039
34496783100043
34496822700019
34497674100019
34498332500020
34501200900055
34503422700016
34504220400015
34504406900036
34505628700013
34507755600024
34508617700457
34508617700481
34509139100044
34512358200032
34512505800023
34512551200037
34514004000055
34514187300041
34514464600055
34515053600018
34515751500015
34516663100019
34518037600021
34519967300038
34526564900078
34527774300018
34529287400053
34531218500019
34533623400058
34535118300560
34535118300628
34536948200020
34538112300016
34540178000019
34540336400010
34540415600035
34540652400016
34608009600032
34635010100116
34738671600018
34740230700115
34742634800061
34743801200044
34744931600020
34752544600022
34753346500048
34753804300055
34753804300253
34753804302549
34753804302663
34754197100045
34758362700018
34760271600131
34761435600025
34761535300021
34762775400018
34762796000037
34764353800031
34764707500022
34767015000163
34768458100023
34769056200017
34769560300014
34769633800024
34770664000013
34771132700010
34771472700018
34774035900018
34775656100010
34776426800012
34776607300048
34781992200019
34785273300018
34786410000032
34787440600031
34788297900029
34788912300019
34789046900039
34789696100013
34790476500018
34790512700028
34790693500015
34791404600029
34792627100029
34792671902379
34792671903187
34792829300013
34795362200037
34795611200028
34796096500015
34797709200027
34798425400057
34798734900011
34800633900017
34801318600013
34802200500014
34803072700047
34804300100018
34805914800034
34807565600036
34808004500035
34808345200055
34811477800015
34811874600026
34812964400012
34815090500019
34816173800037
34816219900049
34816296700023
34816951700011
34817200800032
34817326100010
34818294000026
34820464500017
34820867900038
34822146600074
34822525100068
34822880000044
34823429500015
34824170400017
34824658800043
34825079600011
34825133100016
34828568500031
34828986900045
34833582900043
34834224700015
34836634500174
34839282000026
34839389300063
34841550601436
34842187600064
34842511700069
34842747700024
34843680900019
34843681700012
34844574300027
34844931500020
34846019700026
34846197100015
34847395000056
34849159800028
34849220800023
34849855100020
34851150200018
34851896000029
34852796100018
34852935500052
34853359700038
34853377900016
34853389400047
34853455300030
34854372900019
34854661500025
34855352000019
34855574900087
34855585500025
34855616800014
34855707500028
34856750400082
34857468200020
34859714700019
34860587400042
34860741701178
34862321600010
34863292800019
34864084800027
34866538100011
34867416903120
34868127100014
34868376400016
34871333000036
34872589600016
34874503500017
34874690000037
34876638700016
34876864900025
34877011600062
34877945500032
34879383700017
34879745700028
34880813000010
34883175100063
34883584400013
34884512400034
34884753400016
34885137900027
34885386200038
34886022200010
34887820800035
34888582300016
34890125700058
34891017500010
34891155300017
34891418500049
34891632100022
34892373100015
34892969600014
34893451400020
34896100400010
34896791000046
34898074900033
34898972400011
34899155501799
34899754500036
34901416700010
34902357200010
34902604700010
34904154100013
34905178900015
