34482761300011
34484029300023
34484163000033
34484374300065
34484374300495
34484508600018
34486510000053
34487406000025
34487845900033
34488059600046
34488282400057
34488606400015
34488747600010
34489106400018
34489124700035
34489613900013
34490866000030
34491861000017
34492647200046
34493235500011
34495919200057
34496326900016
34497795400033
34497950500023
34499474400011
34500148100018
34500470900019
34500602701475
34502836900014
34503030800034
34504176800028
34505584200032
34507064300019
34510585200023
34512003400011
34513048808812
34513048824074
34513048826426
34513048827077
34513048828513
34513611300023
34514258200039
34514869600015
34518154900022
34520093500012
34520920900021
34522793800023
34524848800016
34524857900020
34525926100039
34527068000019
34528493900013
34528984700013
34533037700044
34533115100018
34534444400012
34534590400030
34535392400011
34535717200021
34538448100015
34538701300013
34539689900022
34738062800029
34739224300015
34739598000068
34740112700019
34740637300014
34741183700029
34743589300032
34743748500027
34743920000515
34744734400032
34746557700034
34748516100033
34749270400023
34753109700041
34753224400022
34753804300659
34754270600028
34755115200056
34758069800020
34758973100012
34759898900015
34760569300030
34762008000015
34762818200029
34762971900027
34764000500026
34764011200012
34765457600011
34766295900076
34766963200072
34767930000033
34769375600020
34770929700027
34771202800039
34771496600020
34771652400025
34771732400052
34772719000022
34773025100035
34774170400022
34774240500025
34774654700046
34775660300051
34776391400061
34778619600019
34778678200024
34779527000037
34780205000018
34780600200130
34781009500013
34781539100029
34782216500044
34783033300097
34783125700014
34783146300026
34783627200026
34783677700099
34784142100030
34784457300019
34785468900028
34785735100048
34787488500051
34787941300024
34788509700035
34788664000015
34789237400021
34790645500014
34790797400021
34793249300039
34793400200010
34793998500060
34794535400012
34794601400011
34796571700031
34796896800060
34796946100032
34797881900014
34798758800022
34799790000027
34801932400030
34803419000010
34807533400030
34808142300025
34809229700046
34809840100014
34809998700102
34814016100020
34815304000079
34816866700155
34817217200028
34818991100020
34821625000046
34822919600038
34822979000012
34823218200025
34823605000038
34827444000026
34830646500041
34831600100018
34831657100101
34832136500010
34832251200024
34837168300023
34839603700049
34840287600042
34841186900012
34842592700038
34842854100018
34843545400023
34844026400037
34846375300015
34846742400027
34847786000038
34847992400022
34848301700029
34848699400026
34848945100024
34850099200014
34851191600028
34851572700033
34853189800057
34853243300011
34856842900016
34859409400016
34860059400017
34860741700519
34860741701111
34862845400020
34863082300022
34863173000044
34866877300016
34867823600012
34868117200014
34868817700016
34868913400024
34869858000043
34869897800163
34870295200055
34871275300014
34871532700014
34873349400028
34873395700016
34875133000013
34875584400027
34875943200019
34877875400013
34878810000041
34881069800012
34883270000010
34883818600016
34884052100010
34886722700012
34888332300019
34889714100035
34890751000039
34894944700018
34895666500072
34896974200017
34899500200014
34899732100024
34900456400010
34901012400023
34901142900017
34902505600012
34903754900012
34903860400014
34903958600012
34906645600022
34907017700036
34907135700017
34908461600029
34908616500033
34911510500018
34912065900017
34912601100015
34912673000028
34912839700016
34913953500018
34914039200052
34915358500030
34916222200013
34916601700013
34917575200030
34918131300033
34918972000114
34919709500012
34923415300014
34924607400018
34928090900095
34928987600014
34930568000028
34930708200017
34931500200031
34933906900024
34934419200027
34935457100011
34935713700018
34939598800042
34942244400027
34945794500013
34946885000012
34947336300027
34948135800027
34948495600033
34948893200014
34949307200020
34949406200012
34950157700010
34950772300030
34951562700017
34952090800055
34953373700046
34953590600011
34954064100017
34954251400048
34954966700021
34955929400013
34956161300044
34957326100030
34958779000016
34958905100060
34959512400034
34960381100044
34960519600055
34961449500019
34963426100060
34965541500025
34966010000034
34967689000016
34968923200016
34969959500014
34970082300025
34972221500044
34972371800038
34973097800013
34975993600017
34976410000047
34977252500011
34978419900052
34978813300024
34979410700012
34979436200013
34979916300010
34981051500016
34981271900020
34982881400047
34986015500010
34990282500018
34991275800050
34991728600016
34992245000045
34992785500024
34993027100011
34993919900023
34994222700019
34996031000010
34998913700014
35000113700016
35000412300013
35000423000016
35000706800017
35003724800092
35005053000012
35005409400072
35007048800043
35009181500034
35009415700020
35009799400015
35010971600018
35011519200014
35011867500056
35011898000035
35013381500018
35016044600018
35016149300035
35016177400038
35016606200017
35016914000026
35021882200038
35024652600023
35025622800015
35026389300058
35027291000018
35028049100019
35028156400020
35028903900041
35029832900011
35030322800018
35030442400053
35030483800021
35030987800014
35032270700034
35034306700079
35034739900031
35036572200015
35037003700052
35037925103575
35038581100020
35038968000041
35039975400117
35040478600021
35040576700020
35042258000018
35042622700012
35042643300057
35043319900014
35044031900019
35046825200019
35046964900015
35048380600039
35048493700023
35051002000026
35053071300014
35055447300016
35055924100038
35056225200014
35058176500038
35058681400054
35059817300010
35061903700020
35063161000010
35063320200014
35063598300025
35063885400025
35064467000027
35065769800246
35066365400019
35067754800033
35068346200021
35069580500043
35070653700064
35073043800016
35078037500019
35082202900012
35083143400039
35083327300013
35085316400043
35085492300033
35086462500024
35087191900048
35088084500085
35088430000053
35089127100057
35090404100018
35091381000015
35092071600031
35092081500049
35095496200014
35098010800012
35098308600025
35098487800016
35099589000026
35103059800020
35103159600015
35103539900028
35104603200022
35106523000010
35107075000069
35107120400025
35108404100018
35109172300012
35109938700034
35110069800031
35111555500010
35113182600049
35113857300016
35115321800026
35116448801368
35116448802762
35117152500014
35118004700026
35118791900011
35119111900251
35119439400026
35119647200036
35120253600014
35120408600018
35122672500023
35123484400030
35123872000020
35124152600042
35126297700017
35127044200046
35127733000012
35128606700019
35129746000013
35130287200053
35131706000017
35132126000025
35132434800025
35133455200038
35134333000020
35136753700054
35138014200023
35138241100038
35138349200011
35138648700042
35139454900015
35139683300011
35140420700018
35141930400057
35142322300053
35142329800014
35142659800022
35143702500015
35144208202148
35144208204706
35144730500035
35145101800037
35148679000014
35150657100022
35153418500019
35154328500032
35154744300033
35154966200028
35155222900012
35155389600033
35156057800012
35157215100014
35157288800219
35157713500087
35157942000024
35158277000043
35160396400013
35161039900047
35161664400073
35162505800042
35163000900600
35163000900873
35163412600020
35163796200017
35164405900013
35164793800023
35165446200024
35167038500043
35167285200016
35170529800047
35171289800029
35171974500025
35172090900016
35173177300013
35175025200014
35177133200019
35178649600049
35179931700018
35180417400024
35182662300016
35183740601128
35183740602076
35184299200023
35184796700020
35186566200016
35186769200490
35186960700017
35186975500014
35187898800010
35189017300021
35192559900026
35195144700074
35196589200067
35196615500027
35198314300030
35201721400011
35202719700016
35203781600043
35206036200014
35207586500019
35207660800012
35208014700221
35209420500015
35209546700010
35210838500068
35212855700019
35212869800011
35216504700015
35217142500023
35217409800017
35217560800061
35218460000034
35218588800034
35219178700022
35219300700700
35222475200050
35222520500025
35223028800032
35224598900020
35225367800028
35226993000025
35227020100028
35227902000023
35228821100019
35229304700051
35230377000031
35231040300022
35231317500015
35232191300035
35232434700025
35232984100022
35234661300016
35236723900899
35237074600021
