34483355300037
34485735400031
34486695900069
34486925000011
34487010000114
34487420100017
34488401000044
34488850800027
34489339100013
34490187100048
34493598600028
34494131500030
34494636300043
34497164300020
34497171800012
34497528900028
34497634500019
34498159200043
34501382500012
34502393100024
34502401200014
34503941600804
34505537000026
34506414100020
34506635100023
34508617702131
34508617703121
34508617706223
34509540000056
34509650700016
34510829400074
34510909400051
34511057100014
34512115600011
34513048814679
34513513100182
34514894400019
34518797500072
34520138800013
34520185900047
34520607200042
34520636100023
34522013100014
34522566800051
34523765500047
34524376000013
34526429500014
34527903800029
34528201600392
34530893600060
34531772100057
34535595200010
34536611600035
34537488800013
34538082800011
34538301200019
34538474700019
34538959700039
34540216800040
34540684700011
34738457000797
34741614100013
34743591900019
34747911500011
34748196200020
34749242300012
34749360300018
34753804302614
34754158300030
34757604300017
34759147100011
34759588600016
34761510600015
34761974400076
34763192100017
34765203400039
34769528000011
34770450400021
34774133200014
34775442600018
34776182700018
34776667700087
34777004200013
34780554100021
34782740400042
34782882400032
34783883100019
34784065400029
34784357500023
34785729400024
34786034800015
34786156900031
34786657600098
34786713700015
34786727700019
34786799600022
34787122000021
34787979300052
34791047300037
34791301400010
34794871300032
34794949700080
34795290500029
34795429900025
34795557700015
34795567600056
34797279600010
34797446100019
34799484000036
34799821300057
34803458800031
34804434800665
34804916400026
34807678700038
34807750400028
34808742000025
34809440000010
34811754000032
34812474400023
34813208500013
34813440400014
34814338900024
34814366000028
34815391700029
34815634000021
34816883200015
34817748600035
34819193300038
34819379800025
34820675600010
34822843800019
34823225700033
34823591200030
34823744700019
34825611600032
34832654700018
34833678500061
34834701400014
34835066100016
34835218800034
34835475400031
34837571800015
34838359700013
34839062600201
34839828000019
34840109200013
34840389000018
34843063800083
34846050200027
34846505500013
34846711900031
34848299300022
34848801600026
34849026900076
34849105100010
34850079400014
34850124800028
34850388900019
34851444900027
34853632700011
34856245500025
34856308100077
34857464100018
34858310500021
34859689100021
34865013600032
34865180300010
34865988900052
34866514200041
34867416904441
34867416906107
34870516100068
34874089500019
34875352600014
34876057000047
34876632000017
34878315000017
34879682200024
34884245100059
34886075000028
34888370300012
34889141700019
34889679600029
34889805700024
34890880700012
34891533100014
34892621300052
34893464700010
34893638600732
34894715100018
34895286200012
34897944400034
34899904600017
34900231100018
34903378700061
34904771200097
34904932000014
34905012000022
